mu_1: 2.0056607286842548e-6
P_1: 224.70092260365368
t01: 2.4335037640771037e6
e1 cos(om1): -0.016908525642147884
e1 sin(om1): 0.0023390712375832698
mu_2: 2.5561992649664943e-6
P_2: 365.2573136998058
t02: 2.433624397582525e6
e2 cos(om2): -0.010087779338033242
e2 sin(om2): 0.00010572257792964785
mu_3: 0.0046984372566606265
P_3: 4910.571995859241
t03: 2.4349326784197306e6
e3 cos(om3): 0.04696930473274753
e3 sin(om3): -0.030037197238274103
