mu_1: 2.0515754250567894e-6
P_1: 224.70081914361003
t01: 2.433503765008781e6
e1 cos(om1): -0.013953405670867659
e1 sin(om1): -0.007830252887213444
mu_2: 2.8671764013628754e-6
P_2: 365.2566971844314
t02: 2.4336244011943717e6
e2 cos(om2): -6.395644729909003e-5
e2 sin(om2): -0.004097148689872569
mu_3: 0.0022576813890094294
P_3: 4760.194688879315
t03: 2.439626520558241e6
e3 cos(om3): 0.043166455088334825
e3 sin(om3): -0.026937702453603888
