mu_1: 2.4687988646181474e-6
P_1: 224.70077653143449
t01: 2.4335037654420873e6
e1 cos(om1): 0.0023607451607890293
e1 sin(om1): 0.0004881633719747305
mu_2: 3.0641748333127533e-6
P_2: 365.2564517320177
t02: 2.433624402260292e6
e2 cos(om2): 0.015453831410087222
e2 sin(om2): 0.0028807965487974065
mu_3: 0.00083429676374179
P_3: 4235.92324162444
t03: 2.4390496067574443e6
e3 cos(om3): 0.02277573929046269
e3 sin(om3): -0.03868288410878667
