mu_1: 2.59614714566432e-6
P_1: 224.70075475833875
t01: 2.433503765345944e6
e1 cos(om1): -0.03142842114484578
e1 sin(om1): 0.02028086801411156
mu_2: 2.3484685827598476e-6
P_2: 365.25651199382287
t02: 2.433624402001397e6
e2 cos(om2): -0.00317950178138503
e2 sin(om2): 0.011468270110287114
mu_3: 0.0017705082544403194
P_3: 4118.095483550684
t03: 2.4387921384240403e6
e3 cos(om3): 0.09908234651527963
e3 sin(om3): -0.03036769743781889
