mu_1,P_1,t01,ecos1,esin1,mu_2,P_2,t02,ecos2,esin2,mu_3,P_3,t03,ecos3,esin3,lprob
2.270038798797928e-6,224.70078321453346,3503.7654187516673,-0.008546954401696505,-0.007071621426812535,2.877837445495337e-6,365.2564848861319,3624.401744984254,0.005424121078672283,-0.00303464554373732,0.0009587058966853837,4090.8000000000006,816.7446954091474,0.039836933440800144,-0.05631336804100405,-140.4684108084712
2.269803467605248e-6,224.70078322306637,3503.7654186463205,-0.00850707044684793,-0.007053096953540605,2.8781330885765882e-6,365.25648485907305,3624.4017456152455,0.0054564033411913775,-0.003018123878072225,0.0009602767851172958,4092.2185174354113,814.276287442903,0.03995533111573069,-0.05622187586388652,-140.40925448778356
2.2695688804579666e-6,224.7007832315101,3503.765418542645,-0.008466690143996224,-0.0070354853734489395,2.8784324046703186e-6,365.25648483149456,3624.4017462551956,0.005489089389214222,-0.003002406229433944,0.0009618184313317525,4093.6375267530248,811.8152605214594,0.040069678564800176,-0.056131278448789304,-140.35086773449058
2.269335975290292e-6,224.7007832398811,3503.765418440445,-0.008426465611867232,-0.007017597502447315,2.8787307378160087e-6,365.25648480334496,3624.4017469039063,0.005521655112101265,-0.00298647468573766,0.0009633625002413032,4095.0570281234045,809.349846632304,0.04018404220663894,-0.05604072311942049,-140.2932550367877
2.2691038609114905e-6,224.7007832481466,3503.7654183402697,-0.008385809660914102,-0.007000374501951487,2.8790332513754845e-6,365.2564847744753,3624.401747563579,0.005554601484533837,-0.002971160038428033,0.0009648845936569793,4096.477021717179,806.8916213763822,0.040295181064869685,-0.05595032887802906,-140.23642087268595
2.268872809010689e-6,224.70078325635203,3503.7654182412934,-0.008345367169135458,-0.006983178742610733,2.879334559280299e-6,365.2564847451204,3624.4017482313343,0.005587387089216809,-0.0029558858843725553,0.0009663980946156229,4097.897507705021,804.4312469802635,0.040404941291441426,-0.05586053694959796,-140.18036960893255
2.2686465726190974e-6,224.70078326449095,3503.7654181434946,-0.008304673022293499,-0.006966141749940112,2.8796371145755314e-6,365.2564847152832,3624.4017489074813,0.005620361301575467,-0.0029407785657904603,0.0009678951990297756,4099.318486257677,801.9691513136676,0.04051273340342215,-0.055771714366246374,-140.12510553916053
2.268419133593648e-6,224.70078327252284,3503.7654180478135,-0.00826371120909625,-0.0069495733025934665,2.8799428017877634e-6,365.25648468473645,3624.4017495941707,0.005653589722098696,-0.002926116144968095,0.000969376992384582,4100.739957545948,799.5135843806833,0.04061804877814397,-0.05568270726641682,-140.0706329116064
2.268205021383604e-6,224.70078328054115,3503.7654179520555,-0.008222632007911417,-0.006932572494524378,2.880247620135342e-6,365.2564846538383,3624.4017502881634,0.0056868833808004825,-0.0029111087124287878,0.0009708446037929305,4102.161921740693,797.0453594909017,0.04072239793495021,-0.05559573067020197,-140.01695589696223
2.267991458219892e-6,224.70078328847524,3503.7654178580265,-0.008181593890331539,-0.0069156617184846616,2.880552906315284e-6,365.2564846223523,3624.401750991169,0.005720168803872776,-0.0028962106647141784,0.0009723054895120378,4103.584379012832,794.5777090088062,0.040825476246764976,-0.055508783693034434,-139.96407856466993
2.267771608351577e-6,224.7007832962687,3503.7654177668323,-0.00814011925722944,-0.006899821896113656,2.8808627966563294e-6,365.2564845901781,3624.4017517045977,0.005753818821156088,-0.0028822780623689623,0.0009737399867371712,4105.007329533344,792.1240012201765,0.04092442958758762,-0.055421605137105485,-139.91200495213744
2.2675526502544035e-6,224.7007833039841,3503.7654176773976,-0.008098806719611272,-0.006884089473287407,2.881172142022671e-6,365.2564845574122,3624.4017524272053,0.005787381411395531,-0.002868446318823411,0.00097517269917271,4106.430773473269,789.6700850540473,0.0410227423429022,-0.05533432049086395,-139.8607389774225
2.267349841745805e-6,224.70078331170205,3503.765417587401,-0.008057290649664556,-0.006867627906350357,2.8814807177638913e-6,365.2564845243617,3624.4017531563513,0.0058210580771144525,-0.0028540315265425287,0.0009765901362244623,4107.854711003699,787.2003860415233,0.04112030996006248,-0.05524940815037381,-139.81028449642707
2.267139191813622e-6,224.70078331925995,3503.7654175008306,-0.00801539657014813,-0.0068524672074040905,2.881794542874716e-6,365.25648449048816,3624.40175389704,0.005855105896070339,-0.002840779138283982,0.000977986189901499,4109.279142295791,784.7489064180294,0.04121385113598293,-0.05516345361328036,-139.76064531521294
2.2669353627947177e-6,224.7007833267833,3503.765417414812,-0.007973636058587676,-0.006836670837802143,2.882106450309689e-6,365.2564844562336,3624.4017546449304,0.005889020601465423,-0.002827012983141266,0.0009793775556734697,4110.704067520764,782.286834394882,0.04130741591442545,-0.05507864428430862,-139.71182511739502
2.26672907580982e-6,224.7007833342066,3503.7654173307715,-0.007931759972853404,-0.006821362376175906,2.8824201495605552e-6,365.2564844213998,3624.401755401875,0.005923042577543837,-0.0028136994836696345,0.000980752012768488,4112.12948684989,779.8302866456,0.04139836270408026,-0.054993915316724616,-139.6638275383944
2.266535672843852e-6,224.70078334159354,3503.765417247396,-0.00788975138707026,-0.006805797776622246,2.882733606172514e-6,365.25648438615247,3624.401756166778,0.005957167075229917,-0.0028001749641529856,0.0009821196646748079,4113.555400454506,777.3623260001544,0.041489064208015285,-0.054910688367945396,-139.61665609857926
2.2663316508261553e-6,224.70078334882945,3503.765417167245,-0.007847491301515854,-0.006791296831998255,2.8830511621159898e-6,365.2564843501903,3624.4017569417956,0.005991537400814039,-0.0027876201786673337,0.0009834674957510216,4114.981808506005,774.9126735849792,0.04157606380329167,-0.05482634669419531,-139.57031428811257
2.2661420644222844e-6,224.70078335604174,3503.7654170871842,-0.007805057792203002,-0.0067762445813602905,2.88336849706849e-6,365.2564843138236,3624.40175772482,0.006026021983720396,-0.0027746403483317815,0.0009847984679186637,4116.4087111758445,772.4503174947595,0.04166203936285508,-0.05474393653305419,-139.5248054606348
2.265956375578406e-6,224.70078336319764,3503.7654170082424,-0.007762609481185945,-0.00676126920379552,2.8836858444199813e-6,365.25648427699537,3624.401758515568,0.006060538129774091,-0.002761744203244496,0.0009861204782174273,4117.83610863553,769.9861932372321,0.041746742235562906,-0.05466207593228551,-139.48013291387238
2.2657732022117442e-6,224.7007833702517,3503.7654169312123,-0.00771989124831913,-0.006746499673762734,2.884005321471038e-6,365.25648423958967,3624.401759315719,0.006095264859161601,-0.002749082813699978,0.0009874231498654723,4119.2640010566365,767.5238747391261,0.041829105490399664,-0.05458069004362274,-139.43629987728616
2.265588048714793e-6,224.700783377201,3503.7654168563977,-0.0076769560536369555,-0.006732235603403101,2.884327558935624e-6,365.25648420159297,3624.401760124947,0.006130197800168604,-0.0027368932848009105,0.0009887130282270605,4120.692388610796,765.0682709226762,0.04190937048946746,-0.054499093207996674,-139.39330946766475
2.265417813215989e-6,224.70078338414694,3503.765416781407,-0.007634148342537933,-0.006717233821985225,2.8846470370163424e-6,365.2564841632795,3624.4017609410776,0.006165003469398355,-0.0027240970286610817,0.000989993795226171,4122.121271469701,762.5966335756084,0.041989544546575136,-0.05441943492978152,-139.35116472246176
2.265235874085729e-6,224.70078339092814,3503.7654167100623,-0.007591084640094068,-0.006703486542065974,2.8849706731026538e-6,365.2564841242931,3624.4017617668615,0.006200055176356405,-0.002712411572846093,0.0009912579887975713,4123.550649805102,760.143014955767,0.042066321764685916,-0.05433863375760251,-139.30986858283796
2.2650550711976555e-6,224.7007833976251,3503.765416640591,-0.007548076663112742,-0.006689761839583329,2.885294830640857e-6,365.25648408474217,3624.401762601427,0.006235093174669203,-0.002700773423304359,0.0009925204520244571,4124.980523788809,757.6891412673754,0.04214260907900004,-0.05425768167180731,-139.26942394018903
2.26489040818328e-6,224.7007834042858,3503.765416571285,-0.0075045217170437595,-0.006675776205420425,2.885620787366494e-6,365.25648404479045,3624.401763444132,0.00627054058021428,-0.0026889871094189642,0.0009937505716338354,4126.410893592696,755.2277750415533,0.042216163494806655,-0.05417890020667978,-139.22983354927894
2.2647177427337557e-6,224.7007834108352,3503.7654165045215,-0.007461128539263221,-0.006662400101188386,2.88594762276092e-6,365.2564840043105,3624.401764294993,0.006305881621012491,-0.002677739057787855,0.0009949734887789205,4127.841759388684,752.7732369590163,0.042287919065045705,-0.05409964859922993,-139.19110012137304
2.264559030876108e-6,224.70078341735075,3503.7654164382247,-0.00741758867487108,-0.006648329865886192,2.8862736430534126e-6,365.2564839634316,3624.4017651534273,0.006341317806323256,-0.0026659339776521846,0.0009961902356921718,4129.273121348768,750.3063413861686,0.0423598472325791,-0.05402170869042264,-139.15322626199148
2.264393170548433e-6,224.70078342372634,3503.7654163749667,-0.0073737444659594505,-0.006635402641906743,2.8866040846277103e-6,365.2564839219504,3624.4017660210916,0.006377040425587056,-0.0026551586442537076,0.0009973830967242778,4130.704979644995,747.8544289145831,0.04242797969848349,-0.05394332053463265,-139.11621446606014
2.264243561467352e-6,224.70078343008987,3503.7654163115053,-0.007329721649648127,-0.006621839310854667,2.8869340458039965e-6,365.25648388004015,3624.40176689671,0.0064129016700636915,-0.002643900355762318,0.000998557989376775,4132.137334449474,745.3911614183655,0.04249489122317178,-0.053866667248813935,-139.08006718517973
2.26408290462259e-6,224.70078343629626,3503.765416251683,-0.007285623388253258,-0.006609233380167544,2.887266572757914e-6,365.25648383758755,3624.4017677807697,0.006448840723002365,-0.002633475429952161,0.000999724246830893,4133.5701859343735,742.9401250188565,0.04255980007537782,-0.05378910690269188,-139.04478672531798
2.2639322010713103e-6,224.70078344243547,3503.765416192978,-0.0072412632982387405,-0.006596290892013306,2.8875999504715328e-6,365.2564837947449,3624.4017686722586,0.006484938877042598,-0.002622822019834228,0.0010008765676375747,4135.003534271927,740.4814570924699,0.0426237007605324,-0.05371278385440781,-139.0103753537621
2.263790155337927e-6,224.70078344857168,3503.7654161343526,-0.007197141972218314,-0.006582968212069461,2.8879315029749536e-6,365.25648375131436,3624.4017695728758,0.006520941441085462,-0.0026118664752528445,0.0010020247978046353,4136.43737963441,738.0178906118647,0.042687183308592176,-0.05363682476549868,-138.9768352199876
2.2636441629460004e-6,224.70078345455644,3503.7654160788816,-0.0071527040398293665,-0.006570398270237116,2.888266268481705e-6,365.25648370747854,3624.4017704806706,0.006557173129321346,-0.002601605228161612,0.0010031510008886796,4137.871722194177,735.5620370467918,0.042747720954867584,-0.05356100008278074,-138.94416837201086
2.2635024158059154e-6,224.70078346046972,3503.765416024993,-0.007108263564549564,-0.006557960884838116,2.8886012678379013e-6,365.25648366314977,3624.401771396867,0.006593419703514579,-0.0025914762037297745,0.0010042695004312257,4139.306562123635,733.1039148168761,0.04280728250218499,-0.053485668018430264,-138.91237680437763
2.2633671879339566e-6,224.70078346631615,3503.765415972097,-0.007063330554350535,-0.006545537322968795,2.8889393701985804e-6,365.2564836183866,3624.4017723206784,0.0066300527227264,-0.0025814548738651707,0.0010053596568182321,4140.74189959525,4871.389812614034,0.04286389964558819,-0.053411243783518074,-138.8814623728288
2.263233881339042e-6,224.70078347206416,3503.765415921388,-0.007018315522895675,-0.006533410109652667,2.889278326664278e-6,365.25648357316294,3624.401773252548,0.006666756309189296,-0.0025717072679673886,0.0010064399327949281,4142.177734781549,728.1921224664666,0.04291931731754832,-0.053337132028873656,-138.85142690637446
2.2631058785285815e-6,224.70078347776123,3503.765415871694,-0.006973413877211994,-0.0065209525901729765,2.8896166730295916e-6,365.2564835274608,3624.4017741921393,0.0067033907846802375,-0.002561721083457853,0.0010075156956722586,4143.614067855118,725.7318907223809,0.04297423222717706,-0.05326336427843741,-138.8222720623972
2.262977959472276e-6,224.70078348335505,3503.765415824298,-0.006928383657229276,-0.006508874908669615,2.8899561826301992e-6,365.25648348133404,3624.401775139162,0.00674012794039496,-0.002552080539016719,0.0010085816873043564,4145.050898988608,4868.325092729485,0.04302782668352232,-0.05318971311508123,-138.79399945773534
2.262866661251541e-6,224.70078348889155,3503.7654157775805,-0.006882711938965336,-0.006496853718323813,2.890299079024743e-6,365.2564834346887,3624.4017760953684,0.006777392380084384,-0.0025425978785338916,0.001009609663454715,4146.488228354718,720.815235976942,0.043077727807415256,-0.053117696383301875,-138.76661060761
2.262743991886522e-6,224.70078349432862,3503.7654157334478,-0.006837506031368023,-0.006485069158896132,2.8906399508453835e-6,365.2564833878008,3624.4017770566115,0.006814251313548522,-0.0025332658881975535,0.0010106485264720344,4147.926056126216,718.3543352717666,0.04312833372586324,-0.053045447798739646,-138.74010692128593
2.262620919081964e-6,224.7007834996329,3503.7654156919734,-0.0067918768964127275,-0.006473794118199775,2.8909855992450084e-6,365.2564833401591,3624.40177802855,0.006851523418722226,-0.002524486206889758,0.0010116626123364437,4149.36438247593,715.9075020960644,0.04317560765105118,-0.05297237806549755,-138.71448973082457
2.2625133671420134e-6,224.70078350493148,3503.7654156504673,-0.006746193518618118,-0.006461982368766551,2.8913295398790528e-6,365.25648329228756,3624.401779006106,0.006888801047801986,-0.002515269508792893,0.0010126681687098096,4150.803207576745,4864.249795491133,0.04322271261892166,-0.05290112864601993,-138.68976028214806
2.262412963757956e-6,224.7007835101532,3503.76541561029,-0.006700156762043557,-0.00645020220698397,2.8916757091990494e-6,365.2564832439946,3624.4017799914927,0.006926358507547813,-0.002506150157326713,0.0010136473993787463,4152.242531601607,710.9843145947987,0.043267269351080155,-0.05283099125803911,-138.66591972344207
2.262310221050418e-6,224.70078351526527,3503.7654155727278,-0.006654187751282238,-0.006438780712497241,2.892022248438099e-6,365.2564831952426,3624.4017809845022,0.006963874997682204,-0.0024973540483845718,0.001014623819966011,4153.682354723523,708.5254750849916,0.04331114815172863,-0.05276047901869902,-138.64296907377553
2.2621984361763836e-6,224.70078352022998,3503.7654155385194,-0.006608093944254709,-0.006428406731408852,2.892371982674444e-6,365.25648314593684,3624.4017819856863,0.007001554940908251,-0.0024894985266799663,0.0010155844133040296,4155.122677115561,706.0825101321672,0.04335205846152946,-0.05268895291737592,-138.62090930551517
2.2621109287762707e-6,224.70078352522782,3503.7654155031605,-0.006561903318838234,-0.00641659291405036,2.8927190346488582e-6,365.25648309639087,3624.4017829929294,0.00703923911608934,-0.0024804572382473903,0.0010165388684746015,4156.56349895084,703.6148812922391,0.04339397634073725,-0.0526199450162719,-138.59974128495597
2.2620129168775337e-6,224.70078353005644,3503.765415471653,-0.006515489159401976,-0.0064060083990702295,2.893070214264297e-6,365.25648304629624,3624.401784008537,0.007077166450814942,-0.002472518155198631,0.001017473323159603,4158.004820402549,701.1649325844062,0.04343258882032317,-0.05254986672439166,-138.5794657750979
2.2619239522329213e-6,224.70078353483916,3503.7654154410043,-0.00646896249234679,-0.0063951230140482426,2.893421483282377e-6,365.256482995863,3624.4017850308446,0.0071151616012026155,-0.0024643650181449123,0.0010183957161407824,4159.446641643935,698.7080262937493,0.043470356816914045,-0.05248091030046799,-138.5600834642063
2.261838120383413e-6,224.70078353953605,3503.765415412076,-0.006422245609800083,-0.00638438313641553,2.8937744587336487e-6,365.25648294496887,3624.4017860608074,0.007153329799802257,-0.002456402390304627,0.0010192998939401482,4160.888962848304,696.2540373828843,0.0435060323337736,-0.05241220960553646,-138.5415949575592
2.2617594011496577e-6,224.70078354416057,3503.765415384656,-0.006375376709651357,-0.0063737469464739994,2.894127923189773e-6,365.2564828937311,3624.401787097616,0.0071916056620182,-0.002448562641780113,0.0010201883324997,4162.331784189022,693.7968828882762,0.04354022665391719,-0.052344445724707304,-138.5240007155286
2.26167732041278e-6,224.70078354867863,3503.7654153597023,-0.006328542303307583,-0.006363326172770303,2.894482373628362e-6,365.2564828420146,3624.40178814182,0.007229886973506016,-0.0024409451052152123,0.0010210743505177674,4163.775105839515,691.3446910246138,0.04357368920880854,-0.052276007347233026,-138.50730116280818
2.261600310572527e-6,224.70078355310562,3503.76541533653,-0.006281399891134078,-0.006353192787555342,2.8948390500303528e-6,365.2564827898781,3624.401789193578,0.007268420190791401,-0.0024336394748964113,0.0010219354269440162,4165.218927973273,688.8946832203198,0.0436044600958883,-0.0522082789805659,-138.4914966130372
2.261536826278163e-6,224.70078355750925,3503.765415313735,-0.006234137804314046,-0.006342495952872809,2.8951949816674926e-6,365.25648273747237,3624.401790251357,0.0073070170686875,-0.0024258898653931565,0.0010227873475909676,4166.663250763836,686.4328877619399,0.043635091662931016,-0.05214199193904161,-138.47658728363803
2.26147434757007e-6,224.70078356182373,3503.7654152929313,-0.006186848156238699,-0.006331929517298222,2.8955517019785025e-6,365.2564826846426,3624.4017913162347,0.007345654324094036,-0.0024182971873348605,0.0010236303247952725,4168.108074384812,4852.081444301499,0.04366457344603686,-0.05207566858075501,-138.46257330837375
2.261412148125363e-6,224.70078356603497,3503.765415274368,-0.006139298680504164,-0.006321993630044893,2.8959110453663915e-6,365.25648263144484,3624.4017923877786,0.0073845182545662896,-0.0024112948098124333,0.0010244511758068092,4169.553399009872,4851.073907865175,0.04369128198288395,-0.05200960970218772,-138.44945472207448
2.261354262097241e-6,224.70078357015134,3503.765415257808,-0.006091576834394398,-0.006312135781108212,2.896271566473468e-6,365.256482577806,3624.40179346689,0.007423527901113323,-0.0024044102484273074,0.0010252589904405844,4170.999224812739,679.0680918701205,0.043716646326844556,-0.05194379600434778,-138.4372314933117
2.2612994105175037e-6,224.70078357421178,3503.7654152425903,-0.006044055208678361,-0.006301935999127478,2.8966305684853463e-6,365.2564825238533,3624.4017945518694,0.007462363224731027,-0.0023972580240758184,0.0010260684336573628,4172.445551967204,676.6099145618537,0.043742365465640545,-0.05187827476431503,-138.42590347226226
2.2612535604727096e-6,224.70078357820137,3503.765415228712,-0.005996227858435323,-0.006291699552715372,2.8969913322500533e-6,365.25648246948344,3624.401795644257,0.0075014557034084935,-0.00239013714210999,0.0010268584803294143,4173.892380647111,674.1500726605941,0.04376626037300578,-0.051813508787868556,-138.4154704338124
2.261203394138742e-6,224.70078358204938,3503.765415218073,-0.005948132303869339,-0.006282489186041888,2.8973557768507994e-6,365.2564824146797,3624.4017967441196,0.007540803012922744,-0.0023839395069075757,0.0010276263529262226,4175.339711026375,671.7021431444703,0.04378712623172249,-0.051748469922254216,-138.40593205527512
2.2611639285448095e-6,224.70078358588196,3503.7654152075634,-0.005900005705878716,-0.0062725478633403895,2.8977189631100813e-6,365.2564823596403,3624.4017978489355,0.007580140124293334,-0.0023771833849546013,0.00102838489068432,4176.787543278955,4846.033048913593,0.04380758815493065,-0.05168449391220936,-138.39728793232302
2.2611243156389344e-6,224.7007835895799,3503.765415199977,-0.005851564108761503,-0.006263308916037994,2.8980853524318204e-6,365.25648230414276,3624.401798961613,0.007619754880850294,-0.0023710790709797636,0.0010291209410619039,4178.235877578883,4845.0322784800355,0.04382530534588066,-0.05162053865242936,-138.3895375960637
2.2610925322886543e-6,224.7007835932451,3503.7654151931824,-0.0058032213404319785,-0.006253675216347866,2.8984505332315673e-6,365.2564822483493,3624.4018000800943,0.007659288283503072,-0.002364673659241343,0.0010298533932827723,4179.684714100249,4844.025001943231,0.04384302514351225,-0.0515572657467734,-138.38268044121605
2.2610628208328566e-6,224.70078359679226,3503.765415188995,-0.005754612413019646,-0.006244318421323115,2.8988169906236938e-6,365.2564821923363,3624.401801203668,0.007698973242176609,-0.0023585292076197173,0.0010305758365449806,4181.134053017202,661.88413282137,0.043859771497602416,-0.05149441885339063,-138.3767158079504
2.2610371036835294e-6,224.70078360029518,3503.7654151858133,-0.005706081927455176,-0.006235023303657812,2.8991846976509355e-6,365.2564821357068,3624.401802336339,0.007738738797612412,-0.0023525174738585107,0.0010312807792475281,4182.583894503951,659.4327667964867,0.043874337814076264,-0.051431355178728475,-138.37164296519057
2.2610101404934526e-6,224.70078360364988,3503.765415185801,-0.005657168049408456,-0.006226220005143889,2.8995553614728412e-6,365.25648207875037,3624.4018034750998,0.00777876595266684,-0.0023469758400516015,0.001031970080541042,4184.034238734767,656.9868873080784,0.043887010290858126,-0.051368297952889906,-138.36746105130356
2.2609986735131755e-6,224.7007836069695,3503.765415186408,-0.0056080186625614694,-0.006217002702005645,2.8999252903200074e-6,365.25648202168594,3624.4018046181263,0.007818930872213772,-0.0023411143640741034,0.0010326428483793176,4185.4850858839845,654.5290275620197,0.043898903373151686,-0.051307109626742835,-138.36416915327683
2.2609855552831613e-6,224.70078361025278,3503.765415188059,-0.005559229362021072,-0.006207660487801026,2.9002943982723463e-6,365.2564819641038,3624.401805768841,0.007858862392499857,-0.0023352045707301966,0.0010333158562251515,4186.936436125986,652.0743168544801,0.04391037790760769,-0.05124522214535436,-138.36176627087664
2.2609738807264935e-6,224.70078361341228,3503.7654151924035,-0.005510130840494401,-0.006198893533382234,2.9006658539306263e-6,365.256481906282,3624.401806924767,0.007899037285005656,-0.0023298284998524636,0.0010339674866214996,4188.388289635226,4838.01229088371,0.043919413911629214,-0.05118379854999883,-138.36025130273623
2.260965967236043e-6,224.70078361646463,3503.765415199115,-0.005460751685410895,-0.006190238716304628,2.9010392845467776e-6,365.2564818481344,3624.4018080869228,0.007939412671494022,-0.0023245918659783107,0.0010346091120817778,4189.840646586218,647.1736802984085,0.04392760258040501,-0.05112262183091279,-138.3596230921037
2.260964644029054e-6,224.70078361949237,3503.7654152065206,-0.005411571622671783,-0.006181404565471876,2.9014111577984162e-6,365.2564817896247,3624.401809255195,0.007979697197397828,-0.0023192396490702904,0.0010352451575448745,4191.293507153534,644.7211549915964,0.04393512852957406,-0.05106165646752144,-138.3598803861474
2.2609666239918254e-6,224.70078362240616,3503.765415216209,-0.005361963240109621,-0.006172797107052176,2.901786062952477e-6,365.25648173083886,3624.401810429411,0.008020281195295362,-0.0023141529285324912,0.0010358545838802728,4192.746871511806,642.2705412916235,0.04394012267985871,-0.0510014470513709,-138.3610218260619
2.260976322108398e-6,224.70078362526036,3503.765415227304,-0.0053122584025347905,-0.006164164317515634,2.902161248907398e-6,365.25648167175694,3624.4018116094203,0.008060949375826767,-0.0023090817421653233,0.0010364551970443905,4194.200739835729,4834.0175103957445,0.04394439113244182,-0.05094179194569966,-138.36304602730834
2.2609894376904226e-6,224.7007836280491,3503.765415239838,-0.005262638725792626,-0.006155304001144783,2.902535724398065e-6,365.2564816123507,3624.4018127952127,0.008101542017464916,-0.002303865942303284,0.0010370495120986649,4195.65511230006,637.3607303666727,0.04394802533812249,-0.05088233221271648,-138.36595146633485
2.26099529988489e-6,224.70078363068487,3503.7654152560344,-0.005212850797163992,-0.006147350671874189,2.9029134231298665e-6,365.2564815525714,3624.401813987237,0.008142322144042438,-0.002299464535587961,0.0010376322757603498,4197.109989079607,634.9179836173115,0.04394975897210693,-0.050821920159449745,-138.3697365852252
2.261017545699834e-6,224.70078363329483,3503.765415272649,-0.005162778762238907,-0.0061391678641167105,2.9032915044508544e-6,365.25648149258285,3624.401815184729,0.00818330494001064,-0.002294916691742296,0.0010381922808755963,4198.565370349247,632.4651412068173,0.043949838299938364,-0.05076341972291387,-138.37439973116426
2.2610427572411274e-6,224.70078363584219,3503.765415290506,-0.005112606393885497,-0.0061304739663681565,2.9036701258753588e-6,365.25648143225385,3624.4018163877863,0.00822435873760327,-0.002290016433616548,0.0010387456016638682,4200.021256283918,630.0124812614267,0.043949416689779926,-0.05070471783494679,-138.37993916616153
2.26106885342359e-6,224.70078363829612,3503.7654153106514,-0.005062467720101907,-0.006122371355321235,2.904049130384229e-6,365.25648137169645,3624.4018175958176,0.00826540220567904,-0.0022856370419432268,0.0010392856127931843,4201.477647058616,4829.040274555498,0.04394722892506596,-0.050646317127395035,-138.38635308806965
2.261104267671917e-6,224.70078364065748,3503.765415332773,-0.005011918109229749,-0.006114488954689275,2.9044305455376087e-6,365.2564813107951,3624.4018188107666,0.008306776027167747,-0.0022815077714725116,0.0010398008437088341,4202.9345428483975,625.112341259571,0.043942852357656055,-0.05058886159998697,-138.39363963401598
2.2611374428367194e-6,224.70078364297186,3503.765415356025,-0.004961592014900981,-0.006106120548558309,2.9048111682359275e-6,365.2564812496196,3624.40182002989,0.008347989640093829,-0.0022770310213135816,0.0010403206618402217,4204.3919438283865,622.6633812071959,0.04393876144204712,-0.05053060730238265,-138.40179681124022
2.261177893144676e-6,224.70078364516647,3503.7654153819217,-0.004910809857716833,-0.00609849360895501,2.905194638942368e-6,365.2564811881951,3624.4018212549786,0.008389559478495104,-0.002273222504490456,0.0010408116057563596,4205.849850173752,620.2164488445047,0.04393176235589574,-0.05047341689788397,-138.41082260108539
2.261220008170897e-6,224.70078364731222,3503.765415409194,-0.004860248953804572,-0.0060906220324950765,2.9055768843842736e-6,365.25648112652146,3624.4018224847377,0.008430969671050196,-0.0022692307718188373,0.0010413067804558602,4207.308262059738,617.7675531708792,0.04392526216075126,-0.05041605738651186,-138.42071492213145
2.2612675306397072e-6,224.70078364934935,3503.765415438825,-0.004809282924810303,-0.006083265450509337,2.9059616944948463e-6,365.2564810646001,3624.4018237196838,0.008472704143317182,-0.0022657322258212995,0.0010417798642330704,4208.767179661644,615.3225433741251,0.043916332830630185,-0.05035917164907723,-138.4314715689269
2.2613238135767813e-6,224.70078365135745,3503.7654154690117,-0.004758386862872527,-0.006075280138939679,2.9063454667900446e-6,365.2564810023434,3624.4018249606893,0.008514375480120599,-0.002261770861413171,0.0010422420755833628,4210.226603154832,612.8711670204256,0.04390674129833126,-0.050302908866820484,-138.44309030708848
2.2613716644349846e-6,224.70078365325816,3503.7654155019977,-0.00470769104823989,-0.006067802836101235,2.9067297680122075e-6,365.2564809398828,3624.4018262057484,0.008555913294255826,-0.0022582512363220203,0.0010427056408650708,4211.686532714724,4822.112443578604,0.043896734900683465,-0.050245901798786415,-138.45556881887208
2.2614351886543467e-6,224.70078365508755,3503.7654155362707,-0.004656421655381498,-0.006060158822919063,2.907116040946566e-6,365.2564808771586,3624.4018274566474,0.008597879359208459,-0.002254667008062648,0.0010431410288726135,4213.146968516802,607.9763771033274,0.04388452054869051,-0.050190311593538525,-138.4689047050574
2.261496571513165e-6,224.7007836568426,3503.765415572516,-0.004605404303238043,-0.006052615216922538,2.9075019633333436e-6,365.2564808141344,3624.4018287125973,0.008639681881351682,-0.002251202832276452,0.0010435780910292892,4214.607910736614,605.5294216274486,0.04387210903651801,-0.05013412519453681,-138.483095532913
2.2615651145574594e-6,224.70078365852115,3503.7654156104436,-0.00455405252960546,-0.006045312151564674,2.907889674311161e-6,365.2564807509263,3624.4018299730387,0.008681745725995709,-0.0022479955649324273,0.0010439946730990907,4216.069359549755,603.0831223577798,0.043857731495545976,-0.05007867419907855,-138.49813876862848
2.2616341265671864e-6,224.700783660091,3503.7654156508247,-0.004502510428368719,-0.006038461630789168,2.908279487124671e-6,365.2564806874466,3624.401831238703,0.008723982955593568,-0.002245240602340398,0.0010443904510104732,4217.531315131896,600.6435187121514,0.04384095783292252,-0.05002320299941815,-138.51403181328973
2.261711158702053e-6,224.70078366163196,3503.7654156919816,-0.004451039851425905,-0.006030971282700933,2.9086678145766703e-6,365.2564806237733,3624.401832508677,0.00876613478709174,-0.0022419724612892543,0.0010447885499120287,4218.993777658763,4817.188427085753,0.04382501753259604,-0.04996832919581748,-138.5307720171405
2.261797428155837e-6,224.70078366309446,3503.7654157348006,-0.004399097772373277,-0.006023918246492477,2.9090590635541028e-6,365.2564805598706,3624.401833783765,0.008808676510899229,-0.0022391452056690353,0.0010451572277801278,4220.456747306142,4816.205714461464,0.04380610776043509,-0.04991427849860139,-138.54835665811086
2.2618712581419102e-6,224.70078366442414,3503.76541578101,-0.004347542993155305,-0.006017420432287586,2.909449788845213e-6,365.2564804957485,3624.401835062688,0.008850949468147679,-0.0022368016018794777,0.0010455298788127688,4221.920224249881,593.3127815436434,0.04378674899660434,-0.04985891188438991,-138.5667829695985
2.2619663641473313e-6,224.70078366577653,3503.765415826621,-0.004295812181276682,-0.0060098479467713085,2.9098391204282494e-6,365.25648043142354,3624.401836346559,0.008893310403047701,-0.002233602353013096,0.0010458942520621202,4223.384208665891,590.8592755313955,0.04376779272058756,-0.04980534128246856,-138.5860480928059
2.26205637782315e-6,224.70078366698706,3503.7654158754976,-0.004243876774882352,-0.006003162698093734,2.9102313508750347e-6,365.25648036684646,3624.4018376351646,0.008935874628814997,-0.0022312130970086096,0.0010462377348843587,4224.848700730145,4813.267171726356,0.04374599724850161,-0.04975121330132941,-138.60614910924272
2.262151112094559e-6,224.7007836681189,3503.7654159263093,-0.00419178936968156,-0.005996695388125429,2.91062466976654e-6,365.25648030209976,3624.4018389279745,0.008978563178638588,-0.002229050091844905,0.0010465685172574562,4226.313700618664,585.9782840377454,0.04372304928522429,-0.04969748763558382,-138.6270830703643
2.2622576876385822e-6,224.70078366925173,3503.7654159770636,-0.00413977133254952,-0.005989314590516717,2.9110160506820108e-6,365.25648023714723,3624.40184022504,0.009021168254315001,-0.0022261655816265993,0.0010468955836820907,4227.779208507547,583.527238284429,0.043700324833869694,-0.0496446104780608,-138.64884694263202
2.2623600133057664e-6,224.70078367022646,3503.7654160314587,-0.0040873476402865936,-0.00598300579882571,2.9114118071856492e-6,365.2564801719856,3624.401841526407,0.009064138114111388,-0.0022242546336438524,0.0010471990230315879,4229.245224572946,581.0907792221966,0.0436745873602468,-0.049591172661311925,-138.67143763863726
2.2624693654245254e-6,224.7007836711627,3503.765416086948,-0.004035082335836953,-0.0059765514283397995,2.9118060080288122e-6,365.2564801066239,3624.4018428323307,0.00910697413641799,-0.002222236873099743,0.0010474982449372903,4230.711748991076,578.6481259981429,0.04364858990257284,-0.04953839822584809,-138.69485201048505
2.262583491381047e-6,224.70078367203632,3503.76541614384,-0.0039826475017084115,-0.0059698842298673,2.9122010800803452e-6,365.2564800410873,3624.4018441420267,0.009149944229421066,-0.0022201100350378463,0.00104778473637821,4232.178781938211,576.2058148051116,0.04362154111190433,-0.04948580779630071,-138.7190868640701
2.2626924430047957e-6,224.70078367277347,3503.7654162041235,-0.003930218193734394,-0.005964040674545087,2.912597650669139e-6,365.2564799753102,3624.4018454561997,0.00919295238949288,-0.00221870697759406,0.0010480650914774692,4233.646323590689,573.7735736162613,0.043593165749703934,-0.04943239398439078,-138.7441389326537
2.2628156034390664e-6,224.70078367351402,3503.7654162642716,-0.003877669835986304,-0.005957530414033798,2.9129932379059376e-6,365.25647990944793,3624.4018467736587,0.009236012744067863,-0.0022167886227778665,0.0010483304281848013,4235.11437412491,571.3299831874998,0.043564033175410063,-0.049380509843222876,-138.7700049236581
2.2629473735711227e-6,224.70078367418918,3503.765416325913,-0.0038248385584002645,-0.005950941986788031,2.9133903920147953e-6,365.25647984337905,3624.4018480957448,0.009279297433437878,-0.0022148748175305714,0.0010485780995475335,4236.582933717325,568.8850205106768,0.0435335092949888,-0.0493292675882396,-138.7966814479886
2.263065555089477e-6,224.7007836747178,3503.7654163912375,-0.003772265393636423,-0.005945150153324862,2.9137882343853143e-6,365.2564797770678,3624.4018494214806,0.009322436899235068,-0.0022136558831079493,0.00104883073852815,4238.05200254446,566.454895477305,0.0435023238938912,-0.04927611390935786,-138.82416513233483
2.2632065679789397e-6,224.70078367526347,3503.7654164561955,-0.0037194242107361115,-0.005938736413839588,2.9141851337447416e-6,365.2564797106954,3624.4018507510527,0.009365735520883722,-0.002211946354748865,0.0010490630966844157,4239.5215807828945,4803.529223880586,0.04347035385176778,-0.049225460425663094,-138.85245246381263
2.2633443756873475e-6,224.70078367571097,3503.7654165234744,-0.0036665470359134975,-0.005932597735719069,2.9145833267754424e-6,365.2564796441264,3624.401852084201,0.009409089010950581,-0.002210540815768527,0.0010492839735153716,4240.99166860927,561.5685077738358,0.043436726891215555,-0.04917420904512887,-138.88153995050388
2.2634822958043483e-6,224.70078367603995,3503.765416593536,-0.0036133927207437255,-0.0059271125818169115,2.9149841582332995e-6,365.2564795774028,3624.401853420971,0.009452685672833454,-0.0022097322649090516,0.0010494888909207717,4242.462266200293,559.1371179509637,0.04340117897609115,-0.049122711650462114,-138.9114240389217
2.2636314587274164e-6,224.70078367635978,3503.7654166639622,-0.0035603652514521133,-0.005920885914559843,2.915382670968715e-6,365.25647951051366,3624.4018547617716,0.009496152886590024,-0.002208329983796567,0.0010496918875431878,4243.933373732726,4800.627978668475,0.043366159541275186,-0.04907210633854373,-138.94210107430277
2.263781596571302e-6,224.70078367659215,3503.765416736483,-0.003507233501624025,-0.00591494363402498,2.9157824705870966e-6,365.2564794434656,3624.4018561061093,0.009539719592690055,-0.002207223608425054,0.0010498808987550684,4245.4049913834,554.256739659415,0.04332948787626507,-0.04902143822136399,-138.97356741377982
2.26394364793927e-6,224.70078367679173,3503.7654168097606,-0.0034536418256454517,-0.005909094755040057,2.9161844197116615e-6,365.25647937641213,3624.401857452715,0.00958363707435183,-0.0022062625389937815,0.0010500445698122536,4246.877119329195,551.8170935771152,0.04329060934205543,-0.04897201467522816,-139.00581937366096
2.2641019510987162e-6,224.7007836768909,3503.765416885703,-0.003400551047332168,-0.005903138581513877,2.916583676624837e-6,365.2564793090425,3624.4018588043004,0.009627183562406844,-0.002205211575993015,0.0010502238745765152,4248.3497577470625,549.377302245528,0.04325308293058537,-0.048921484133526275,-139.03885315792004
2.2642543924406886e-6,224.70078367688632,3503.765416964218,-0.0033473628383338914,-0.005897989732147946,2.9169852420941073e-6,365.2564792416453,3624.4018601577095,0.009670834795384015,-0.0022048949726169104,0.0010503862305232317,4249.8229068140145,546.9489778107155,0.043213157043863,-0.048870530675561415,-139.0726649908313
2.2644290437747064e-6,224.7007836768698,3503.7654170428145,-0.0032935705341122796,-0.005892280364541662,2.9173883834892713e-6,365.2564791741152,3624.401861515439,0.00971493014569273,-0.00220418434433413,0.0010505181287085634,4251.296566707122,544.5097774952566,0.043171344788120916,-0.048821676597333274,-139.1072510341269
2.264583598959555e-6,224.7007836767005,3503.7654171253857,-0.0032403534203855828,-0.005887438854478106,2.9177906898987895e-6,365.25647910641356,3624.4018628753834,0.009758632504418194,-0.002204216590339683,0.001050666075854533,4252.770737603518,542.0881906004444,0.04312956749702198,-0.04877017175590154,-139.14260739621682
2.2647640703280603e-6,224.70078367653358,3503.7654172077746,-0.0031865146138123695,-0.00588203555806652,2.918194276598157e-6,365.2564790386322,3624.4018642394453,0.00980277599943295,-0.002203832642269838,0.0010507828439342251,4254.2454196803965,4793.896385193986,0.043086067462912624,-0.04872140377271581,-139.17873016670185
2.2649392772184292e-6,224.70078367629753,3503.76541729212,-0.003133038457888566,-0.0058767452700670365,2.9185965088830326e-6,365.2564789707407,3624.4018656057915,0.009846658233283295,-0.002203571527401167,0.001050905720889328,4255.720613115018,537.2183048561908,0.04304269651734259,-0.04867169422174328,-139.21561536922073
2.265118875477955e-6,224.70078367594553,3503.765417379123,-0.003079145141360752,-0.0058720056213447825,2.9190010998510595e-6,365.25647890284137,3624.401866974221,0.009890863603910558,-0.002203834124643121,0.0010510044383810477,4257.1963180846915,534.7911368058162,0.04299684385109901,-0.04862245622235213,-139.25325900571445
2.2653104413939836e-6,224.70078367562633,3503.7654174655686,-0.003025346440014778,-0.005866389273192556,2.919404779402624e-6,365.25647883462085,3624.401868348166,0.009935006455604913,-0.0022034030634460696,0.0010511021536327525,4258.6725347668,4791.025791223919,0.04295151148101693,-0.048573781065940694,-139.2916570316461
2.265499884456638e-6,224.70078367518968,3503.7654175548746,-0.002971449984634214,-0.005861433541757159,2.9198093364030072e-6,365.2564787664627,3624.4018697230426,0.009979223569338282,-0.002203565705102547,0.0010511845756938165,4260.149263338783,4790.071951325393,0.042904281861701386,-0.04852504603893998,-139.33080537536887
2.2656881841439224e-6,224.7007836746858,3503.7654176460464,-0.002917800942398631,-0.005856573425189329,2.9202127849380164e-6,365.2564786981749,3624.4018711006524,0.010023266772442368,-0.002203832112872734,0.0010512705342392637,4261.626503978145,4789.120879316257,0.04285708499900965,-0.04847571880573852,-139.37069990654544
2.2658911041596137e-6,224.70078367412117,3503.765417738426,-0.0028634442156213365,-0.005851789642231857,2.920619713205449e-6,365.2564786298361,3624.401872481269,0.010067852326110457,-0.0022042567010495217,0.0010513184070908065,4263.104256862446,525.0650150999815,0.042806626336518605,-0.04842790058559156,-139.41133650465483
2.266095449093102e-6,224.70078367353182,3503.765417831808,-0.002809585604360729,-0.005846446804500085,2.921023420093313e-6,365.25647856130985,3624.4018738652894,0.01011204851480366,-0.0022042120206592903,0.0010513839572201258,4264.582522169314,522.6294750434078,0.042758060877934614,-0.0483796357871459,-139.45271097067797
2.266297508577842e-6,224.70078367280604,3503.765417928413,-0.0027552516209522347,-0.0058423947006252105,2.921431440142728e-6,365.2564784928503,3624.401875250245,0.010156658574870312,-0.0022053219182443123,0.001051417724586144,4266.061300076438,520.2098739459533,0.042705650967282474,-0.04833121062582921,-139.49481908741143
2.26650879427886e-6,224.7007836720418,3503.7654180260597,-0.002700965713545915,-0.005837954446681507,2.9218381015174602e-6,365.25647842425616,3624.4018766385257,0.01020121311524067,-0.0022061314631289354,0.00105144807036095,4267.540590761558,517.7827740269203,0.04265325340049425,-0.048283345892862956,-139.53765661157263
2.2667221753993116e-6,224.70078367122625,3503.765418125088,-0.002646696815586324,-0.005833461021210177,2.9222446445779656e-6,365.25647835560744,3624.40187802885,0.010245756101375115,-0.0022069410613519713,0.0010514723605308373,4269.020394402488,515.3565734303972,0.042600258493938586,-0.048235429605375094,-139.5812192577889
2.266941006316341e-6,224.70078367039332,3503.7654182248193,-0.002592600202311893,-0.005828630804569434,2.9226497757842682e-6,365.2564782868753,3624.401879421787,0.01029016027565791,-0.002207499777703774,0.0010514933916279012,4270.5007111771,4783.426835031621,0.042547161297074365,-0.04818788900200375,-139.6255027261083
2.267164742557218e-6,224.70078366947803,3503.7654183264135,-0.0025382264210826776,-0.005823820437358911,2.9230565431230273e-6,365.2564782180156,3624.40188081763,0.010334788682859605,-0.002208137305535945,0.001051500664639121,4271.981541263327,510.4971333013547,0.04249275665618297,-0.048140326141751434,-139.67050266932793
2.2673910057255498e-6,224.7007836684441,3503.7654184310118,-0.002483583229860912,-0.00582006859930921,2.923465524952615e-6,365.2564781491912,3624.4018822150815,0.01037965344949627,-0.002209702094487883,0.0010514859840004818,4273.462884839165,508.0777654157761,0.04243572539156193,-0.04809299480115489,-139.7162147268219
2.267616583645371e-6,224.70078366741052,3503.765418536028,-0.0024294760963902784,-0.005815751579970026,2.9238709689742253e-6,365.25647808031994,3624.401883614105,0.010424093041355213,-0.0022107893829418097,0.0010514857709319613,4274.944742082673,4780.59686064488,0.042380207052188645,-0.04804535363969941,-139.76263450083314
2.267848323947029e-6,224.70078366629846,3503.7654186429177,-0.0023750881640777514,-0.005811576887887622,2.924277934696271e-6,365.2564780113664,3624.401885015741,0.010468758146173446,-0.00221205821377076,0.0010514690397144674,4276.427113171961,503.2285935240758,0.04232313711546707,-0.04799795507174307,-139.80975757120484
2.26810255770543e-6,224.7007836651572,3503.765418750278,-0.002319892113780536,-0.0058071775078489775,2.92468722306498e-6,365.25647794251677,3624.401886418736,0.01051397311278785,-0.002213226838809313,0.001051412064407673,4277.909998285215,500.7966162221053,0.042263010530153244,-0.04795299308603686,-139.85757949537566
2.268333143286365e-6,224.700783663923,3503.7654188605848,-0.002265677261751258,-0.0058035335804331855,2.9250948320697634e-6,365.2564778734754,3624.4018878238885,0.01055857944270456,-0.0022150080244958113,0.0010513836299241024,4279.393397600675,4777.7751398403,0.042204132354429394,-0.04790487884337651,-139.90609579200472
2.2685800032296e-6,224.70078366264525,3503.7654189718346,-0.002211043158935347,-0.005799562874882426,2.9255028302522584e-6,365.2564778044206,3624.4018892314452,0.010603447358561969,-0.002216583922435002,0.0010513306127288397,4280.8773112966455,4776.836565739318,0.04214358163154047,-0.04785829036526774,-139.955301994198
2.2688225533025497e-6,224.7007836612792,3503.765419085478,-0.002156603751478318,-0.005795976826354574,2.9259103294061145e-6,365.2564777353437,3624.401890640206,0.010648182894253478,-0.0022184936586347255,0.0010512836106461472,4282.361739551493,4775.9044507931385,0.042083128307497,-0.047810763843470265,-140.00519355335672
2.2690777923644867e-6,224.70078365990756,3503.7654191993774,-0.002101940282705894,-0.005792025038843518,2.9263180872986146e-6,365.25647766626935,3624.401892050936,0.010693077838620293,-0.0022201551488610764,0.001051215087376173,4283.8466825436435,4774.966118213025,0.042021106253915995,-0.047764604626729094,-140.05576594261223
2.269342165453068e-6,224.70078365848727,3503.7654193145104,-0.0020470338613455983,-0.005787942377078182,2.9267266509833025e-6,365.25647759714064,3624.401893463809,0.010738151386754111,-0.002221760237114022,0.0010511362720844889,4285.332140451591,488.694014332044,0.04195835464518716,-0.04771883440542845,-140.10701462095895
2.2695974523118364e-6,224.70078365696773,3503.7654194323277,-0.001992347353951266,-0.0057848421085019116,2.9271353472023645e-6,365.25647752814433,3624.4018948762323,0.0107830976154198,-0.0022242040212806964,0.0010510483614212913,4286.818113453878,4773.09919004573,0.041893768800220124,-0.047672235389268354,-140.15893497812513
2.2698626323306156e-6,224.70078365537873,3503.7654195517534,-0.0019373503818556127,-0.0057814536421910276,2.9275453162538553e-6,365.2564774589665,3624.401896292409,0.010828279950102939,-0.0022264661508125307,0.001050948904601346,4288.304601729122,4772.16981685009,0.041828490483580776,-0.04762597060742193,-140.2115224450037
2.2701319034688335e-6,224.70078365378393,3503.7654196717613,-0.0018825949260838988,-0.005778023084692467,2.927953498349683e-6,365.256477389885,3624.401897708853,0.010873275541373295,-0.002228714958051724,0.0010508456230021719,4289.791605455998,481.447051010996,0.04176283091228863,-0.04758006486461799,-140.2647723719731
2.270407247991794e-6,224.7007836521132,3503.765419793572,-0.0018274966745341378,-0.005774709248328216,2.9283634583297847e-6,365.25647732077783,3624.401899127047,0.010918533847464442,-0.002231117066268702,0.0010507266994045875,4291.2791248132435,479.03038820845427,0.04169569264671386,-0.04753443015720859,-140.31868014633676
2.270691216218874e-6,224.7007836504634,3503.765419915313,-0.0017727283040349284,-0.005770723410735725,2.9287698627624647e-6,365.256477251669,3624.4019005468435,0.010963510325259185,-0.0022329630500961296,0.0010506111094949085,4292.767159979656,476.6033080535959,0.041629423297079485,-0.04748949586475899,-140.3732411224575
2.2709580776137027e-6,224.7007836486189,3503.7654200418106,-0.0017179931277784173,-0.0057684364605272605,2.9291791598447237e-6,365.2564771826319,3624.4019019662196,0.011008539359715186,-0.0022362639620536534,0.001050489918614277,4294.2557111340975,4768.457267554127,0.04156096471030303,-0.04744224613236735,-140.42845061405345
2.271249032827099e-6,224.70078364681615,3503.765420167409,-0.0016627093433901445,-0.0057653155622184446,2.9295894812146315e-6,365.25647711359755,3624.4019033879304,0.01105395858699132,-0.002238941303756807,0.0010503391510151418,4295.744778455495,4767.529596285161,0.041490850238176384,-0.0473974810637659,-140.48430394911196
2.2715273574154224e-6,224.70078364489711,3503.765420296036,-0.0016078422506673091,-0.0057628220917506695,2.9299987649627873e-6,365.25647704458055,3624.4019048098453,0.011099085396934048,-0.0022421621008528203,0.0010501967961983254,4297.234362122825,469.3809703355203,0.041420567747642204,-0.04735082269372186,-140.54079644693974
2.2718286560548824e-6,224.70078364300736,3503.7654204241767,-0.0015527179464252922,-0.0057593816000529865,2.930407013348564e-6,365.25647697547583,3624.401906235181,0.011144365660633959,-0.0022446204169766226,0.0010500399576595812,4298.724462315139,4765.6829647331815,0.0413501691952565,-0.04730640223091158,-140.59792337723573
2.2721238871047735e-6,224.70078364104828,3503.765420554304,-0.0014977546442445269,-0.00575664805239054,2.9308153005615087e-6,365.25647690655404,3624.4019076591103,0.011189551149524659,-0.0022477010990719277,0.0010498781107615843,4300.215079211545,4764.761637871443,0.04127849008462563,-0.047261135900394546,-140.65568001719376
2.2724311026192624e-6,224.700783639066,3503.765420685149,-0.0014425550568865052,-0.005753636292698417,2.9312237261695145e-6,365.25647683766806,3624.4019090843353,0.011234899779376348,-0.0022505903268713284,0.00104970172734343,4301.7062129912165,462.1289694348263,0.04120589773657278,-0.0472168790018051,-140.7140616445169
2.2727245386528313e-6,224.70078363693924,3503.765420819601,-0.0013875867202215925,-0.005751511680501618,2.9316331890106625e-6,365.25647676873035,3624.4019105105726,0.011280134139234928,-0.0022542569817947827,0.0010495277249114485,4303.197863833385,459.72835452311017,0.04113241747213459,-0.04717051487566,-140.7730634982429
2.273040721385917e-6,224.70078363486482,3503.7654209530556,-0.00133243990520825,-0.005748385687269608,2.9320407605790975e-6,365.256476699802,3624.401911938872,0.011325445626592068,-0.0022571182071945265,0.001049338165090375,4304.6900319173465,457.3084312746677,0.041058591926640464,-0.04712648168137195,-140.83268084724142
2.273351135633128e-6,224.7007836326482,3503.7654210899727,-0.001276910011233017,-0.005746515110212224,2.9324524436619603e-6,365.25647663104894,3624.4019133659863,0.011371109527604756,-0.0022610810067835063,0.001049131752194886,4306.182717422463,454.90652455054953,0.04098230791859902,-0.04708142210576791,-140.8929088986636
2.2736604826467282e-6,224.70078363046272,3503.765421226786,-0.0012222959548496273,-0.0057439041572431345,2.9328578954090993e-6,365.25647656223924,3624.4019147946524,0.01141605175336966,-0.0022644185599663413,0.0010489452224503259,4307.675920528146,4760.173201031848,0.04090797377255315,-0.047035894676048365,-140.9537429155139
2.273978031598502e-6,224.70078362819882,3503.7654213654964,-0.001167186679583909,-0.005741680815568814,2.933265935390945e-6,365.2564764935684,3624.4019162230857,0.011461371480797183,-0.0022681325213829103,0.0010487376303687473,4309.169641413881,450.0908831704085,0.04083160594013825,-0.04699092124208269,-141.0151780710002
2.2743128105770654e-6,224.7007836259143,3503.7654215047132,-0.0011116505812629016,-0.005739091582972967,2.933674257788707e-6,365.2564764249594,3624.4019176526544,0.011506967222995308,-0.0022715934308465005,0.0010485058331044955,4310.663880259214,447.67605001559303,0.04075350150695619,-0.04694755299923516,-141.07720960892976
2.2746373634983437e-6,224.70078362359146,3503.7654216454553,-0.001056638273866007,-0.0057369359956788235,2.934081826528244e-6,365.2564763563588,3624.4019190828153,0.01155225658678022,-0.0022754241596735737,0.0010482827141166647,4312.158637243751,445.26946330267947,0.04067563268677235,-0.04690284234335372,-141.13983271941962
2.2749641343042372e-6,224.70078362119276,3503.7654217881345,-0.0010015858534303313,-0.005735052806766057,2.934489367537608e-6,365.2564762878611,3624.401920512874,0.01159756729332623,-0.002279519644920376,0.0010480487524075206,4313.65391254716,442.86685000701686,0.04059647799769037,-0.04685798253429045,-141.2030426254769
2.2753036786373085e-6,224.7007836187493,3503.7654219319465,-0.000945927097866309,-0.00573328294157938,2.934899801729812e-6,365.25647621946155,3624.401921943312,0.011643343139768825,-0.0022837805305807118,0.0010477898662720015,4315.149706349173,4755.613342359534,0.040515176712627866,-0.0468141340938848,-141.26683448486702
2.275637844040451e-6,224.70078361629547,3503.7654220766053,-0.0008912374660487315,-0.005731044108983468,2.935303880558256e-6,365.25647615106305,3624.401923374299,0.011688347121755609,-0.0022876105448224886,0.0010475609079377893,4316.646018829589,4754.701926831233,0.04043662088167058,-0.04676922223383103,-141.33120349979262
2.2759807885051388e-6,224.70078361375258,3503.7654222234255,-0.0008358403685141583,-0.005729750735585783,2.9357124408922293e-6,365.25647608285846,3624.4019248047653,0.011733933218623635,-0.002292293486035465,0.0010472943109314605,4318.142850168252,435.65480779872627,0.04035422816958486,-0.04672526578278403,-141.39614486965536
2.2763306666634887e-6,224.70078361121207,3503.765422370401,-0.0007804257431339949,-0.005727950338736688,2.9361203414910717e-6,365.2564760147119,3624.4019262354927,0.011779518918299965,-0.0022966140384117597,0.0010470188332132974,4319.640200545087,433.2516286050594,0.040271211637976416,-0.04668146553689093,-141.4616537595156
2.276674997573304e-6,224.7007836085957,3503.7654225195906,-0.0007254347068053187,-0.005726324133145534,2.9365260763298472e-6,365.2564759465747,3624.4019276668746,0.01182478928634584,-0.002301062545588006,0.0010467597718483246,4321.138070140075,4751.989382361617,0.04018947057986925,-0.046636636522639156,-141.52772535529112
2.2770287758562345e-6,224.70078360594724,3503.7654226697637,-0.0006702138343969162,-0.005725087802055549,2.9369326513287887e-6,365.2564758786385,3624.401929097352,0.011870245478140393,-0.002305881082678314,0.0010464759966488468,4322.636459133257,428.45063917333107,0.040105324266212,-0.0465926859461078,-141.59435482651793
2.277389278474039e-6,224.70078360334426,3503.7654228194538,-0.0006154248063216464,-0.005723306878683328,2.937333915134053e-6,365.25647581083354,3624.401930527262,0.011915355850851475,-0.0023102409900356132,0.0010462001361062725,4324.13536770474,426.04483907993324,0.040022077097227264,-0.04654899943138626,-141.66153735704447
2.2777576317461244e-6,224.70078360061035,3503.7654229718632,-0.0005596188340755696,-0.005721392546555368,2.9377444360169878e-6,365.25647574283545,3624.401931960955,0.011961236948322162,-0.002314623190877179,0.0010458908088396377,4325.634796034691,423.64013362050287,0.03993608233351845,-0.04650586344637404,-141.72926812377986
2.2781168964178466e-6,224.700783597809,3503.7654231264673,-0.0005044555829292256,-0.005720659234681552,2.938150398494392e-6,365.256475675223,3624.4019333905844,0.012006670211162612,-0.002319948094610043,0.001045589890005881,4327.134744303346,4748.382747268376,0.03984981024300552,-0.046461320125654404,-141.79754230047308
2.278485971688585e-6,224.7007835950187,3503.7654232811647,-0.0004492512519172077,-0.005719560927409677,2.9385556287532788e-6,365.25647560768687,3624.401934820604,0.012052116752617938,-0.0023249975954884577,0.001045282219604353,4328.635212690988,4747.48438445951,0.03976321207660448,-0.04641761935620057,-141.86635506025954
2.2788567348177043e-6,224.70078359219207,3503.765423437047,-0.00039417305875370074,-0.0057185319983261125,2.938959884665099e-6,365.25647554026517,3624.401936250153,0.012097472368440415,-0.002330132380618147,0.0010449712488855441,4330.136201377977,4746.588134637292,0.03967613122234539,-0.04637371614786739,-141.93570158619107
2.279244930656041e-6,224.70078358938173,3503.7654235927093,-0.00033873297754429395,-0.005716682091282122,2.9393645354044573e-6,365.25647547283745,3624.401937681374,0.012143076923944212,-0.00233463859327613,0.0010446411341807546,4331.637710544731,414.0431750214017,0.03958809498311127,-0.04633135282592744,-142.00557704777972
2.2796168368510295e-6,224.70078358644608,3503.7654237517672,-0.0002839251187336056,-0.005716028612589769,2.9397671877517213e-6,365.25647540561215,3624.4019391103957,0.012188240738940896,-0.0023401248971992973,0.0010443266201783355,4333.139740371731,411.65161543715914,0.03950029865489399,-0.046286640532681424,-142.07597663689478
2.2800006514434507e-6,224.7007835834753,3503.765423911794,-0.00022847881210367817,-0.005715873182152086,2.9401729639031308e-6,365.2564753386852,3624.4019405373856,0.01223390533073517,-0.002346089535000605,0.0010439764374514998,4334.642291039519,409.2621341755629,0.03940903846955564,-0.04624321812304012,-142.14689552539173
2.2803916211078605e-6,224.70078358052768,3503.7654240716743,-0.0001732939990286852,-0.0057147314153107665,2.9405763512791733e-6,365.2564752716489,3624.4019419666683,0.01227935519101867,-0.002351252890295842,0.001043634012786833,4336.145362728701,4743.008012392472,0.0393191400789295,-0.04620003082411383,-142.21832891383252
2.280785806577711e-6,224.70078357752814,3503.7654242330855,-0.00011805170424374193,-0.005714171325926011,2.940979721501065e-6,365.256475204884,3624.4019433937824,0.0123248505174624,-0.0023569200437145187,0.0010432796572131262,4337.648955619951,404.46707481170455,0.039227770235565465,-0.046156986881914934,-142.29027198596833
2.281182979705643e-6,224.70078357451513,3503.765424395204,-6.305914098567589e-5,-0.00571325271526622,2.9413809739945164e-6,365.2564751381827,3624.401944821035,0.012370143126051824,-0.0023623042948628086,0.001042928819500921,4339.15306989399,402.0679779805371,0.03913686215159394,-0.04611389682452347,-142.36271993354703
2.281582667186077e-6,224.70078357145275,3503.7654245587164,-7.914942517427637e-6,-0.005712806251266562,2.941783338607519e-6,365.2564750716866,3624.4019462467268,0.012415576074831543,-0.0023681275461219778,0.0010425624698866289,4340.657705731615,4740.333480682108,0.039044151353776084,-0.04607059440427237,-142.43566797458516
2.281984600061345e-6,224.7007835683167,3503.765424724205,4.7265414006708204e-5,-0.0057127158275389065,2.942185643644965e-6,365.2564750053319,3624.4019476716608,0.01246103604878517,-0.0023742684563521715,0.0010421907950515026,4342.162863313685,397.2866097637978,0.03895066957643945,-0.046027106917912564,-142.50911129498684
2.282393371587448e-6,224.70078356519278,3503.765424889804,0.00010243182955716581,-0.0057123685975934285,2.94258730769227e-6,365.25647493910446,3624.401949096199,0.012506492276391473,-0.0023802158090525383,0.0010418115699041047,4343.668542821118,394.8930852258166,0.038856725354063745,-0.045984194925668756,-142.58304511562318
2.282803545841733e-6,224.70078356206048,3503.765425056019,0.00015724603281181532,-0.005711784434298027,2.9429864948275956e-6,365.2564748729737,3624.401950520266,0.012551669010949963,-0.00238598182767439,0.0010414373428487187,4345.174744434894,4737.672562131991,0.038763169782614536,-0.045940990997362485,-142.65746466943534
2.2832220210572266e-6,224.70078355887426,3503.765425223696,0.00021250916109601646,-0.0057115105208588235,2.9433878600251608e-6,365.25647480705396,3624.4019519430735,0.012597199921693024,-0.0023920609630276052,0.0010410410332170562,4346.6814683360635,390.10671120366,0.038667555619061635,-0.04589827284154915,-142.7323651602536
2.283631589376831e-6,224.70078355562444,3503.76542539334,0.00026718681100599114,-0.005712042352545812,2.943786436987526e-6,365.25647474141397,3624.401953362937,0.012642299832039128,-0.0023987785594593316,0.0010406563163946614,4348.188714705725,387.72167835826446,0.0385722620396563,-0.045854395042513846,-142.80774184157792
2.284061655829774e-6,224.7007835524162,3503.765425562051,0.00032251485613431734,-0.0057112451152460065,2.944186976700945e-6,365.25647467567177,3624.401954785206,0.012687871308973742,-0.0024044928869330308,0.001040246816423317,4349.6964837250525,385.3256525161169,0.03847554585180607,-0.04581196326183668,-142.88358994436948
2.2844923485062463e-6,224.70078354915276,3503.7654257326794,0.0003774462144275921,-0.0057112322622006936,2.9445846617839585e-6,365.2564746102409,3624.4019562051476,0.012733139869736041,-0.002410811612439095,0.0010398405042359364,4351.204775575279,4734.134302805875,0.03837896162284953,-0.04576983961471908,-142.95990471895476
2.284922296839093e-6,224.70078354583876,3503.765425904699,0.00043246017394349824,-0.005711627992707499,2.9449832803896242e-6,365.2564745450464,3624.401957622699,0.012778489106359156,-0.0024175243228527947,0.0010394227334129585,4352.713590437702,4733.255993833022,0.03828068812582482,-0.045727018035096934,-143.0366814207433
2.285355358833387e-6,224.70078354251925,3503.7654260772492,0.0004872312800654529,-0.005711677281475895,2.9453799643079993e-6,365.2564744799219,3624.401959040202,0.01282365329751455,-0.0024239624593128876,0.0010390079932059532,4354.2229284936775,4732.3750342733065,0.038182866610529075,-0.04568409579123369,-143.11391533216897
2.2857809741015677e-6,224.7007835390812,3503.7654262528144,0.0005419691081115625,-0.005713092047731854,2.945777665611178e-6,365.2564744151277,3624.40196045425,0.012868835006996043,-0.0024315503594909862,0.0010385855062322548,4355.7327899246275,375.7785166358753,0.038083178428810385,-0.045639875225449274,-143.19160171091755
2.286233532615347e-6,224.70078353579697,3503.765426425297,0.0005968425483005128,-0.005712416843177257,2.94617255673454e-6,365.25647435033346,3624.4019618699567,0.01291403854799021,-0.0024374360727365918,0.0010381533275882005,4357.243174912042,4730.618657769788,0.037984368257460446,-0.04559863225780491,-143.26973587283968
2.2866823574348823e-6,224.7007835323919,3503.7654266007903,0.0006519310763151234,-0.005712973366315457,2.9465697184334136e-6,365.25647428583693,3624.4019632827026,0.01295945342623473,-0.002444380272041615,0.001037707464760921,4358.75408363746,4729.742132164209,0.03788340246914105,-0.045556399281340795,-143.34831310077453
2.287130403183347e-6,224.70078352894944,3503.765426777505,0.0007066849888875915,-0.005713635378702809,2.9469648362194927e-6,365.256474221451,3624.401964694767,0.013004620435073066,-0.0024514183697648506,0.0010372632109441025,4360.265516282494,4728.868125528159,0.03778227535419746,-0.045513590525052154,-143.4273287054989
2.2875795861148346e-6,224.70078352551195,3503.7654269546106,0.0007611506391346366,-0.005714236896407451,2.9473578704603753e-6,365.25647415731083,3624.401966104585,0.013049562080503117,-0.00245840831415531,0.0010368233463183252,4361.777473028819,4727.993416468078,0.03768152707720088,-0.04547071030904323,-143.5067780086033
2.288041006381604e-6,224.7007835220202,3503.7654271330734,0.0008162396325863938,-0.005714912803946263,2.947753789991297e-6,365.2564740932742,3624.401967514308,0.01309498749391832,-0.00246552486205439,0.001036357944449232,4363.289954058171,4727.1194309921375,0.037578602208058476,-0.045428566735789384,-143.58665634166888
2.288502051803582e-6,224.70078351852484,3503.7654273120997,0.0008710513557069499,-0.005715902923259683,2.94814790822013e-6,365.25647402958765,3624.4019689204097,0.01314020452266495,-0.002472905471652624,0.0010358908907635825,4364.802959552349,361.44614153162996,0.037475057072011195,-0.045386200841717336,-143.66695905483155
2.288964821938527e-6,224.70078351503085,3503.765427491559,0.0009255176397769387,-0.005716572498573947,2.9485393937323086e-6,365.25647396601505,3624.4019703258805,0.013185149244118639,-0.0024800197308138578,0.0010354317263717033,4366.316489693216,359.0592562506068,0.037372460379414864,-0.04534366032158966,-143.74768150953525
2.2894368300120677e-6,224.70078351146574,3503.765427672815,0.000980474908271129,-0.005717760584154288,2.9489332349003637e-6,365.2564739026531,3624.401971729866,0.013230471054700673,-0.0024876118188306025,0.0010349488183559717,4367.830544662701,356.67485076014486,0.037267441384291104,-0.04530172260488865,-143.82881906625656
2.2899054885869166e-6,224.70078350790808,3503.765427854526,0.001034806470233246,-0.005719125698361915,2.9493232448452947e-6,365.2564738395938,3624.401973130809,0.013275328841329636,-0.0024953231743182758,0.0010344768394120506,4369.345124642784,354.2916285514397,0.03716319788041504,-0.0452592262342192,-143.91036711365496
2.2903828400873347e-6,224.70078350433852,3503.7654280366505,0.001089468755388297,-0.00571998926940046,2.949714576492689e-6,365.2564737765746,3624.401974531931,0.013320434540907672,-0.002502686007776612,0.001033990644031667,4370.860229815521,351.9072184015027,0.037057833414039294,-0.045216966397937784,-143.9923210517121
2.2908711855429942e-6,224.70078350078785,3503.7654282187727,0.001144239576454815,-0.005720645895281833,2.95010514875635e-6,365.25647371379114,3624.40197593131,0.013365602536872523,-0.0025098908329743586,0.0010334942752311448,4372.375860363027,4721.891270808256,0.03695182613719049,-0.045175822385026855,-144.0746762791359
2.291354764997011e-6,224.7007834972087,3503.7654284020387,0.0011985544397915186,-0.005721674456381733,2.950493235759233e-6,365.25647365130504,3624.4019773275804,0.013410432951570425,-0.002517396356400558,0.0010330051497303946,4373.892016467479,4721.020673085429,0.03684609729852424,-0.0451338431347429,-144.15742825802698
2.291842226560227e-6,224.70078349356402,3503.7654285870185,0.0012530818896185462,-0.005723152062254613,2.9508824950676357e-6,365.2564735890032,3624.401978722313,0.013455443249306726,-0.0025253120209259793,0.001032501478306056,4375.408698311119,4720.1560509515375,0.036738593565800004,-0.0450916800169994,-144.24057239437224
2.2923348111968926e-6,224.7007834899171,3503.765428772447,0.0013075643587013238,-0.005724623784339924,2.9512709226180937e-6,365.25647352693517,3624.401980115039,0.01350041851169138,-0.002533246718080055,0.0010319891142177044,4376.925906076251,4719.291099197575,0.03663027123227963,-0.04504978953807752,-144.32410414718288
2.292831925733887e-6,224.70078348628599,3503.765428957981,0.0013618801358561525,-0.005725871892459829,2.951657476302572e-6,365.25647346508254,3624.4019815058737,0.013545254722154435,-0.0025409892151336488,0.0010314811212236387,4378.443639945247,4718.4219844073,0.03652254875397718,-0.04500816912488526,-144.408018995234
2.2933330041065826e-6,224.7007834825841,3503.765429145376,0.00141638836403032,-0.005727643040507684,2.9520449846056167e-6,365.256473403446,3624.401982894888,0.013590254134904703,-0.002549199314103068,0.0010309578116997641,4379.961900100528,337.59680277010034,0.03641312081700281,-0.04496643526218485,-144.49231243620778
2.293836939875566e-6,224.70078347889995,3503.765429332776,0.0014707644874023232,-0.005729129160298569,2.9524313225815036e-6,365.2564733420292,3624.4019842817547,0.013635150858531916,-0.0025571956285929394,0.0010304337265840376,4381.480686724593,4716.69526054317,0.036303603009376226,-0.04492460583105424,-144.57697994485576
2.2943470722453705e-6,224.7007834751983,3503.765429520956,0.0015252010951348968,-0.005730856262690702,2.9528173181679203e-6,365.25647328088866,3624.4019856661052,0.01368009289869959,-0.002565409687930999,0.0010298983908377782,4383.0,4715.832110256857,0.03619288380064951,-0.04488320558187172,-144.6620170587954
