mu_1,P_1,t01,ecos1,esin1,mu_2,P_2,t02,ecos2,esin2,mu_3,P_3,t03,ecos3,esin3,mu_4,P_4,t04,ecos4,esin4,tcos,tsin,dphi,lprob
2.554282394961425e-6,224.70078242874538,3503.7695040608332,4.735902225050983e-5,-0.002337582057467319,2.9645166490833145e-6,365.25648455295294,3624.4082039488167,0.014638898990178175,0.0006017208502392142,4.038275356909087e-7,657.4500000000002,174.5871274003289,0.12276142407547766,-0.0007461716495240489,0.0009682725011750076,4223.480062218867,579.0101966259228,0.04930129844585039,-0.05972857025103901,-6.281936891534405e-6,-0.0017735727499586923,2.3003020391065143,-126.60009378537353
2.5504180732079525e-6,224.70078219471708,3503.769506708965,0.0004011511378958257,-0.002308435642175524,2.9661175367358823e-6,365.25648417583596,3624.4082081679294,0.014882469660402388,0.0006103001862721039,4.065520165889835e-7,657.6817106250094,172.38813856417187,0.12181231992305623,-0.001972447020225712,0.0009645506690433454,4226.852326945733,572.7655056754498,0.04946627335601003,-0.059922883528502176,-6.1627820403200156e-6,-0.0017800085161369104,2.300292317698921,-126.61378367489735
2.5473715349239925e-6,224.70078194718616,3503.7695095291897,0.0007727204980870951,-0.0022616172504547945,2.9678186491229083e-6,365.25648377539454,3624.4082126434523,0.01514059399788786,0.0006348126076579663,4.0967289491847875e-7,657.9135029137408,170.2231940849558,0.12079362301185226,-0.003337168026094344,0.0009604616439798286,4230.246600869208,566.332992703894,0.049638786891354765,-0.06013068127903478,-5.806184520375866e-6,-0.0017860611790305751,2.3002820724003263,-126.6290597258097
2.545070749652966e-6,224.70078168497236,3503.7695125427617,0.0011634363140226166,-0.002197877667852968,2.9696282491143344e-6,365.2564833530509,3624.4082173479865,0.01541431910518231,0.0006745987151644581,4.1316926538545343e-7,658.1453768949744,168.09018240283706,0.11973542506780648,-0.004810540330042595,0.0009559711635446168,4233.636446302121,559.76578959897,0.049816903635462234,-0.06035394193455388,-5.241450457295757e-6,-0.0017917750835533598,2.30027032201836,-126.6453373533225
2.5432652754382034e-6,224.7007814050356,3503.769515804432,0.0015737467393906056,-0.002119037528354309,2.971548620875133e-6,365.2564829100782,3624.408222253313,0.015703805230999963,0.0007280986802276133,4.1698148880863447e-7,658.3773325975035,824.3658049849083,0.1186837479584928,-0.006300492490385981,0.0009510848638293277,4236.980039417417,553.149545765227,0.050001194636864504,-0.06059223047066635,-4.575538201660898e-6,-0.0017973170108347629,2.300255096543958,-126.66214663060292
2.5418952512109785e-6,224.700781106364,3503.769519329271,0.0020052459010406827,-0.0020269873203686757,2.973589002152163e-6,365.25648244830336,3624.408227330609,0.016010236876783695,0.0007936981214385882,4.210772853436118e-7,658.6093700501281,163.91317461196135,0.11767049211915487,-0.007800457954869456,0.0009457754695852409,4240.254861544019,546.5341790092582,0.050189300354026474,-0.06084759851262045,-3.832227370462021e-6,-0.0018027311708511962,2.3002356663520596,-126.67916142972942
2.5408409777472666e-6,224.70078078712305,3503.7695231454654,0.002457338891318121,-0.0019224970280052498,2.9757452806696135e-6,365.25648196988425,3624.4082325464374,0.016333058143618212,0.0008706277606944744,4.2539738789262167e-7,658.8414892816608,161.85921291256355,0.11673680995677248,-0.00925579182399972,0.0009400662058016197,4243.431439964805,539.9719242521917,0.05038289818329277,-0.061120532497162094,-3.083900948941571e-6,-0.001808111988053754,2.3002097304865465,-126.69622256085775
2.5399693126397706e-6,224.7007804453032,3503.769527281818,0.0029326661268602784,-0.0018091007042210503,2.9780342275752983e-6,365.25648147816247,3624.408237853732,0.016674232669406968,0.0009556857320889877,4.29874277965545e-7,659.0736903209244,159.8188038453092,0.11593173806940178,-0.010621916559735938,0.0009339251646128837,4246.473474821543,533.5451908740263,0.050577407793424976,-0.06141505402357378,-2.4251582940669764e-6,-0.001813581190995973,2.300175183244669,-126.7133532962465
2.539172180927217e-6,224.7007800796963,3503.769531750225,0.0034303437435478966,-0.00168818257898626,2.9804489645193757e-6,365.2564809750734,3624.4082432258656,0.017032910665325654,0.0010476533709565684,4.3442931582178693e-7,659.3059731967497,157.78469949356366,0.11529267939741078,-0.011893777212131026,0.0009273828695416978,4249.355775896668,527.3045893486452,0.050773752640091284,-0.06173065605678173,-1.8878851046171104e-6,-0.0018192182205636234,2.3001312079537204,-126.73076632966433
2.5383211802563127e-6,224.70077968917164,3503.769536560037,0.003951342475384663,-0.0015632958107047407,2.9829945606282725e-6,365.2564804639302,3624.4082486179827,0.017409681777020753,0.0011435502517320641,4.390104542263277e-7,659.5383379379805,155.7492933107976,0.11484363622025406,-0.013064586973969118,0.0009204461585672956,4252.047563402982,521.3179666019432,0.05097086278893842,-0.06206949286786924,-1.480911534189079e-6,-0.0018251227916030457,2.3000792182131318,-126.74886301740725
2.5373765787495238e-6,224.70077927331374,3503.7695417031277,0.004496425136907468,-0.0014365259021177892,2.985675502240393e-6,365.2564799470819,3624.408254004493,0.01780506853891872,0.0012414267359912557,4.4354627592022163e-7,659.7707845734677,153.70428434591588,0.11461196297304103,-0.014140362432663164,0.0009131251069348101,4254.533475041439,515.6210255615082,0.051166532061547344,-0.06243323547747115,-1.238006839874096e-6,-0.0018313456769541753,2.3000181625237297,-126.76822637844303
2.5362844128754644e-6,224.70077883129287,3503.76954717918,0.005066330081106429,-0.001309956828253767,2.98849544230187e-6,365.2564794273633,3624.4082593543794,0.01821952159358513,0.001339406357963489,4.4797223855017095e-7,660.0033131320749,151.64195201390615,0.11461910328878565,-0.015113671586606904,0.0009054424861695872,4256.7953802634165,510.24301941955804,0.05136081391401041,-0.06282490865699863,-1.1826576961094034e-6,-0.0018379547942354202,2.2999480611057357,-126.78960983655824
2.5350426649017018e-6,224.70077836435658,3503.76955294673,0.005660736681008677,-0.0011851007078246747,2.9914516331442263e-6,365.25647890649833,3624.40826465042,0.01865270667153548,0.0014362492718687071,4.5226661709186016e-7,660.2359236426756,809.7933240567115,0.11485400132056164,-0.016027660775628706,0.0008974298444108445,4258.826854949336,505.1991710303552,0.051554523648869574,-0.06324431484765124,-1.2354778681572223e-6,-0.0018449466897067879,2.299872050851562,-126.81392281218686
2.5335099530174272e-6,224.70077787147142,3503.7695590044386,0.006279942587248325,-0.0010647296628087878,2.9945462540965797e-6,365.2564783866524,3624.4082698668904,0.019104673742710618,0.0015295299585701097,4.5633983584331294e-7,660.4686161341514,147.44513983450761,0.11534160755350167,-0.016878006503860534,0.000889114851975351,4260.597616593991,500.566306867624,0.05174587103869843,-0.06369062074607841,-1.416095191834437e-6,-0.0018524270465994266,2.2997911184261586,-126.84221423428913
2.53179408671919e-6,224.70077735442626,3503.769565298277,0.006923299745809476,-0.0009480299419091548,2.997772601106703e-6,365.25647786946723,3624.408274999326,0.01957483992913522,0.0016198259466998464,4.601603492599376e-7,660.7013906353968,145.30035957123044,0.11607052592675532,-0.017693948894052472,0.0008805458183123413,4262.121476960349,496.2848063627708,0.05193814176750921,-0.06416685790942522,-1.6674525872829649e-6,-0.0018603444812503025,2.2997062300909694,-126.87565458086208
2.5297787475460004e-6,224.70077681420307,3503.7695717873703,0.007591223446325396,-0.0008391970849659337,3.0011336169974193e-6,365.25647735681025,3624.4082800278575,0.02006337090369592,0.0017037149638002333,4.636847570829048e-7,660.934247175314,804.0538402027996,0.11703396386257547,-0.01850683201265443,0.0008717474467184344,4263.378203839544,492.42275444850475,0.05212856712385623,-0.06467098813533641,-1.9100973525723684e-6,-0.0018687496641723808,2.299622250662445,-126.91551600187226
2.5274321121403476e-6,224.7007762515485,3503.769578435937,0.008280614063670982,-0.0007380278791465484,3.004608905499132e-6,365.2564768497981,3624.408284953156,0.020567664197779875,0.001781318269827111,4.668295578249901e-7,661.1671857828171,140.90021873315436,0.11823955909573482,-0.01931407573915798,0.0008628100722174426,4264.367805078348,488.96586727620115,0.05232184402537453,-0.06520082688763051,-2.141587125867368e-6,-0.001877663739275717,2.299539534088017,-126.96315067988753
2.524795635742535e-6,224.7007756687057,3503.7695851773306,0.008991471929599124,-0.0006448944694795226,3.008197183513212e-6,365.2564763493839,3624.408289771743,0.021087648658051305,0.001852355097536372,4.695851543972863e-7,661.4002064868307,138.64187975267802,0.11966272230768925,-0.020168397578948224,0.0008537541342898555,4265.089462436215,485.9157539036571,0.05251731501728021,-0.06575525602518295,-2.249080605998344e-6,-0.0018870421711111858,2.299461636534544,-127.01996690918737
2.521715156054766e-6,224.70077506708893,3503.7695919597595,0.00971916368239905,-0.0005620230079771242,3.0118678120253738e-6,365.2564758571206,3624.408294477594,0.02161938507447378,0.001915080806427152,4.71832151576689e-7,661.6333093162873,136.3414642216793,0.12131730969089252,-0.021079148061002622,0.0008446854442425721,4265.52887762798,483.30543272519014,0.052718260812399394,-0.06632854362140247,-2.195395228149219e-6,-0.0018969445541829211,2.2993913996458963,-127.08740280552189
2.5181740265119593e-6,224.70077444932738,3503.769598708768,0.010462177871040786,-0.0004909764636347146,3.0156113310750112e-6,365.2564753745552,3624.408299063598,0.02216160552683717,0.0019682057267482187,4.7353546431438607e-7,661.8664943001326,133.9977269937891,0.12319032251721494,-0.02206436214853533,0.0008356474116891098,4265.683073871382,481.1475212660379,0.05292399327443069,-0.0669186145753178,-1.8973101230522173e-6,-0.001907353706153318,2.299332440255962,-127.16689728863601
2.514141367768365e-6,224.70077381679022,3503.7696053718723,0.011214427951384907,-0.0004304948646366384,3.0193858365344127e-6,365.2564749026055,3624.4083035339845,0.022709312896814333,0.002012899844131793,4.7458283626686723e-7,662.0997614673192,131.61023707095057,0.12529241229516505,-0.023163134772736817,0.0008267455132668688,4265.551240941262,479.4244577915105,0.05313990390103168,-0.06751916035549167,-1.3313559544320302e-6,-0.0019182594137818697,2.299284415954299,-127.25985854879572
2.509581949862865e-6,224.70077317308676,3503.769611853634,0.011973019895661515,-0.00038215019495292446,3.023173854415331e-6,365.2564744416832,3624.4083078972067,0.023260174270100655,0.002047937857411955,4.749353912815659e-7,662.3331108468127,791.5118437207207,0.1276075022275656,-0.0244166467189092,0.0008180330550740545,4265.137178867532,478.1512155617358,0.053364513208467315,-0.06812346201779562,-3.8521812727119024e-7,-0.0019296274556978405,2.2992515455305584,-127.3676306619709
2.5043273329523496e-6,224.70077252083223,3503.769618076207,0.012731281768146828,-0.0003501139665209984,3.026931472666475e-6,365.2564739946135,3624.408312133325,0.02380863769254211,0.0020700887297543337,4.744453758750931e-7,662.5665424675885,126.69963908831562,0.13015940600074677,-0.025843765453979883,0.0008096040018930863,4264.4186630168915,477.3827329747812,0.05359687643189041,-0.06872506005607934,9.716093681891116e-7,-0.0019415010986456745,2.2992365800335097,-127.49145853020492
2.498442003858481e-6,224.70077186150132,3503.7696239825964,0.013484726738699339,-0.0003312271619228819,3.0306287282629625e-6,365.25647356092924,3624.4083162631505,0.02435122462791903,0.0020819764393662336,4.730512895585115e-7,662.8000563586302,124.17384204290599,0.1329542042913306,-0.02749297414762734,0.0008015189429911007,4263.409728280777,477.0813256761361,0.05383871710143492,-0.06931717195616914,2.763803851684814e-6,-0.0019538278546697785,2.2992380948148794,-127.63245251428597
2.49176348698814e-6,224.70077119794672,3503.769629484863,0.014225138848384302,-0.0003282510025414298,3.0342114990329246e-6,365.25647314251006,3624.4083202753623,0.024881220507509422,0.0020816429324633573,4.706066879539025e-7,663.0336525489342,784.6316282075194,0.13601546440443,-0.02942997154505793,0.0007938767547764607,4262.0900674496215,477.3088322447287,0.05408939496976447,-0.06988852684382162,5.057310745334152e-6,-0.0019666322616199057,2.2992586260397916,-127.79155368376573
2.4842555890517506e-6,224.7007705321472,3503.769634508276,0.01494844087623602,-0.0003425836214603908,3.037652712473027e-6,365.25647274045906,3624.408324171572,0.02539536684004282,0.0020680060611167556,4.669971409442052e-7,663.2673310675048,118.96773622044533,0.13937400588604362,-0.031715288337183956,0.0007867130313103703,4260.455512907543,478.08459623962443,0.054342476738534484,-0.07043355753487589,7.866639045809981e-6,-0.0019799144466474687,2.2992981569917568,-127.9695012208584
2.475774796845214e-6,224.70076986478315,3503.769638994766,0.015644833269397248,-0.00037590774337819817,3.040885782136357e-6,365.25647235524207,3624.4083279594015,0.025885746066492018,0.0020401613649111737,4.6202025710920397e-7,663.5010919433582,116.2771396112705,0.14308597350222776,-0.03447069270397933,0.0007801340775420615,4258.48919973946,479.4546805543154,0.05459633838690619,-0.07093833927681467,1.1204210344238814e-5,-0.001993715608867554,2.299355684127411,-128.16680259621785
2.4663417590339486e-6,224.70076919775428,3503.769642863117,0.016312126696502262,-0.00042791093629420595,3.0438966226349033e-6,365.2564719879481,3624.4083316348297,0.026350740857933014,0.0019984242901373464,4.5561699833790544e-7,663.734935205521,113.51822003621784,0.14717442126884486,-0.03780618690094431,0.0007741410513509248,4256.18666735762,481.4423682001816,0.05484214636838447,-0.071398592877823,1.5114252305247309e-5,-0.002008021673188624,2.299431314565667,-128.38370774856895
2.455770834202049e-6,224.7007685276344,3503.769646094264,0.01693885265293746,-0.0004988305618299889,3.046602418038668e-6,365.25647163901806,3624.4083352047783,0.026780961970715812,0.001943194318298259,4.4741001723539307e-7,663.9688608830278,110.6724425649476,0.151782874973142,-0.041963359686759565,0.0007688415216420068,4253.5003883246045,484.12924965255706,0.055073324095536676,-0.07180087728713658,1.953400381709404e-5,-0.002022981025925618,2.2995191846109884,-128.6201868625912
2.4438126769043297e-6,224.70076784855397,3503.7696487069684,0.017522278566226797,-0.0005926507423799037,3.0489802857378054e-6,365.2564713081078,3624.408338673637,0.02717405988770988,0.0018718075136512167,4.371174055925028e-7,664.2028690049265,107.71426306874727,0.15705053902497598,-0.04723322562299031,0.0007642491462237826,4250.367106926141,487.68230329846887,0.05527166484570199,-0.07213342656804832,2.441352091485691e-5,-0.002038823164050743,2.2996165358468192,-128.875909612405
2.4300797391678147e-6,224.7007671479115,3503.769650802037,0.018051310586150282,-0.0007106424963814842,3.0509435057030022e-6,365.2564709943309,3624.408342051183,0.02752075115703047,0.0017846223067365503,4.242011841194478e-7,664.4369596002722,104.5960042611786,0.16321513918102962,-0.05417353449798082,0.000760478300791043,4246.673124308708,492.31869062085593,0.05542314615496245,-0.07237602540451632,2.9645688723715013e-5,-0.002055939634690386,2.2997153372884265,-129.15021983882653
2.413874630984031e-6,224.70076639759628,3503.769652629952,0.018521809333390354,-0.0008575664242706889,3.0524363101424968e-6,365.25647069410957,3624.4083453698977,0.027816731156312315,0.0016796871578508437,4.0765840378410477e-7,664.6711326981323,765.8822080076376,0.17075931105466002,-0.06387075534276605,0.0007575700933939252,4242.185652561659,498.4981166262347,0.055485381334120634,-0.07250923284414375,3.4976456821049133e-5,-0.0020751989067389746,2.299799588486477,-129.4420872887322
2.3933383420502362e-6,224.70076552390682,3503.769655040867,0.018921603641605153,-0.001048155283129759,3.05331530098612e-6,365.25647039991094,3624.4083486680283,0.028049768317625668,0.0015503483260721816,3.852656108915088e-7,664.9053883275847,97.29484323880557,0.18072935314316974,-0.07890463150136662,0.0007557041428160797,4236.309921417603,507.40802762589664,0.05537893278748981,-0.07248104993717876,3.968210883860645e-5,-0.002098749710202465,2.299834191225322,-129.74997246225297
2.360801523035597e-6,224.7007642142357,3503.769661858331,0.019234039505647005,-0.0013547872649400368,3.053190399335777e-6,365.25647007863773,3624.408352128615,0.028195068127396923,0.0013592461136283796,3.4795059823482447e-7,665.1397265177153,91.60724629789723,0.19720462132209637,-0.11056756745454084,0.0007552676426130876,4226.5509837322215,523.9957143505868,0.05474982596424945,-0.07213472694337945,4.029833057093462e-5,-0.0021357011954595355,2.2996691110100826,-130.0712506400638
2.3016364206103263e-6,224.70076152237934,3503.7696851350192,0.01971952902711909,-0.0022463605229809426,3.053298158216684e-6,365.2564698367805,3624.4083537802117,0.02844460759855058,0.0007830933131630002,2.7434524858200114e-7,665.3741472976229,742.3205259416384,0.22727852473906274,-0.20930972049132324,0.000753586220429859,4205.712014564171,563.7082574657078,0.051904574977649214,-0.07183107558254709,2.0538343668924047e-5,-0.0022109804120747575,2.2988167393024788,-130.39915558250826
2.293613761332487e-6,224.70076071810382,3503.7696821492987,0.020345430211740543,-0.0027102358718527025,3.0561529821513326e-6,365.25646988333716,3624.4083536031326,0.028886522167932603,0.00042477071947697023,2.546011093645739e-7,665.6086506964141,68.74453377039696,0.23185280377659298,-0.24760232766652152,0.0007495664537430701,4200.122870515073,573.0603927645656,0.050850475304828356,-0.0726711555597361,2.481562774850225e-5,-0.0022308749345648854,2.2988930285271345,-130.7388718289002
2.2947457770924e-6,224.7007604542674,3503.7696709515635,0.020828403075847234,-0.0030002580146572247,3.058437395822818e-6,365.25646995,3624.4083537597603,0.02922804971494107,0.00017813151545733734,2.465573151888578e-7,665.8432367432076,63.44606043033107,0.23114923794556214,-0.26464389627136714,0.0007470175473716413,4198.357633863006,574.6370993873113,0.05046583520576794,-0.07345531521820667,3.722162791976488e-5,-0.002236920582644495,2.2992373628329403,-131.09632174256774
2.2976149350476476e-6,224.70076042675154,3503.769655684391,0.021172831991124415,-0.003240598915572362,3.059935902934312e-6,365.2564700326103,3624.4083540322995,0.029462330885632552,-3.630572066783199e-5,2.419667217780376e-7,666.0779054671324,59.25235772872207,0.2282308726291083,-0.2742629881602419,0.0007458325401809168,4197.827159787181,573.8781173750325,0.05031954550300034,-0.07411104770989854,5.249824671784747e-5,-0.0022378574590803044,2.2996824264361675,-131.47059485410296
2.3006946528932288e-6,224.7007605720746,3503.769637272259,0.021378041628416326,-0.0034614925481360596,3.0605937251607185e-6,365.2564701320893,3624.408354351548,0.029586822917870015,-0.00023840789820567569,2.3908194228601253e-7,666.3126568973257,55.725287866298956,0.223731660135408,-0.27966794792607996,0.0007459382364294212,4197.980267260552,571.962601025757,0.050307235521162084,-0.07462799845365728,6.918582276781613e-5,-0.002235483716906209,2.30018489093235,-131.85981953972563
2.3033665839792165e-6,224.7007608690635,3503.7696160747355,0.021444728400215416,-0.0036747107030974946,3.060398553269814e-6,365.25647024904936,3624.408354672435,0.029601369761056675,-0.00043582401418785973,2.3736766548461358e-7,666.5474910629378,719.2678200315028,0.21777372769672174,-0.2819761443920416,0.0007472534437814749,4198.585235336876,569.4083867722551,0.050385139762312396,-0.07499961061800271,8.661444204976918e-5,-0.002230449788827138,2.3007262959543944,-132.26173436280382
2.305243552655907e-6,224.70076130636136,3503.7695922865128,0.021370463969917364,-0.0038864056349324234,3.059324234331107e-6,365.25647038509817,3624.408354949357,0.029503656792971955,-0.0006323032904614092,2.364444097470381e-7,666.7824079931263,50.119249609107655,0.21040554039963846,-0.28204572577712456,0.0007497476232242732,4199.484418571732,566.5531218642144,0.05052117447965799,-0.07522293970435867,0.00010430731814988258,-0.002223167840853308,2.3012927685768063,-132.67385837942655
2.306154140724778e-6,224.7007618788318,3503.769566053702,0.02115922689370803,-0.004102449980079404,3.0573932693194858e-6,365.2564705401477,3624.4083551676345,0.029296688472473017,-0.0008319161256093756,2.3618812079550649e-7,667.0174077170615,47.88068695571107,0.20168615927975572,-0.28019153734993985,0.0007533342402781172,4200.607392271751,563.5596867113504,0.05069231407816793,-0.07530176203194296,0.00012189466544396139,-0.0022138383898408303,2.3018749823712072,-133.09358859963027
2.305960528691019e-6,224.70076257315387,3503.769537568147,0.020820423744957475,-0.004321764543054034,3.0546584223384264e-6,365.2564707138673,3624.408355305563,0.028987707189545586,-0.001032740034194035,2.3646571924860534e-7,667.2524902639237,45.93406104849405,0.19133343827553906,-0.2771086225496229,0.0007578984376610766,4201.833601587837,560.6534403978782,0.05086871798101352,-0.07524399302669303,0.00013909218017430565,-0.0022028420510434845,2.3024611067740013,-133.51827270093074
2.304466230871403e-6,224.70076338950432,3503.7695068625844,0.020347562793733554,-0.004547255118751851,3.051079304806518e-6,365.2564709080991,3624.40835532551,0.0285714885672565,-0.0012364392082567055,2.371048774832361e-7,667.4876556629016,44.23648017886019,0.17929629911099343,-0.2731806961247924,0.0007634898142867193,4203.077811325194,558.0280378731633,0.05103226147464888,-0.07504283602489242,0.00015569638446511492,-0.0021903400272006305,2.3030448116485736,-133.9452642821912
2.3016474161329767e-6,224.70076432162048,3503.7694740476777,0.019747203870393523,-0.004775208750652619,3.046695465785718e-6,365.25647112193803,3624.4083552250113,0.028053098412069065,-0.0014393178327513935,2.3810944839092263e-7,667.7229039431967,42.7938693691209,0.165245049983374,-0.26869083668867755,0.0007700478319865356,4204.275303327134,555.7958036986286,0.05116240864428808,-0.07469994410307226,0.00017158205111067983,-0.002176545551387018,2.3036184385268323,-134.37195646340345
2.297269112509598e-6,224.7007653590889,3503.7694391584237,0.019019575381504835,-0.005001041238573628,3.0415036009339906e-6,365.25647135534837,3624.4083549850884,0.02743240856727922,-0.0016362561229762108,2.394135164564483e-7,667.9582351340182,41.616404995557794,0.14834114927874092,-0.2642938992425699,0.000777640140302582,4205.2801833349695,554.2516707281909,0.05122999667693643,-0.07419844500182783,0.00018682544191554585,-0.0021618847677225407,2.3041753089653088,-134.79578337069228
2.2912706152022336e-6,224.7007664955234,3503.769402181389,0.018156556594096037,-0.005211154206944307,3.035446335940695e-6,365.25647160888104,3624.4083545921003,0.026702642069913886,-0.0018150185451629773,2.410681344035819e-7,668.1936492645876,709.0210523849014,0.12761766079924095,-0.26018306763222376,0.0007864399337236874,4205.977873950016,553.600394502049,0.051215154412747724,-0.07350736561513922,0.0002016298633087089,-0.002146625360013492,2.3047093270546397,-135.2141719702616
2.364503162932439e-6,224.70079827217882,3503.768486495885,0.009375802080303836,-0.0056314675280469805,2.9642752213405207e-6,365.25648099587687,3624.408266248596,0.019054956443485458,-0.0022235919764595083,3.8963540151239086e-10,668.429146364137,310.2814964041985,-255.0152605492838,-1.2510358030093034,0.0005330220811425491,4299.279278143528,400.7765283202992,0.0039558455042529375,-0.0926744813069058,0.0004851705925857224,-0.0018335167296043538,2.3075207140052956,-135.48836485612526
2.3046889261766796e-6,224.70080618124086,3503.7682063031484,0.023803924510271177,-0.004304889322003177,3.0574393705575286e-6,365.2564807516355,3624.4082703353542,0.03067507803995128,-0.0010097315365156176,3.4652209382125133e-10,668.6647264619062,-30327.29600460451,-301.21648023245115,-145.0889997539287,0.0003683904822976985,4305.548558218927,405.6294337417994,-0.04888543867377886,-0.11571996150119543,0.0005981199067222711,-0.0018455500141814477,2.310899966173944,-135.24835316748877
2.3015736045722395e-6,224.70080948412325,3503.768050866904,0.030719754909728347,-0.004671498635242904,3.101787296117449e-6,365.256480707623,3624.4082708013075,0.0361768671420756,-0.001284066424973662,3.273819994148445e-10,668.9003895871484,-37524.90253346031,-331.1809467886832,-178.81735106360784,0.000316785506330785,4306.272634578128,406.1296552615617,-0.07439147797958057,-0.1290823651080605,0.0006367356618070394,-0.0018491887149225353,2.31188401514865,-135.12209784527064
2.293372997960443e-6,224.7008120831496,3503.7679052932126,0.03573895254023543,-0.004995121910246757,3.1343543343289496e-6,365.2564806476677,3624.4082715994527,0.04015665806158275,-0.0015188697724672021,4.203634785708219e-10,669.1361357691245,-32453.87096818443,-265.9781406916321,-154.92502712555546,0.0002842136381977058,4305.66788142986,410.83244789635853,-0.09400222438195385,-0.1387079060980525,0.0006682416050724654,-0.001853844185310484,2.3125930688133844,-134.9876253028291
2.2830521010181083e-6,224.70081425934114,3503.7677597697525,0.03960453552730397,-0.005342202072576151,3.1596321775677572e-6,365.2564805687891,3624.4082729485567,0.04321105817621671,-0.001773531044802952,4.272012348144204e-10,669.3719650371072,-34770.858915895544,-269.0529060519273,-165.72655623416122,0.00026104119826920265,4304.955336538227,417.70021578740744,-0.10974670598430167,-0.14583354091893425,0.0006957704786691677,-0.0018586723731967094,2.3131225737602863,-134.85958678510593
2.2725885370055103e-6,224.70081613982356,3503.767609146417,0.04273550509433871,-0.0057429399792565256,3.180178089131826e-6,365.25648047596235,3624.408274838122,0.045674775675676835,-0.0020753728684635795,5.662151460321078e-10,669.6078774203802,-27962.425374602437,-208.5457926609582,-133.70877638090158,0.00024300326220930157,4304.550708877322,425.39121984779723,-0.1230318058803538,-0.15139855958442577,0.0007207118420400652,-0.0018633426859886479,2.3135277442804516,-134.7525293699275
2.2626821560533267e-6,224.70081776484776,3503.767450804897,0.045341472892413213,-0.00620238934072555,3.1972844485741373e-6,365.2564803682034,3624.4082773016466,0.047714810182598294,-0.002430231210748768,6.806386546222129e-10,669.843872948235,-24508.51455452112,-178.18480987278775,-117.44795279212606,0.00022826811631213888,4304.590794923336,433.21489561484077,-0.13444862873172556,-0.15586508303055477,0.000743487493656814,-0.0018680090450886933,2.313841283221423,-134.6778765573554
2.2538667043969125e-6,224.7008191655611,3503.767282474438,0.04752380617677878,-0.00675298823120745,3.211573903466194e-6,365.25648024820856,3624.4082802910443,0.0494128866133252,-0.002864578804983223,7.609397507947591e-10,670.0799516499757,-22854.28712855812,-163.74827153265278,-109.63761573096947,0.00021577134956062957,4305.04063559442,440.8640363791108,-0.14451324379472735,-0.15961292110343586,0.0007641084130289812,-0.0018724568339539458,2.3140859136185252,-134.64738678450226
2.246578201602557e-6,224.7008203444853,3503.7671018386354,0.04937916556027148,-0.007379312958668026,3.223627179073135e-6,365.2564801184495,3624.408283759573,0.05084528814322718,-0.003366952314940075,1.1438418142332048e-9,670.3161135549166,-15559.415172240699,-111.89863782419766,-75.39774211342421,0.00020469734199447006,4305.748178694323,448.10308557231593,-0.15384948064495724,-0.1629882399056875,0.0007828453518061453,-0.0018767000608543411,2.314282538726586,-134.6729288573172
2.241071358627131e-6,224.70082135869853,3503.7669053929044,0.05090215882260254,-0.008106121700470351,3.233283374118748e-6,365.2564799949201,3624.4082873704433,0.052006118576123306,-0.00395663848901428,5.152965132624315e-9,670.5523586923803,-3127.111366834169,-25.523680504984235,-17.113916512967172,0.00019424631280116935,4305.821741495106,456.68148377745047,-0.1639337503978349,-0.16623086454358907,0.0008004713462560453,-0.0018792851506431686,2.3144649257657735,-134.76899429821688
2.2380496103550578e-6,224.7008221698207,3503.7666897841236,0.052077471226786076,-0.008925068935950138,3.2402968019962813e-6,365.256479891221,3624.408290808146,0.052880913162422494,-0.004627019694290733,1.4345240812093653e-8,670.7886870917025,-807.164494285837,-9.411361772929787,-6.232686664528667,0.00018366751341890184,4304.467895606675,467.8475731020211,-0.17636126997014093,-0.1695805436198299,0.0008175959774513323,-0.0018798184434510735,2.3146478227875287,-134.94105970949875
2.2377982877978765e-6,224.70082257752952,3503.7664567261036,0.05290580268535264,-0.009804557927988032,3.2448073107675807e-6,365.2564797683699,3624.4082946620315,0.053474140091567104,-0.0053554609299181315,2.1616152284743187e-8,671.0250987822267,-371.4267860287233,-6.378904439523863,-4.180923776409518,0.0001737715925334431,4302.412863922315,479.40064464939616,-0.1891843423810552,-0.17273347299926078,0.0008315149472723012,-0.0018811187782341152,2.3147893095453043,-135.186909837231
2.2423176231456577e-6,224.70082259476433,3503.766195667318,0.05309835391517299,-0.01082760144156016,3.244136396371702e-6,365.2564797276633,3624.4082969152178,0.05354095621093,-0.006205333486017205,4.1452516188763084e-8,671.2615937933084,50.286782884686765,-3.3796580489189667,-2.196975034875326,0.00016155038857559672,4295.131971184496,501.59135447662146,-0.2113199899083049,-0.17595692218619893,0.0008473814495921839,-0.0018780711244421938,2.314984527148421,-135.5175840511314
1.2205013451120715e-6,224.7007733403478,3503.765960115189,-0.010587212964857876,2.237009739220652e-5,2.88314951911179e-6,365.25647763542514,3624.408291086839,0.003525290179505046,0.0033347980872719596,1.0948802153091156e-9,671.4981721543137,-26649.065780848337,125.02499171077842,-125.85167217800084,0.0020801550755505218,4154.121854068715,848.8554290349667,0.0556185631179011,-0.014529538173018995,0.0011315467723530567,-0.0025727888782148354,2.3201574475144464,-135.837533478708
1.1489125597697127e-6,224.70077261984255,3503.765478189243,-0.010665571436922469,-5.96884600310495e-5,2.8860175643281026e-6,365.2564775582109,3624.408291341797,0.0034803699813777326,0.0032591953200004466,1.307435471616199e-9,671.7348338946169,-22565.334367943997,108.80556215562545,-106.6946290620231,0.002138731026127348,4161.843349203702,840.3804817711948,0.05647501632785169,-0.013942253729066397,0.0011751008971328176,-0.0026103268783533077,2.3211538735103447,-135.878860130453
1.0806096338159991e-6,224.70077197405135,3503.764925626652,-0.010735029490757336,-0.00018435715836049755,2.8888376296374306e-6,365.2564774752448,3624.40829159379,0.0034368422694135794,0.0031381920615192157,1.3367163719724805e-9,671.9715790436056,-22127.485534196425,109.67252752640904,-104.59612645302947,0.0021898985387454255,4169.863570569263,830.9780999199057,0.05725807312248817,-0.01350178431459607,0.001211191737393162,-0.0026442362051844756,2.32211631449197,-135.9685401421144
1.019650372702037e-6,224.700771536679,3503.76429002461,-0.010802311772588395,-0.00034263317633283664,2.8913930241718643e-6,365.25647739748933,3624.408291733404,0.0033880558666374992,0.002979843209796783,2.166840659177263e-9,672.2084076306747,-13483.401080624193,68.69091783881684,-64.14732778475233,0.0022298735443149866,4178.0083585208995,820.6209160305654,0.05793908952250124,-0.0132135947449782,0.0012362548315873697,-0.002671313984493725,2.3230032247994132,-136.1115249963171
2.0868559194881173e-6,224.70076692535423,3503.7660410871517,-0.02234387996286152,-0.010196297520772111,2.766417955756935e-6,365.2564859488389,3624.408179008373,-0.006763156233789291,-0.00554512761098105,3.922996945139008e-7,672.4453196852318,478.4746888604529,-0.2437931913123797,-0.22636773430953772,0.0008950566912135363,4080.662525813477,797.7242300061258,0.031616079765101,-0.0377812087582414,0.0008262758885029107,-0.002042537474229707,2.316577692224897,-136.79772747438034
9.38589975317621e-7,224.70077131991437,3503.7626788225534,-0.010912017403158924,-0.0007021656501116813,2.8951416991793264e-6,365.25647727579735,3624.408291647579,0.003293276969388342,0.002608660939375756,2.549914607949565e-9,672.6823152366945,-11001.796138461066,56.78074365018168,-52.48784181530282,0.0022576741146496217,4193.871917518255,797.2971878841746,0.05889726460489053,-0.01314050976231141,0.001239785652848212,-0.00269760580908921,2.324358949595277,-136.5458526960581
9.301907540058593e-7,224.70077176617224,3503.761622654521,-0.01096326574928879,-0.0009156699182213759,2.8958714814819917e-6,365.2564772197456,3624.408291657951,0.003242534417464821,0.002387957583124953,5.475667062481423e-9,672.9193943144892,-4837.108440586235,24.9416574681933,-23.67883839932923,0.0022356545507175025,4200.994681587282,784.6066133300053,0.05905333425583632,-0.013442885600866513,0.0012084643636815467,-0.002689633919884078,2.3246873226498876,-136.8308429111911
2.056376112456772e-6,224.70076584265976,3503.7644566530503,-0.02007921647464501,-0.008665021612096582,2.7871088444164703e-6,365.25648541062276,3624.4081873773157,-0.004711038255411464,-0.004250237880625368,4.0190855482479306e-7,673.156556948055,478.19202649725906,-0.18686537710654466,-0.19360740743024207,0.0010228397743289898,4097.618401416275,774.5248835525397,0.03768823278664041,-0.0350175730962755,0.0007368299488529953,-0.0020540264877672164,2.317272777631066,-136.91574334850597
2.0401951722140383e-6,224.70076558405424,3503.763542475571,-0.019107209953898443,-0.007883179336163249,2.7956950310592466e-6,365.25648511291996,3624.408191292491,-0.0038445442704422737,-0.003583055477353995,3.985164305457576e-7,673.3938031668389,477.5570089411347,-0.15879181839858897,-0.18281007911739486,0.0010818087176803143,4107.224694694323,760.7347745287829,0.03990120893795484,-0.0338716014446185,0.0006810006013518216,-0.0020617326343253064,2.317212623191793,-136.9608284485297
2.0539211353728377e-6,224.70082591391898,3503.7712073016296,-0.021720108333747136,-0.006331927546853524,2.784048364825339e-6,365.25648176238576,3624.4082247364136,-0.005730314163096535,-0.0022852375457009296,2.2969156529360242e-7,673.6311330003001,125.71007295219611,-0.2435347554103433,0.3382278541771711,0.0012406172045967534,4104.959242177738,751.8096379811991,0.04496866923524579,-0.03458339881435375,2.0439066004385736e-5,-0.0014986476204857655,2.2996772199858864,-136.9293210069545
2.0452420860760135e-6,224.70082534319687,3503.775250171193,-0.022475541648284313,-0.005798664426924373,2.7814932584636094e-6,365.2564815224604,3624.408223865252,-0.006279229912462725,-0.0018402462362173064,2.0263539998636156e-7,673.8685464779085,133.77041290141509,-0.2652427772751292,0.39533252929636853,0.0012452437945706626,4103.005854774715,762.9454629633454,0.04409073322004191,-0.03330446617778461,-1.464431023889838e-5,-0.0014970361428329995,2.2992440312730102,-136.54802993030208
1.8852416800825632e-6,224.70081310345512,3503.283836633086,-0.020769703901486917,-0.004784307925979724,2.801093932368532e-6,365.25647579504874,3624.4082929068013,-0.004841234071699405,-0.0008719799951304191,3.688026129486845e-11,674.1060436291418,100.44072958473413,-1944.2750554381112,0.4524464998808332,0.0012808214787144439,4139.340155670151,779.7292128685799,0.038913659272424135,-0.03390418694449574,-6.2195985698192536e-6,-0.0016836345584140481,2.306733629068307,-136.9039157037776
2.041738355071317e-6,224.70082380459215,3503.760133462298,-0.023396109472268358,-0.004744087844609578,2.7791600026378556e-6,365.25648117045176,3624.408220695416,-0.0068936832337392825,-0.0009551503037611799,1.496108738740279e-7,674.3436244834916,164.9053585598477,-0.31116818274459423,0.5706356912144305,0.0012602348446184967,4101.875809551512,774.937017836556,0.04286743847621131,-0.031123026494528815,-7.213956830366195e-5,-0.0014995026756074387,2.2984011521164227,-135.71209888359823
2.045285406309773e-6,224.70082288054482,3503.7640010595364,-0.023613058110089364,-0.0042930105955360405,2.7791324144805437e-6,365.25648103136984,3624.408218848838,-0.0070058619374297765,-0.0005830165323010553,1.227710863507986e-7,674.5812890704564,193.6421658016142,-0.33744196070671323,0.7154133181043846,0.00126899075156334,4102.53661157218,776.6138958034861,0.04245846230889016,-0.030324341842434408,-9.46551756696854e-5,-0.0015035752050452222,2.2980174675392093,-135.28572579614172
2.052197858610095e-6,224.70082183514074,3503.7653535545537,-0.02373402963796428,-0.0038836575929055454,2.7795218110359517e-6,365.25648092915367,3624.4082165123928,-0.007038510265868417,-0.0002445590214822163,9.411406059665766e-8,674.8190374195476,919.1811883182983,-0.3682003133707778,0.9593458990619482,0.001277757254529603,4103.5970150099265,776.4112410502466,0.04213592147026418,-0.02968964858183143,-0.00011511327042662664,-0.001508312264973694,2.29766959355093,-134.85537475328155
2.062682266195037e-6,224.70082066342428,3503.7660600279137,-0.023787747459996702,-0.0035199946553997516,2.780159376729047e-6,365.2564808598865,3624.4082136779816,-0.007014403610861695,5.6670426887054946e-5,6.223859395888038e-8,675.0568695602868,1032.4940830771482,-0.4091549949128259,1.4892706141882046,0.0012859177723856547,4104.798821974561,774.8389211283395,0.04188293020608681,-0.029231868544275143,-0.00013459727296645705,-0.0015129566962294692,2.2973568374934104,-134.42601239065635
2.0776757925516047e-6,224.70081953538266,3503.7665034969978,-0.02380948904288066,-0.003217665481911816,2.780825724151873e-6,365.256480831739,3624.4082103909946,-0.006961178312824384,0.00030687321211199663,3.0074148334250936e-8,675.2947855222042,1388.973653555405,-0.4798704859611473,3.1466719108887364,0.0012913410780748878,4105.677989558899,772.6312483640661,0.041664144550469934,-0.028987259684330004,-0.00015391967936539147,-0.001514799881991838,2.2969715662710257,-134.0006108409495
2.0948867019566525e-6,224.7008188076929,3503.7668339578117,-0.023801085313231052,-0.0029828245949205558,2.7816237962943953e-6,365.2564808082737,3624.408207656148,-0.006884690123100625,0.0004961031041132936,9.248789962573058e-9,675.5327853348427,228.06855420959783,-0.7902569578419283,10.317144058974437,0.0012925365998090273,4106.5103700231175,770.1995232000064,0.04139484104885554,-0.028926395105810205,-0.00016962223491544349,-0.001512881572279803,2.2963916323962783,-133.58295020267184
2.1081027758248256e-6,224.7008186540202,3503.7671246468763,-0.023708469041801707,-0.002790937296491091,2.783084170835406e-6,365.25648070357323,3624.4082070791787,-0.006751327927492616,0.000639124062667195,1.1090284537903796e-8,675.7708690277534,1872.2012239472504,-1.0223390134752117,8.555579146746043,0.001291537855942974,4108.637930806151,766.8755169210885,0.04101691909270338,-0.028916688449307427,-0.0001756455617267245,-0.0015115980801596292,2.295673758703505,-133.18359535880015
2.123272896025827e-6,224.70081833533794,3503.767345886358,-0.023569354287475263,-0.002616602093718076,2.7847368245328523e-6,365.2564806705506,3624.408205705716,-0.006578612888439685,0.000769125021242278,9.190780200702783e-9,676.0090366304995,2238.1553781321363,-1.3500843332443735,10.268748569554914,0.00129013097178523,4110.716998913671,762.7927268191464,0.040716007110331014,-0.028983962251340808,-0.0001823730828501734,-0.001510902214650637,2.2950056285737803,-132.8018556024988
2.1380172597208586e-6,224.70081791664077,3503.7675243565577,-0.023406783574167193,-0.0024553860367797302,2.786520725099248e-6,365.2564805564808,3624.4082052327526,-0.006390114153422515,0.0008869547295728052,4.724631292694207e-9,676.2472881726546,4965.1261125685305,-2.8867252394737912,19.808051544510604,0.00128948520184101,4113.266381832188,758.2392590513167,0.04040383379894663,-0.02913081640925264,-0.00018767748413378504,-0.001511569941076158,2.2944505368868326,-132.43702631524303
2.1524811754576656e-6,224.70081751837773,3503.767676088468,-0.023203584533041513,-0.002312437109095062,2.7885354953299348e-6,365.2564804577547,3624.4082048556033,-0.006171450466045126,0.00098838957248349,2.7132521429032856e-9,676.4856236838011,8040.038137708641,-5.733656359643222,34.09655981246958,0.0012883998659740594,4116.080054995112,753.1424004704501,0.04011905918165787,-0.029320739347561794,-0.00019139258603327003,-0.0015129567295350842,2.2939190106068463,-132.09272878131128
2.1664237351256073e-6,224.7008171211961,3503.767806804139,-0.02296609446322736,-0.0021838758343985755,2.7907472520947132e-6,365.2564803635637,3624.4082046547646,-0.0059279783712564375,0.0010767334116160551,2.4052997352309357e-9,676.7240431935342,8858.595596801124,-7.478208670665212,37.900833432805065,0.0012870026084316282,4119.130369907653,747.630097689825,0.0398593282947029,-0.029546836821774256,-0.00019381017703838657,-0.0015151387043957976,2.2934261548474923,-131.76928192808091
2.1800477220961446e-6,224.7008166898221,3503.767920056482,-0.02270435777733304,-0.00206784679919254,2.7930861957458587e-6,365.25648026764685,3624.408204585006,-0.005667327848540679,0.001154223758603043,2.061353787184528e-9,676.9625467314565,10061.495701948988,-9.854794658171112,43.485910895772825,0.0012855889336403383,4122.34864086865,741.8170107440804,0.03962553817649736,-0.02980731384460504,-0.0001953903516442763,-0.0015180258623977286,2.292990116569278,-131.4649080158039
2.193421301433468e-6,224.70081623342202,3503.768019410118,-0.022424184961632797,-0.0019657621618903802,2.7955167226264893e-6,365.2564801744002,3624.4082045727732,-0.005393974250529782,0.0012202616853405632,1.5298742707760956e-9,677.2011343271839,12409.989027277432,-14.665380588385093,57.52283205143039,0.0012842507331059928,4125.69679737353,735.744758610438,0.03941871808526174,-0.030097884014342078,-0.0001963213428705498,-0.0015214328583566042,2.292604364259234,-131.17868277722468
2.2062963898813927e-6,224.7008157651681,3503.768107799826,-0.022125035513738022,-0.0018748466391925408,2.7980496607334144e-6,365.2564800879886,3624.40820461494,-0.0051076733569884415,0.001276829559865126,1.5419620520672502e-9,677.4398060103421,12742.466463062061,-15.933046900069789,55.919734370263626,0.0012828178301322911,4129.153283428787,729.4855901644135,0.03923909161734643,-0.030407612990885374,-0.0001965831289448824,-0.0015253523180399642,2.292262620503668,-130.91092414259344
2.218862955149011e-6,224.70081526518325,3503.7681868369955,-0.02181397307175481,-0.0017945204277309617,2.800639432256141e-6,365.25648000653905,3624.408204641158,-0.0048135569971466665,0.001325014878112093,9.331621999198917e-10,677.6785618105653,20196.964663373747,-28.20221149706791,90.47296285240805,0.0012815647124674186,4132.688254442366,723.0842851679106,0.039087117912651785,-0.030732353166916332,-0.0001963917368200225,-0.00152970542291646,2.29197502239571,-130.65872572291946
2.230945918647023e-6,224.70081476214486,3503.7682582094412,-0.021491947097516298,-0.0017253745727097932,2.803287122436533e-6,365.25647993398866,3624.4082046675844,-0.004512552165023845,0.0013642452328714557,6.958038818756451e-10,677.9174017575009,26280.419209331583,-40.255222375128206,118.64808398655047,0.0012803205347359128,4136.289552052847,716.5784086756355,0.0389608749783213,-0.031067445721489215,-0.00019574508614174518,-0.001534366618807667,2.291725077784071,-130.4227845398615
2.242431488236388e-6,224.7008142546462,3503.768323091285,-0.021159795922080154,-0.0016657910227168044,2.805991892190117e-6,365.2564798717007,3624.408204666694,-0.004205281453418979,0.001395822030733183,7.975501247779415e-10,678.1563258808044,22499.34962308139,-37.13829519960588,101.10532244322232,0.0012790676763797515,4139.92546290769,710.0527559874547,0.03885920677518982,-0.031405709324149385,-0.00019469581266424915,-0.0015393502615233894,2.2915137705163384,-130.20214831795155
2.2535026367855912e-6,224.70081373453954,3503.7683823248067,-0.02082212097824351,-0.0016150042890053303,2.8087239501575517e-6,365.2564798179158,3624.4082046232697,-0.003895002364713713,0.0014207559884597519,7.03695396308326e-10,678.3953342101431,24831.424029259175,-44.03002931529619,111.88399942758959,0.001277960302326669,4143.606734056115,703.4652443979052,0.03878261158520661,-0.031746246684835874,-0.0001933617905199807,-0.001544557116933378,2.2913425185657896,-129.99448703090155
2.2641014878305447e-6,224.7008132146393,3503.7684366218614,-0.020481784542573694,-0.0015735306631616528,2.811469423885936e-6,365.25647976804646,3624.4082045788773,-0.0035842247036605873,0.0014386741752933777,5.838776036283231e-10,678.6344267751954,29089.54748206932,-55.222863517753716,131.5711466323939,0.0012770340217331886,4147.334831728632,696.8407787789463,0.0387264991912224,-0.03208897161476264,-0.00019176956722737369,-0.0015498950984081956,2.2912044758948835,-129.79898854645262
2.274270141015967e-6,224.70081269624689,3503.768486609168,-0.020138561080179647,-0.001540082549838128,2.8142338985607545e-6,365.25647973252376,3624.4082044429733,-0.0032721836191695495,0.0014507458265597727,6.03985769343645e-10,678.8736036056475,27481.902173129067,-55.17085213214726,124.09931329566687,0.0012761832038633196,4151.083200611487,690.1989889446199,0.038692453590803436,-0.03242674708995142,-0.00019003728651856798,-0.0015553100469447873,2.2910931636695917,-129.6149988860878
2.283820617500664e-6,224.7008121755058,3503.7685328430684,-0.019794975326763276,-0.0015152953535404166,2.8170007131515382e-6,365.25647969756596,3624.4082043153294,-0.002961375104130084,0.0014564452501777245,4.884327112905519e-10,679.1128647311996,33011.77207715115,-70.23954688066459,149.65092590626332,0.0012755472980104808,4154.8577314000395,683.6043463774046,0.038676530333206574,-0.03275964040321753,-0.0001880358142229436,-0.0015608892252393684,2.29101889023635,-129.44055940772893
2.2929793804264053e-6,224.70081166013148,3503.7685756708056,-0.019451640140270305,-0.0014975254341496036,2.8197735457750463e-6,365.25647967917075,3624.408204065751,-0.0026513538323513623,0.001457315410822258,4.763837114837018e-10,679.3522101815587,32355.82225620373,-73.64305835131488,149.71999104179443,0.0012750171941780313,4158.644622951853,677.0053180036757,0.0386812102497791,-0.0330817297333725,-0.00018599511099963166,-0.0015664558869473225,2.290965840753382,-129.27534059950347
2.3017119630440044e-6,224.700811147729,3503.7686154745265,-0.01910996914995693,-0.0014848889890815627,2.8225403216217066e-6,365.2564796676992,3624.4082037783,-0.0023435595908681576,0.0014547479641871684,4.773102929094554e-10,679.591639986445,31523.728237230964,-74.87184192897644,145.83509752984176,0.001274649008565267,4162.459943078742,670.3957213800085,0.03870424971723454,-0.03339505766709254,-0.00018386043938749792,-0.0015720156459362424,2.2909365342574994,-129.118021103266
2.309941859842056e-6,224.70081064359934,3503.7686525445124,-0.018771707482459387,-0.0014803281262869205,2.825295815853444e-6,365.25647965987275,3624.408203461977,-0.0020393921505079135,0.0014465428674382682,4.366133019872204e-10,679.8311541755891,34327.099390769275,-83.16297381824043,155.61111695086987,0.0012744910214823398,4166.295077479059,663.837928695211,0.03874046060528763,-0.03369854293155258,-0.00018163264297102732,-0.001577555071511652,2.2909300710394205,-128.96738938236254
2.3178417951294357e-6,224.70081014710792,3503.7686871282444,-0.01843711844188303,-0.0014804080134397976,2.8280379722139643e-6,365.25647966071085,3624.4082030985014,-0.0017385833452075248,0.001435463057379953,4.5363159155569736e-10,680.0707527787296,31637.755099236525,-81.00934053232234,146.28722869871896,0.0012744954775547003,4170.16542016682,657.242277713492,0.03879356939144313,-0.03399050782318012,-0.00017941636340771286,-0.0015829858911151926,2.2909394413771555,-128.8229086503813
2.3253519054355754e-6,224.7008096574721,3503.7687194955424,-0.0181070682071404,-0.0014860725175803438,2.830763506196256e-6,365.2564796678818,3624.408202688433,-0.0014418161283604358,0.001420914984824529,3.955655123613408e-10,680.3104358256187,36162.07265216034,-93.6594717074644,164.0003958986782,0.001274712222407911,4174.069875728916,650.637344293523,0.038860978631624236,-0.03426928566964498,-0.00017717789291008478,-0.0015883348108749072,2.2909673027517403,-128.68313500227583
2.3324739684879292e-6,224.70080917844444,3503.768749807668,-0.01778165094414127,-0.001496229697326657,2.8334729407790947e-6,365.25647968050765,3624.408202245349,-0.0011491642220164617,0.0014037048824471392,4.0380479301321293e-10,680.5502033460162,34690.509512201905,-92.29076507612501,157.1616722048659,0.0012751172081160254,4178.004022426223,644.0342691468695,0.038942212404096614,-0.034534598085633826,-0.00017494315728671837,-0.0015935695123156293,2.291009484423965,-128.54788144257944
2.339347551405651e-6,224.70080870529154,3503.768778290302,-0.01746242178432907,-0.0015095472901586033,2.836156860383858e-6,365.2564796974543,3624.408201771997,-0.0008615432483575556,0.0013850360645751754,2.267100331839742e-10,680.7900553696948,60071.414229627015,-164.6247397476411,274.2414392582283,0.0012757734937034666,4181.994878991124,637.3589811761836,0.03903705275530368,-0.03478557388814122,-0.0001727303454440642,-0.0015986418371367204,2.2910661320908767,-128.41518285826757
2.0512157776442184e-6,224.70077033762826,3503.7695482512268,-0.012538260618239525,-0.0010371706645781339,2.865042693253058e-6,365.25647371192474,3624.4082541097405,0.0025378487241973463,0.0023129576465246277,4.332877402390732e-7,681.029991926437,422.1692797556039,0.10754293767800456,-0.000771682892044055,0.0016590116345675241,4318.703148125757,409.83873929861835,0.04395238667490207,-0.02633694218280199,3.0664622426023255e-5,-0.001971436137391689,2.3096223392882917,-128.203770666713
2.072950946019855e-6,224.70076999394345,3503.7695637127204,-0.012346991753867375,-0.0007745895273443917,2.8663755995905407e-6,365.25647318423364,3624.408260408061,0.0027160687390997314,0.0025193862403726625,4.2229220465260395e-7,681.2700130460344,419.08606462477184,0.1135827521408975,-0.0009634741984996814,0.0016547596692663125,4324.739097320857,395.43159748543593,0.043914744371338375,-0.02644108818504045,2.7843576142631393e-5,-0.001961756782738594,2.3094284815434336,-127.94040139425535
2.095154361222949e-6,224.70076964190832,3503.7695785672267,-0.012150523829644528,-0.0004899785926021237,2.867750084605672e-6,365.2564726191487,3624.4082674004017,0.0028990902102487316,0.002742586622001649,4.103102921989103e-7,681.5101187582914,415.9710556357569,0.12050111443696854,-0.00021509575508615766,0.0016505194915032017,4330.844569108458,380.71001888563336,0.04390023759575402,-0.02652766496165763,2.4631511438442776e-5,-0.0019516464991180817,2.309215939486711,-127.68451827629143
2.1183582262834094e-6,224.70076926667005,3503.769593032992,-0.011949101798903733,-0.0001776803395648042,2.8691631770143607e-6,365.25647200910515,3624.4082752364934,0.00308758914269105,0.0029876213864426493,3.9703496028842763e-7,681.7503090930203,412.84082337721316,0.12865476113665447,0.0020094015608602637,0.001646362439685924,4337.0389620305605,365.5153194958129,0.04391481456723645,-0.026600605608487565,2.0823990706485355e-5,-0.0019409068708828245,2.3089760510200485,-127.43580038735627
2.1442891384208332e-6,224.70076882422273,3503.7696076788116,-0.011743729310400108,0.00017985254304706132,2.8706026230435955e-6,365.25647133437565,3624.4082843105484,0.0032831202973354684,0.003269999744525835,3.817658473467105e-7,681.9905840800461,409.7341057944825,0.13882325025355663,0.006883100621400151,0.0016425694407101443,4343.441898733921,349.24649636302263,0.0439740094114671,-0.026673409095782044,1.5988605983127752e-5,-0.0019288268601230039,2.3086889488770663,-127.19338119265606
2.1782648113254846e-6,224.70076817776302,3503.769624317388,-0.011536147073160448,0.0006356560679232837,2.8720387035570555e-6,365.2564705410042,3624.408295755744,0.0034913881281757224,0.003636384229756211,3.623666307917783e-7,682.2309437492042,406.78462120589336,0.15311936985865765,0.01785560002691881,0.0016398406417408365,4350.34374230013,330.2077299776025,0.04413163445337489,-0.026790017075517206,9.01290421550372e-6,-0.0019132190510028966,2.3083008473255044,-126.95500986599265
2.4397724872472957e-6,224.70076236593906,3503.769723983822,-0.011983125297117826,0.002494426659581376,2.8689767913085467e-6,365.25646815981577,3624.408342778332,0.00349079261194452,0.005303439940203824,2.691013265654942e-7,682.4713881303385,413.91492628763456,0.22086390062145952,0.16673031070604916,0.001659110478760971,4358.744268761513,265.11362282002574,0.04695200563086602,-0.029464792874552836,-1.1902435832532825e-5,-0.0018003571891215709,2.3064787383816037,-126.70719097675477
2.492163087091295e-6,224.70076195665163,3503.769744620911,-0.012148275568981093,0.002720190161378502,2.8684320248225783e-6,365.2564673678337,3624.4083537357174,0.003436544957080066,0.005505806192381189,2.503576267170882e-7,682.7119172533061,415.01936751157956,0.2277931090992287,0.20169175899270483,0.001653477215654459,4359.803038256313,256.92147826502924,0.04746567906405947,-0.030097822092577314,-8.348223272075116e-6,-0.0017733326585175797,2.306071324467489,-126.4129256087948
2.509396792085255e-6,224.70076225305,3503.769750760318,-0.012134915284750063,0.0028391112425077457,2.869001978109705e-6,365.2564667521869,3624.408360733155,0.003474813251549768,0.005596843405869003,2.413254217463942e-7,682.9525311479717,413.912562848961,0.23002311521287505,0.21524386054531683,0.001644826256232359,4361.834252764798,252.6723660077824,0.04753653665843606,-0.03028154215012964,-6.239914802664928e-6,-0.0017618114721163138,2.3058063398928486,-126.13427509629715
2.5171743138860266e-6,224.70076271765527,3503.769752866216,-0.012064197974613278,0.0029304503663353373,2.8699127649296974e-6,365.25646619395206,3624.408366673149,0.003545301585384578,0.0056589191965684925,2.3455018887863174e-7,683.1932298442131,412.1964474873019,0.23124567389677256,0.2233901804524208,0.0016348960744841368,4364.021987509975,249.58667901060178,0.047492675092938176,-0.030354521056393555,-4.6934744843415154e-6,-0.0017546551021694638,2.3055844388898414,-125.87365338026412
2.5204558666280394e-6,224.70076324700477,3503.76975309522,-0.011962616168020832,0.0030017867203411637,2.8709979528142836e-6,365.25646567889925,3624.4083719873797,0.003634307203194135,0.00570201756184281,2.2848509028793562e-7,683.4340133719182,410.2488028410203,0.23211234136991996,0.2295813642510464,0.0016238915305417318,4366.06955875217,247.43510353837308,0.04740124474583289,-0.03038765360654461,-3.371504847385489e-6,-0.0017497284397716105,2.3053922424132645,-125.63196074934582
2.5208115161037216e-6,224.70076381154246,3503.769752046164,-0.011837963096157473,0.003058664349981204,2.872205991109361e-6,365.2564651992247,3624.408376845232,0.0037375187090627144,0.005731400472508279,2.2283907791025238e-7,683.6748817609835,408.15342360379833,0.2327442158812174,0.23460408964827859,0.0016120798511537716,4367.973658389052,245.9646542161569,0.04728180001100167,-0.030398940348683127,-2.2495912357177686e-6,-0.0017463212839356462,2.3052216149273868,-125.40967739874742
2.5191670059086758e-6,224.7007643923104,3503.769750123679,-0.011695433670093939,0.003101416109276901,2.8735036705272984e-6,365.25646475392125,3624.4083812961385,0.0038521589541017386,0.005748114829498509,2.1733097437424741e-7,683.9158350413186,405.9910287352413,0.23329287963213216,0.23911436934358216,0.0015995478260376012,4369.670908263669,245.15723474238416,0.047146602011969324,-0.030402013957403856,-1.2574825439171807e-6,-0.0017440318158091215,2.3050703457480552,-125.2070508111489
2.515842308358453e-6,224.70076498293446,3503.769747461861,-0.011536353857158512,0.0031315844093884036,2.8748820495090365e-6,365.25646434062355,3624.408385379681,0.003977520318456515,0.005753494875199724,2.1196402472035458e-7,684.1568732428412,403.7661665415354,0.23376022602220894,0.24317691510134976,0.0015864403807620833,4371.1799913860505,244.92196922091404,0.04699993242091265,-0.030398647516829327,-4.191535500384501e-7,-0.0017427140886594485,2.30493589891993,-125.02416205761534
2.5113359780991074e-6,224.70076557385872,3503.7697442778767,-0.011363607220134377,0.0031494025074693924,2.8763226512341335e-6,365.25646395907444,3624.408389120299,0.004112017029406118,0.005748160110577042,2.065779618369445e-7,684.3979963954816,401.5300406917957,0.23426913412830275,0.24716315010189,0.0015728304487721801,4372.4694282569235,245.24542495323945,0.04684888545455648,-0.030396271507319755,3.1988950358092186e-7,-0.0017421463524288651,2.304817326410959,-124.8609590706984
2.5059085388879407e-6,224.7007661620696,3503.7697406419243,-0.011178816853948259,0.003155570642072316,2.877811085777749e-6,365.2564636096022,3624.408392518369,0.004254500491321936,0.005732860683857544,2.0116298176327086e-7,684.6392045291805,399.29447397999803,0.23484162560094218,0.25115715387438364,0.0015588195539620205,4373.545585303617,246.06237216764322,0.0466970338894156,-0.030399143151037995,9.529407035453145e-7,-0.0017422025990391772,2.3047123590023024,-124.71727863573722
2.4997161300878088e-6,224.70076674487566,3503.7697366147354,-0.010982198288060145,0.003151134672992766,2.8793493367369825e-6,365.25646328916366,3624.4083956138543,0.004405046758152427,0.005708393220409421,1.9575764778482678e-7,684.8804976738869,397.061624843758,0.23542916365912103,0.25519333339249256,0.0015445036611603296,4374.431347678744,247.31429743098766,0.04654505131871417,-0.03040680606713764,1.451986658908163e-6,-0.0017428012312555882,2.3046187350374847,-124.59286291559589
2.4928262296969208e-6,224.70076732034536,3503.769732260359,-0.010774786437061071,0.0031352279562594245,2.880928163680877e-6,365.25646299975335,3624.4083983839914,0.004562909014021676,0.005674273140547934,1.9029605003484884e-7,685.1218758595634,394.84930191045675,0.23618171161804682,0.25933709107536873,0.0015299282814412632,4375.1145235336535,249.0052310669734,0.046395088472320455,-0.030421583852389886,1.8603368869340063e-6,-0.0017439176321365766,2.3045380366260533,-124.48737335276161
2.4855310262184577e-6,224.70076788585882,3503.7697276410713,-0.010557956316522824,0.0031102011882863413,2.8825400625775716e-6,365.2564627380763,3624.408400872448,0.004727266224535931,0.005632404041786862,1.847918829236727e-7,685.3633391161804,392.6704871794638,0.2370850465130108,0.26368347920416524,0.0015152039282379554,4375.617693922835,251.0507825409752,0.046249948666404424,-0.030445278043141094,2.1459790081544352e-6,-0.0017453967802472388,2.304465723373831,-124.40040300531385
2.4776105510734467e-6,224.7007684423269,3503.7697227590656,-0.010330410465200461,0.0030737376846977564,2.884190771833847e-6,365.25646250568695,3624.4084030561094,0.004898880119146267,0.005580946081257857,1.7925660322929417e-7,685.604887473721,390.51902475527515,0.23822569077484756,0.2681334726059751,0.0015003357834735493,4375.94417698238,253.4687026573938,0.0461071725914598,-0.030476510590184906,2.341946376644252e-6,-0.0017473539072876561,2.304405932537888,-124.3314876477159
2.4693879847570273e-6,224.7007689868602,3503.769717689617,-0.010094113340037602,0.0030288634846473692,2.8858682555431462e-6,365.25646229877594,3624.4084049890193,0.005076473407507631,0.005522373731061133,1.736511532386318e-7,685.8465209621784,388.4203891235905,0.23974671365920952,0.2728005305854338,0.0014854440991615423,4376.125825210562,256.1482283408858,0.04597028826221822,-0.030517319383198564,2.443277517378631e-6,-0.0017496158139146856,2.304354753588561,-124.2801155730262
2.460746670676767e-6,224.7007695193913,3503.769712455992,-0.009849003196977648,0.0029724782694685024,2.8875713123423853e-6,365.2564621205911,3624.408406627872,0.005260046707816665,0.005454424863098199,1.679228653968297e-7,686.0882396115547,386.39954651630535,0.24176246104086732,0.27780120689623455,0.00147050095386366,4376.128065355411,259.17237235793107,0.045838876494208806,-0.030569197670474627,2.4959147617918087e-6,-0.0017522463721093464,2.304315680732648,-124.24573633436411
2.451791569298432e-6,224.70077003844,3503.769707104421,-0.009595080603435736,0.002906928295074095,2.8892997052654513e-6,365.2564619661363,3624.4084080381945,0.005449580045827208,0.005378871661792186,1.6206280704150152e-7,686.3300434518654,384.47063605316663,0.2445231704282653,0.28310550638474435,0.0014556015827264512,4376.006631872382,262.41160489740827,0.04571247158504901,-0.0306309584487446,2.5017725839392817e-6,-0.0017551816535276502,2.3042875809115646,-124.22776786462248
2.442406090749882e-6,224.700770545012,3503.769701633489,-0.009332467025724848,0.0028298662593687976,2.891051822228095e-6,365.2564618377013,3624.4084091891846,0.005644937695473212,0.005293956150879371,1.560808537421186e-7,686.5719325131337,382.6446417140757,0.24803584169879833,0.28878062901257034,0.0014407347584453206,4375.733369059426,265.9381997349196,0.04559118165609718,-0.03070258904437579,2.469052194699343e-6,-0.0017584772073348238,2.304271943371183,-124.2256018959116
2.4326715144222817e-6,224.7007710355206,3503.769696138873,-0.009061459761716475,0.0027432807516165696,2.892823220129163e-6,365.25646172952787,3624.408410159568,0.005845791837353072,0.005201314393377909,1.4978090106772496e-7,686.8139068253953,380.9998325202244,0.2532160967118376,0.29495621104177466,0.0014259981821010956,4375.363444167267,269.6269960127447,0.045475299324748794,-0.03078237742408752,2.476952934435282e-6,-0.0017620789753195424,2.304271514464731,-124.23860688810385
2.4225514203875555e-6,224.70077151066528,3503.769690619982,-0.008782179395533959,0.0026463768208479198,2.8946142423489865e-6,365.25646164062505,3624.408410961612,0.006052079069568101,0.0051003328207789005,1.4321595223138078e-7,687.0559664186966,379.5514017535876,0.2601308679738917,0.3017129344784925,0.0014114029130484834,4374.897894669078,273.48490748318864,0.045364009961638495,-0.030869280110629498,2.498734287228556e-6,-0.0017659926106893306,2.30428538012865,-124.26612806900027
2.4119444326846626e-6,224.70077196795694,3503.7696851489054,-0.00849437456066142,0.0025374908010425195,2.8964223136256447e-6,365.25646157025125,3624.4084116099,0.006263851425841067,0.004989932681457983,1.361580002541207e-7,687.2981113230926,378.4178730921986,0.2699156271777905,0.3094058723253701,0.0013969536715166774,4374.32877253284,277.5349600623288,0.04525773061692695,-0.030962556055744446,2.636875876510954e-6,-0.0017702674110703384,2.3043195297810297,-124.30748256847573
2.4007594689792792e-6,224.7007724037465,3503.769679817355,-0.00819728481453484,0.0024171670720648988,2.898250541439517e-6,365.2564615104319,3624.408412216577,0.006481546356747391,0.004870584151849659,1.2838938080223443e-7,687.5403415686516,377.74014024418426,0.28424167408979806,0.31837202439765905,0.0013827243369958424,4373.712147331455,281.6869784030048,0.04515538245721777,-0.031055714859892312,2.9658874556284813e-6,-0.0017749254296864805,2.3043787850060324,-124.36194852827084
2.3890171390982015e-6,224.70077281669234,3503.7696746631764,-0.007891160541983579,0.002285582781519936,2.9000985195353064e-6,365.2564614574589,3624.4084128383524,0.006705082962968165,0.004742561642380049,1.1986736184891258e-7,687.7826571854497,377.64550861545735,0.30434109120952224,0.32914302573963616,0.0013687267448344352,4373.050708224062,285.9373094586695,0.04505777708719828,-0.031146395284384797,3.47801041205557e-6,-0.001779942078148075,2.304462560746402,-124.42874527992264
2.3765086976960914e-6,224.70077319974808,3503.769669843103,-0.00757512132961817,0.002142334927609376,2.901964289128294e-6,365.25646140111314,3624.4084136238334,0.006934802517207271,0.0046059296578495395,1.1013041079613527e-7,688.0250582035756,378.4860588412657,0.3345212002465469,0.34278848848586674,0.001355025623802026,4372.381924624116,290.2395401578223,0.04496628818469635,-0.031224925037846556,4.336136912890516e-6,-0.0017853983305580704,2.3045813853448465,-124.50700640071301
2.3634105329111836e-6,224.70077355071444,3503.7696654046536,-0.007249306538320643,0.0019906367947771283,2.903849538793519e-6,365.2564613318975,3624.4084147148783,0.007170850762218845,0.004463403327792228,9.92595326195536e-8,688.2675446531289,380.5329070031469,0.3781089367560382,0.36058869851942793,0.0013416446060017775,4371.740232746926,294.50105230105845,0.0448826638583608,-0.03128792492256939,5.465148717641354e-6,-0.001791194840683421,2.304729703525366,-124.5957589904482
2.3498083458832225e-6,224.70077386737003,3503.7696613975727,-0.006914966528600869,0.001832110298335833,2.905748308308435e-6,365.25646124267,3624.408416218606,0.007412463902235934,0.004316589194706162,8.726710086722444e-8,688.5101165642172,384.28925328696926,0.4412594547760882,0.3848797961865589,0.0013285951783277847,4371.119472420895,298.72808781848465,0.044810604030274176,-0.03133095096616042,6.8300022981328735e-6,-0.0017972780353720783,2.304904343666459,-124.69394750958217
2.336116611671997e-6,224.70077415817082,3503.7696576595727,-0.006575407297330232,0.0016712950541100818,2.907648549035014e-6,365.25646113404616,3624.408418113918,0.007657544225299762,0.004168907077935787,7.486514647967905e-8,688.7527739669623,390.12644157810934,0.5284223052035607,0.418036947673285,0.0013158537879729732,4370.508340722456,302.8715912462903,0.04475109396291755,-0.031361254558240854,8.114836826310461e-6,-0.0018034440153754639,2.305083864097674,-124.80053021492942
2.3227732441483527e-6,224.70077442982662,3503.7696540749566,-0.006234678262866857,0.0015132467834576353,2.9095291826097697e-6,365.25646100880294,3624.4084203438183,0.007903270673193043,0.004024217733229203,6.242746548393328e-8,688.9955168914929,399.01626069984525,0.6498985599242486,0.46494103284424154,0.001303410216646553,4369.892773655497,306.8871005824963,0.044705685181587025,-0.031387732700281716,9.135193943529759e-6,-0.0018094651867562774,2.305252546192783,-124.91459549217669
2.309652075262399e-6,224.7007746932646,3503.7696504498344,-0.0058942414163460416,0.0013531444935913606,2.9113899211933035e-6,365.2564608811456,3624.4084226888676,0.008148625473516101,0.0038783388870963155,5.046949109736175e-8,689.2383453679511,412.4506363983219,0.8204056005215686,0.5329296885140852,0.0012911725759787954,4369.186709781716,310.9683841675024,0.04467070008430756,-0.031418108637538515,9.742387342082377e-6,-0.0018154289983957712,2.305403023763356,-125.03541130976204
2.2968878944862637e-6,224.7007749494184,3503.769646792644,-0.005554503970081996,0.0011940064678683652,2.9132297582769985e-6,365.2564607474194,3624.4084251899258,0.00839332536101906,0.00373349513040689,3.898069732658462e-8,689.4812594264894,434.1659026434545,1.0796857911279374,0.6389723287037455,0.0012791731607618563,4368.4413228495405,314.99200481468773,0.04464452804695695,-0.03145334930885675,9.936987854540718e-6,-0.001821261076109824,2.3055332214204394,-125.16240327286427
2.2846032121321277e-6,224.70077519947085,3503.76964309803,-0.005218017806552452,0.0010332961009926844,2.915031644173562e-6,365.25646061909464,3624.4084276868502,0.008635508351668318,0.0035879549525550973,2.7760127684203823e-8,689.7242590972686,474.75472713623225,1.5355084862212467,0.8313860319780668,0.0012673564689332148,4367.596066000018,319.06453756240813,0.04462746848561789,-0.03150303302748224,9.819650759903667e-6,-0.0018268983510102063,2.3056457101932217,-125.29510880633907
2.2727471113025942e-6,224.7007754555063,3503.7696391477425,-0.004885898466849533,0.0008727934258400224,2.9167955501953914e-6,365.25646050060215,3624.4084300796435,0.008874204067750935,0.0034421672153548415,1.7581248676356612e-8,689.9673444104633,558.5986248565792,2.442491461164452,1.2213354829914755,0.0012557474436435357,4366.672268012093,323.130283103523,0.04461302647083567,-0.031570336504442346,9.133673823146738e-6,-0.0018323692992991806,2.3057279673544966,-125.4331414330252
2.390228941004552e-6,224.7007915398941,3503.7693280224516,-0.0056424335081477605,-0.00034966025528251194,2.9265271372236916e-6,365.25647052457987,3624.4083095152596,0.009065734664456981,0.0020095961297508093,7.608105017927333e-9,690.2105153962558,1866.6468313861471,0.3769557478574231,5.85539887897776,0.0012178616470100581,4342.658731140476,364.97555694898216,0.04382940719601979,-0.03869018973686312,-0.00010350064963377064,-0.0017475664822550667,2.29771333660976,-125.57064833072785
2.3771264331206854e-6,224.7007910983858,3503.7693369606395,-0.005256772434910721,-0.00047783967279451436,2.9285473959920607e-6,365.2564703020697,3624.4083125993543,0.009338483719789101,0.0018847730775147862,2.135712334662679e-8,690.453772084841,1025.4357685849966,-0.024407466752877808,2.0483935153085735,0.0012079792066886975,4342.582973071883,366.2278588119882,0.043748500958044646,-0.03897988353356994,-0.00010124236046747053,-0.0017569888875712382,2.2981488904930907,-125.68072202492685
2.3626124987811315e-6,224.70079085978284,3503.769341906779,-0.004822690956446278,-0.0007534663186412824,2.931416126748614e-6,365.25647056358247,3624.408310582924,0.00966530931671137,0.0016443306979355998,6.85994138181874e-8,690.6971145064247,698.9481545697707,-0.1824597694075825,0.6142720616192254,0.0011955338586735484,4340.566746248936,371.9758673381753,0.04366722520245514,-0.039565179801245534,-0.00010081332513517545,-0.00176639235071466,2.2986434282016384,-125.7926966837788
2.3538827556731585e-6,224.70079057168724,3503.7693477064636,-0.004423854459339937,-0.0008724792625026196,2.933757017727008e-6,365.2564704564715,3624.4083130950557,0.009964134069872422,0.0015328356404142468,8.990139615653543e-8,690.9405426912209,657.7414367127285,-0.18528334690205225,0.45237406361237664,0.001184907796896737,4340.153900813764,373.5089054344121,0.04364590626997317,-0.039991438137294,-0.00010032252659395164,-0.0017735309257346861,2.298945278241681,-125.90472119825687
2.3459707804570157e-6,224.7007902713338,3503.769353689331,-0.004031249589813264,-0.0009685823020087259,2.9359572495684275e-6,365.25647028062116,3624.408316435973,0.010255924605240342,0.0014403905328528525,1.065152226549878e-7,691.1840566694575,634.84264512019,-0.18179033861724359,0.36931237331033984,0.0011746069466259878,4339.948348294328,374.3751106968849,0.043625359281171415,-0.040402900342115675,-9.975637913311174e-5,-0.0017803429449438854,2.299219004696515,-126.02143312303134
2.338097823942628e-6,224.70078996603644,3503.769359726461,-0.0036398370900203583,-0.0010595278722007383,2.9380853580155845e-6,365.2564700687846,3624.4083202315505,0.010544944054989975,0.0013525743626075669,1.2100497289388106e-7,691.4276564713698,618.6936144731651,-0.1766348552752221,0.3148644819329343,0.0011644451929207777,4339.76263530711,375.09817307032046,0.043600745212400475,-0.04080725532606812,-9.911544242790593e-5,-0.0017871869764633668,2.2994849525706504,-126.14344237242052
2.330281954321475e-6,224.7007896592457,3503.769365760318,-0.0032505653278303123,-0.001147116869457361,2.9401442239587753e-6,365.25646983072875,3624.4083243717605,0.010830566510106027,0.0012679597312593904,1.3410252045664803e-7,691.6713421272061,606.1504840336027,-0.17099555627211932,0.2754938808384425,0.0011544044787273155,4339.564081107746,375.73139197359956,0.04357269453093522,-0.0412121588075129,-9.842406835155798e-5,-0.0017940241706613585,2.2997443866722698,-126.27097711174841
2.322323436485707e-6,224.7007893530734,3503.7693717558527,-0.002862544040962298,-0.0012365763219403794,2.9421490283967334e-6,365.25646957364245,3624.4083287821013,0.011113645168957706,0.0011823662078027965,1.4631175955592172e-7,691.9151136672255,595.7561849609355,-0.16528144525447916,0.2450359403687004,0.0011444625782548773,4339.3119521621675,376.4015516114193,0.043540505301002945,-0.04161783224328668,-9.768221379183939e-5,-0.001800948711453393,2.300001726882924,-126.40410616258244
2.3142370674685825e-6,224.70078904730408,3503.7693777225304,-0.002476977219624706,-0.0013274436375958763,2.9440905411143234e-6,365.2564692976942,3624.40833345876,0.011393112068180555,0.001096137450530549,1.576217162240262e-7,692.1589711216952,586.9238694264199,-0.1596525591672013,0.22093042565518148,0.0011346294484393317,4339.0013339471325,377.1096255953175,0.043502911462351704,-0.04202461591700277,-9.688794766492292e-5,-0.0018079417257731933,2.3002567773411267,-126.54280250830006
2.305896187120427e-6,224.70078874325432,3503.769383639112,-0.0020948183160713224,-0.0014226568069356325,2.9459670063359792e-6,365.2564690073445,3624.408338354,0.011668205428088364,0.001007005743172581,1.6821722479511342e-7,692.4029145208963,579.1746276397646,-0.15422292635577173,0.20121100079911994,0.0011249289735960194,4338.609001799289,377.92625242397986,0.04346109221930383,-0.04243187229674367,-9.602749891651838e-5,-0.0018150565333156182,2.3005121505052584,-126.68696862164725
2.2972784552542597e-6,224.7007884409361,3503.769389508581,-0.0017168812911336343,-0.0015225159836969391,2.947775035385388e-6,365.2564687011012,3624.408343487615,0.011938353069319466,0.0009147572529533671,1.7810550137678012e-7,692.6469438951176,572.2748093427186,-0.1489799843093416,0.1848517891996957,0.001115375299321885,4338.128522420334,378.8716311494216,0.043414476511170134,-0.04283672222901052,-9.51046404481262e-5,-0.0018222975735270642,2.3007677631789476,-126.83644830376143
2.288454264418385e-6,224.70078814227762,3503.7693952970208,-0.0013441688898914773,-0.0016278500468443475,2.949512814982598e-6,365.2564683837311,3624.408348811263,0.012202979074336005,0.0008187323301481435,1.873949765525502e-7,692.8910592746607,565.9975354363686,-0.1439881950205325,0.17097663774088748,0.0011059770832483385,4337.553300821062,379.95654890599786,0.04336326325236819,-0.04324234036910321,-9.413958722974511e-5,-0.0018296168809381285,2.301022258712945,-126.9910330487258
2.2793588284955777e-6,224.7007878469116,3503.7694010156392,-0.0009782896313221463,-0.0017392535406568477,2.9511696793192662e-6,365.2564680533389,3624.4083543504157,0.012460727065688368,0.0007185585183557276,1.9601425299390103e-7,693.135260689838,560.2525206241695,-0.1392316023827256,0.15916992340900274,0.0010967786577339533,4336.889401438084,381.1778102783042,0.043307988212607416,-0.04364520871072728,-9.311545135185165e-5,-0.0018370359840606599,2.3012767068522324,-127.15046587751888
2.2700056951810095e-6,224.70078755555815,3503.7694066511867,-0.0006200561774411438,-0.0018566597396610044,2.952744270648757e-6,365.25646771034394,3624.4083601026164,0.012711082207728286,0.000614249792727486,2.0396849400559315e-7,693.3795481709701,554.9458364058806,-0.1346897771445727,0.14903644034141877,0.0010877889413809945,4336.126653792055,382.56470463022674,0.04324820936110368,-0.0440430283318826,-9.204431945052803e-5,-0.001844538683953388,2.3015302300757683,-127.31444396340238
2.260416297043155e-6,224.70078726919004,3503.7694121881823,-0.0002719259157170055,-0.001980866735166011,2.9542228066512467e-6,365.25646735795976,3624.4083660334422,0.012952202871660984,0.0005052835788213935,2.1123604547063292e-7,693.6239217483908,549.9964927322743,-0.13039557019465306,0.14027808120241064,0.0010790466106245845,4335.262450607796,384.1196692428077,0.04318508900708559,-0.04443678362994854,-9.092437809017989e-5,-0.0018520987891156085,2.301782535532963,-127.4826212711611
2.2506051299569257e-6,224.70078698812054,3503.7694176213013,6.609741063362322e-5,-0.002111664450523549,2.9556088201393364e-6,365.25646699396515,3624.4083721762136,0.013184207091345799,0.0003918125297157964,2.1783494862687896e-7,693.8683814524445,545.3562374860359,-0.12629693794113406,0.13266499540026547,0.0010705565074474665,4334.302257623715,385.8412782994586,0.04311802941378198,-0.044823363358315,-8.976477414290145e-5,-0.001859702737867144,2.3020329623685303,-127.65461106308597
2.240559798838474e-6,224.70078671316108,3503.76942293703,0.0003918681899271395,-0.002249955489675758,2.956891629962866e-6,365.2564666216787,3624.4083784920426,0.013405502796448244,0.0002731545259600854,2.23710225114517e-7,694.1129273134841,540.9782207568812,-0.12242267787522307,0.12603634627683555,0.0010623558446865868,4333.240789473637,387.75368372230366,0.04304753453981074,-0.045201589006516704,-8.856305928286414e-5,-0.0018673415388843907,2.30228158828921,-127.82998915344584
2.2303476883008287e-6,224.7007864449604,3503.7694281234512,0.0007045737026111986,-0.0023951396881908456,2.9580704865493834e-6,365.2564662399703,3624.408385000678,0.013615650062524546,0.00014979668429697935,2.2889046906732095e-7,694.3575593618759,536.8264231325365,-0.11874109856838722,0.12023526782761232,0.0010544509774943506,4332.084778841887,389.8421459175556,0.04297349475291318,-0.04557034495162871,-8.733205935768796e-5,-0.0018749715020214782,2.302527063408594,-128.0082974415727
2.219965845762221e-6,224.7007861837881,3503.7694331765692,0.0010018088697640293,-0.002546923754093462,2.959130717679958e-6,365.2564658501654,3624.4083916872232,0.013812749344691967,2.207298588712591e-5,2.3326700946795524e-7,694.6022776279943,532.8904030083011,-0.11525506840398748,0.11520740704400936,0.0010468910088782131,4330.8339390767005,392.10661254573336,0.042897990225183,-0.04592731898056987,-8.606729940173903e-5,-0.001882579412455208,2.3027691492517035,-128.189048380701
2.209497148618463e-6,224.70078593084776,3503.769438074334,0.0012831640461302347,-0.002705839049307214,2.960076446633685e-6,365.25646545446267,3624.408398531552,0.013996804347580194,-0.0001105070311674681,2.3690897215526548e-7,694.8470821422266,529.1240140936193,-0.11196384351184967,0.11080439807449927,0.0010396659630147074,4329.495144945439,394.5420677022463,0.04281940075055487,-0.046273910809325774,-8.478802174119005e-5,-0.0018901155126199339,2.3030065847832373,-128.37172988455447
2.1988724248037197e-6,224.70078568573246,3503.769442823317,0.0015479915209640584,-0.002871283570310278,2.9609056877037415e-6,365.25646505010303,3624.408405565278,0.01416729376265653,-0.00024741576565129645,2.3976247192470136e-7,695.0919729349704,525.5320630209069,-0.10882809352231179,0.1069947139482275,0.0010327980560964425,4328.065883301499,397.169936548413,0.042738638358585934,-0.04660391377865709,-8.347863045606324e-5,-0.0018976099191885764,2.3032403170902724,-128.55581100386155
2.1881850156168433e-6,224.700785449492,3503.7694474046125,0.001794123904652894,-0.0030435055344749436,2.9616089632555407e-6,365.25646464071997,3624.4084127487167,0.014322724952802207,-0.00038884052697837104,2.4180944210202115e-7,695.3369500366323,-173.2461337655388,-0.1058647206108877,0.10371186436414179,0.0010263088114904717,4326.5535942485185,399.9754868056517,0.04265600824312287,-0.046918760304696695,-8.215498673625537e-5,-0.001904996786307284,2.3034688066068387,-128.74074828861637
2.1774147044379195e-6,224.70078522234195,3503.769451813102,0.002021135794808239,-0.0032218810658811185,2.962187930994577e-6,365.256464226465,3624.4084200792468,0.014462885813926076,-0.0005342744259332691,2.430676529997959e-7,695.5820134776322,518.7857750363736,-0.10305752363249411,0.1008977164611623,0.0010202090864428893,4324.952334227761,402.9783112388767,0.04257283561616235,-0.04721587687939819,-8.081204918030974e-5,-0.0019122875854860506,2.303692392792617,-128.92599221157926
2.1666702675092677e-6,224.70078500480375,3503.769456038782,0.0022286158816272293,-0.003404926070903783,2.962644109781186e-6,365.25646380604496,3624.4084275768123,0.01458770156674803,-0.000682530708512686,2.4359625762025545e-7,695.8271632883982,515.6090045388687,-0.10037957689102263,0.09850103675576304,0.0010145038061475978,4323.291384479418,406.11357662767256,0.04249002343698437,-0.04749501467689268,-7.946632814122215e-5,-0.001919417610029939,2.303909444748338,-129.110994270297
2.155946403992048e-6,224.70078479706393,3503.7694600787436,0.0024160011839737534,-0.00359352641841248,2.9629775096035752e-6,365.25646338224044,3624.408435207337,0.014696805040971038,-0.000834399823829044,2.433118206440142e-7,696.0723994993707,512.5556519123321,-0.09784631099479343,0.09651944652683134,0.001009192033013034,4321.564422664761,409.4129925426222,0.04240550244689781,-0.04775531539476526,-7.811896984678994e-5,-0.0019263838849517703,2.3041201279785333,-129.29521395830992
2.145276894436885e-6,224.70078459920956,3503.769463929092,0.002582484498245235,-0.003784983993692973,2.963186455602793e-6,365.2564629527502,3624.4084429976224,0.014789707287839921,-0.000987658207681323,2.4230430909085075e-7,696.3177221410014,509.62267406234,-0.09541732883079332,0.09490893358347678,0.0010042910919703786,4319.779739278827,412.84667434554166,0.042323447861539756,-0.04799462113642041,-7.676788846288073e-5,-0.0019331696099581504,2.304323952270576,-129.4781256284736
2.134701455775824e-6,224.70078441150028,3503.7694675847183,0.0027288749708536033,-0.003979454923078926,2.9632795871288505e-6,365.25646251965145,3624.4084509220975,0.014867163528777512,-0.0011425326424064667,2.4057561251375684e-7,696.5631312437503,506.80381967116483,-0.0930928350608333,0.09365227030259428,0.000999780862303042,4317.947252950293,416.4075437159118,0.04224189250704555,-0.04821335007293549,-7.541946185295797e-5,-0.0019397522649108848,2.3045206521709507,-129.65922523962442
2.1242754072930827e-6,224.70078423401756,3503.769471043893,0.002855495889025962,-0.004176451995640163,2.9632630845340822e-6,365.2564620827424,3624.408458984297,0.01492966412461933,-0.0012986512646700232,2.381830894845302e-7,696.808626838091,504.09262872688623,-0.09085774398851997,0.09272102325351401,0.0009956494185700115,4316.080463089908,420.06890739765515,0.042160667548605625,-0.04841185886138232,-7.408344929792978e-5,-0.0019461052394465672,2.3047097277984023,-129.83803644758376
2.1139377520785326e-6,224.70078406642364,3503.769474310471,0.002963263699652062,-0.004375261231029402,2.963146434332166e-6,365.2564616409745,3624.4084671907203,0.014977930347496851,-0.001455535910582517,2.3521895647155739e-7,697.054208954505,501.4851086815051,-0.08868050776751762,0.09207985590665244,0.000991884559304959,4314.174011142389,423.85918729907985,0.04208077503849651,-0.04858691170552622,-7.274924838524364e-5,-0.0019522669514201133,2.304892247933993,-130.01411611427582
2.103752888190505e-6,224.70078390892812,3503.7694773807643,0.0030505591051149675,-0.004574982705787359,2.9629209680807306e-6,365.25646119657915,3624.408475513881,0.015010837287467873,-0.0016123765588740321,2.316694424068284e-7,697.2998776234869,498.9824238281898,-0.08656528924936788,0.09173651273290966,0.000988510825616669,4312.234890575987,427.7489247133702,0.04200533290115336,-0.048740005145067135,-7.142142132032491e-5,-0.0019581986620494526,2.3050675004981187,-130.1870590878795
2.0938114442588204e-6,224.70078376140174,3503.769480256224,0.0031214275443608793,-0.00477354268659828,2.962615273439322e-6,365.2564607486411,3624.40848396456,0.015031703328628975,-0.0017677563936683745,2.2766752533628317e-7,697.5456328755416,496.5747089722922,-0.0844849796640575,0.09164928553735671,0.0009854551881470198,4310.287989453575,431.69002978009985,0.041930772184063075,-0.04887349100881007,-7.011416588215408e-5,-0.0019638707105843842,2.3052346944339677,-130.35650197508062
2.0840441107017986e-6,224.70078362324426,3503.76948294666,0.0031741734501507884,-0.004970976499259486,2.9622197242913948e-6,365.2564602963248,3624.4084925487114,0.015039216779458678,-0.0019215666491658727,2.2323713663018618e-7,697.7914747411832,494.27500247275594,-0.08240957032050598,0.09182256447108056,0.0009827516524364454,4308.329411130009,435.6916650251164,0.04186151166013346,-0.04898381067946454,-6.881313511025415e-5,-0.00196931548521965,2.30539500501357,-130.52212590476356
2.0745410681199887e-6,224.70078349449912,3503.7694854516203,0.00321194311670279,-0.005166325739166487,2.9617566403981648e-6,365.2564598406471,3624.408501253925,0.01503595636394594,-0.0020732672077868187,2.1846373112451363e-7,698.0374032509387,492.06993692823266,-0.0803325251101554,0.0922283560770224,0.0009803384550585172,4306.374540295048,439.72021157439923,0.04179417749252656,-0.04907548828638889,-6.753567521524649e-5,-0.001974501572046331,2.305547608159512,-130.68365826384706
2.0652800086126855e-6,224.70078337461328,3503.769487778338,0.0032355688029685366,-0.005357799258420496,2.961231310351554e-6,365.25645938129304,3624.4085100773445,0.015022613118360997,-0.002221398980676512,2.134858339576784e-7,698.2834184353437,489.95566801269416,-0.07821703905650117,0.0928188869615249,0.0009782026108252704,4304.418345741652,443.7795890212013,0.04173200837613097,-0.04914743977111571,-6.62689329909267e-5,-0.0019794522361172746,2.3056932887534693,-130.84087312103736
2.0562594898151816e-6,224.70078326262302,3503.7694899439216,0.003248087187243884,-0.005545251067558099,2.960664658828191e-6,365.2564589154818,3624.408519054577,0.015001604866052004,-0.0023660070514245008,2.0837597428663235e-7,698.5295203249462,487.94892278008376,-0.07600400621388467,0.09358143052527457,0.0009762956494590417,4302.483806192816,447.83731312485713,0.041671977629479204,-0.04919736022068913,-6.502087387344982e-5,-0.001984174937477886,2.30583228594729,-130.99359052013617
2.047501529075688e-6,224.70078315841053,3503.7694919498513,0.0032502866949126728,-0.005727983781877928,2.9600610362714312e-6,365.2564584462136,3624.4085281447,0.01497361255512257,-0.0025065291647238205,2.032632089829268e-7,698.7757089503053,486.0251476990608,-0.07369509134335704,0.09444907416528285,0.0009746007570582292,4300.56555984877,451.8916474984676,0.04161645732700844,-0.049228845996941877,-6.378744750937215e-5,-0.001988671982794922,2.30596496923746,-131.14167413423598
2.039004514355179e-6,224.70078306083272,3503.7694938141303,0.0032439819652483265,-0.005904741348077701,2.959430821526213e-6,365.2564579714866,3624.408537373216,0.01494002621928294,-0.002642025960547509,1.9822732969199947e-7,699.0219843419885,484.2146111088777,-0.07120182556676534,0.09539733607309961,0.0009730771921143277,4298.674834455228,455.91915537855783,0.04156431124877923,-0.04923844417529107,-6.256816571186651e-5,-0.0019929467495697854,2.3060914771042453,-131.285027272764
1.8795430215803745e-6,224.70078232652824,3503.7695124232987,-0.0032763497241422323,-0.00559988491595459,2.9146299523769274e-6,365.25646296363095,3624.408480563325,0.009339467083046843,-0.0020493928732563936,3.0022712534969034e-9,699.268346530577,-1143.4617044794995,1.8129731205585138,-6.4091828345233575,0.0011233408440185894,4274.093249604181,519.847829306491,0.04487747221345262,-0.036370776507415235,-1.7687501946846696e-5,-0.0020334926228388383,2.307043406035317,-131.35622893415132
1.8763184885370802e-6,224.70078242114084,3503.7695105385756,-0.0034518831150637634,-0.005795918124852247,2.913842872543667e-6,365.2564630996727,3624.408481627548,0.009212020293714547,-0.0022096532506340727,3.0436304212061277e-9,699.5147955466599,-1130.2638891861047,0.9810364625957797,-6.367112154799576,0.0011270195128617255,4272.597184441533,523.2023673242107,0.04480789824586351,-0.036732175994771916,-1.4657773202402007e-5,-0.0020367503690408104,2.307232960227024,-131.38991791029525
1.8750284710488966e-6,224.70078249799172,3503.7695089510153,-0.0035419376918006742,-0.005957283523599618,2.913550198590514e-6,365.2564631048567,3624.4084843181195,0.00915238453135391,-0.0023429667597930307,3.4170167517307787e-9,699.7613314208394,-962.2225112015192,0.2845789728214062,-5.624019559955409,0.0011286567189206054,4271.696719501877,525.2778717447416,0.04473329715721318,-0.037096181305384224,-1.2850878713423355e-5,-0.0020387337374513427,2.3073760770350527,-131.4211318047131
1.8746114996251979e-6,224.700782558615,3503.769507643237,-0.0035806007160331245,-0.006093708054107478,2.9135369620772e-6,365.25646302486075,3624.4084880581763,0.009132386518765757,-0.00245595626283355,4.470340133122482e-9,700.0079541837282,-648.6487170320554,-0.1661250675199251,-4.224190652911827,0.0011290433522138075,4271.090937221792,526.7238148002605,0.04467085194592585,-0.03743500071053084,-1.1854005333983001e-5,-0.0020399532906007854,2.3074857891525005,-131.45205245825392
1.8748339442742345e-6,224.70078260661185,3503.769506558465,-0.0035833498609466304,-0.006205312362244594,2.9137035662175343e-6,365.25646287692877,3624.408492652021,0.009139513078165072,-0.0025487512056887587,5.415437680069704e-9,700.2546638659478,-465.6548503398389,-0.3924443343448824,-3.407347684645288,0.0011285749971595685,4270.697616258764,527.6665184277551,0.04461932358088826,-0.03774720344656225,-1.1400910019111584e-5,-0.0020406152270597876,2.3075701801895425,-131.48246819573404
1.8746151447279582e-6,224.70078264412834,3503.7695056654898,-0.0035752274913321935,-0.006314877458917388,2.9139224327098397e-6,365.25646269203946,3624.408497715671,0.009153811277021511,-0.0026388499092259306,7.3484162644527315e-9,700.5014604981334,-250.44407755998355,-0.4612701889386488,-2.4447024467453047,0.0011278359751890614,4270.348898605004,528.6421537419138,0.04458786290820805,-0.03800979401987217,-1.1241309678718742e-5,-0.002041214339649622,2.3076429094770274,-131.5142220496436
1.8745973775731115e-6,224.70078267601417,3503.769504877937,-0.003553917212075063,-0.006411111359556635,2.9142053945174087e-6,365.2564624329905,3624.4085037204786,0.009178086928112018,-0.002718337538122498,8.955503686046424e-9,700.7483441109281,-139.0583238046112,-0.5033801357108443,-1.9468821833388523,0.0011268456917827231,4270.106930902014,529.354205643652,0.04456138738820695,-0.03825732134181755,-1.1321231788113296e-5,-0.0020416549912352974,2.3077040886016333,-131.54592546990375
1.8743939676345435e-6,224.70078270362393,3503.769504175784,-0.003532059279296241,-0.006506327786292407,2.9144846170437766e-6,365.25646213010464,3624.4085102720737,0.00920185754024384,-0.002796685839148426,1.1514861506132153e-8,700.9953147349878,-30.693113203881975,-0.49318285027002956,-1.4633794995896363,0.0011258574500746833,4269.8764227422125,530.1045079831032,0.044538549238820425,-0.03848248825861136,-1.1541508012847924e-5,-0.0020420494887340747,2.307757215841357,-131.5789275266501
1.8747693755793591e-6,224.70078272171352,3503.7695036273644,-0.0034769942115192585,-0.006573317230897664,2.914905032496379e-6,365.2564618201202,3624.4085169893274,0.009250730205950795,-0.002852139181660746,1.1555197059160042e-8,701.2423724009794,-21.208358880310975,-0.5335618772020567,-1.4161749078107417,0.0011240025704222375,4269.751700023436,530.4320060155115,0.044526387577571123,-0.038690700976667936,-1.1968990589465837e-5,-0.0020421160923980715,2.3077979836873146,-131.610627105046
1.8749314883611479e-6,224.70078273500215,3503.769503167192,-0.0034183401954470632,-0.006633875287663211,2.91533180407986e-6,365.2564614943752,3624.4085239476967,0.009301475016959548,-0.0029020573100593315,1.1943117997699056e-8,701.4895171395785,-3.6136462831316547,-0.5502353044046937,-1.3313937947752938,0.0011220871408179987,4269.624821148189,530.7707788513302,0.04452548081860691,-0.03887060587995339,-1.2529098860786558e-5,-0.0020421965264949475,2.3078305841746984,-131.64366557559094
1.8752989598026495e-6,224.70078274857258,3503.7695027035425,-0.0033597144222304357,-0.006694037935456772,2.9157496995896284e-6,365.2564611201243,3624.408531543689,0.009352022858139046,-0.0029519301355913265,1.252923206959431e-8,701.7367489814741,17.953489561316708,-0.5619887428793144,-1.229876962106276,0.001120126522276593,4269.510385245637,531.0613367495623,0.0445143834408745,-0.03905911789635937,-1.313175224926711e-5,-0.0020421721724112316,2.307858972793842,-131.67786626548352
1.8584523176036956e-6,224.7007828197064,3503.7695018761574,-0.00399518277138192,-0.007048271121721041,2.912693376952343e-6,365.25646107098,3624.408533300394,0.008839238584186079,-0.0032171313246720213,7.292514543346813e-8,701.9840679573633,267.1124138546414,-0.20287353048330836,-0.17686039851037325,0.0011372412444105098,4267.362205404374,539.65177656737,0.04469967137061374,-0.03865299959836452,-9.750002761243658e-6,-0.002047159417847465,2.30800705018424,-131.71133251757897
1.8520845574855712e-6,224.70078284163029,3503.7695014922565,-0.00417725102362828,-0.0071595932092122115,2.9118728722157675e-6,365.25646088548194,3624.4085376236417,0.008692021963846622,-0.0032978372923859636,9.340714238756785e-8,702.2314740979564,278.4610888160114,-0.17712899268180407,-0.12936013476404193,0.0011422882454907666,4266.507905820773,542.7321926179328,0.04483159334141646,-0.03853145246179633,-8.522380916503214e-6,-0.0020490453234549492,2.3080879666153433,-131.73642903186973
1.8471913648503483e-6,224.70078285659426,3503.7695011560404,-0.004294435820045655,-0.007240721379857749,2.9113924055917665e-6,365.25646064954594,3624.4085426232705,0.00859742152265388,-0.0033561741807026854,1.0922111727194248e-7,702.478967433974,283.27151894795213,-0.1617145692662755,-0.10521750070177241,0.0011456062739303942,4265.871619913355,545.0390150004793,0.04495092425312325,-0.03844385918024255,-7.80476259586915e-6,-0.002050434548649811,2.308152045936122,-131.76052305012982
1.8430606891513095e-6,224.7007828684803,3503.769500833474,-0.004383355320690738,-0.007306350807576216,2.9110581603302397e-6,365.25646039399385,3624.408547854729,0.008525717286117302,-0.003402833707419478,1.2312019197122795e-7,702.726547996146,285.6124777270454,-0.1502488343531197,-0.08945132551107322,0.0011481348898062464,4265.336499113849,546.9701769531608,0.04506606816730232,-0.03837013206393511,-7.362947651996027e-6,-0.0020515224702355936,2.308205521230583,-131.78427903554655
1.839365233973195e-6,224.70078287801357,3503.7695005249984,-0.004453544807439479,-0.007362269268781619,2.910821906695248e-6,365.25646013210667,3624.4085531374303,0.00846907062847985,-0.0034422317422401175,1.3598582689074698e-7,702.9742158152154,286.6129618619725,-0.1409304768886684,-0.07802951052924373,0.0011501503132364823,4264.862941526381,548.680786921035,0.04517772411888345,-0.038302093022827985,-7.104466119064105e-6,-0.0020524417828029977,2.3082520385009806,-131.80805342983157
1.8360756175406802e-6,224.7007828861763,3503.769500218582,-0.004509715125727211,-0.00741069696587759,2.910657301887611e-6,365.2564598611418,3624.408558495948,0.008423719156568482,-0.0034760566377865596,1.481018981100444e-7,703.2219709219336,286.7847320532365,-0.1331021517160794,-0.06926611097906342,0.0011517591722209554,4264.433541281237,550.211753116636,0.04528554445964125,-0.038243220962008155,-6.9897173347624116e-6,-0.0020532054679922624,2.308292740367591,-131.83207796715803
1.8330377014492291e-6,224.70078289323266,3503.7694999152004,-0.004556839020761458,-0.007453603365983128,2.9105391073792306e-6,365.25645958960524,3624.40856381558,0.008385635322078984,-0.003505759968071845,1.5983727610267908e-7,703.4698133470647,286.3923143887683,-0.12624894357145838,-0.06223448476268042,0.001153095312109675,4264.027529031545,551.6356040066614,0.04539175726922667,-0.03818787049837223,-6.9820987552377014e-6,-0.0020538711850452518,2.3083289489935925,-131.85651691737408
1.8303315612748464e-6,224.70078289952636,3503.7694996106925,-0.004594289880102617,-0.007491162062058586,2.910469078549058e-6,365.25645931722676,3624.408569108741,0.008355293541671265,-0.0035315152770344807,1.712150649400229e-7,703.717743121384,285.58292802560186,-0.12018110507244116,-0.056470772604391886,0.0011541410109898492,4263.6542917294755,552.9205957424751,0.04549403730575033,-0.03814103155903352,-7.086473451514505e-6,-0.0020544071999219478,2.308360083665831,-131.88149259575792
1.82780408652847e-6,224.70078290505973,3503.769499308489,-0.004625054407551251,-0.007525727073807131,2.9104323567160535e-6,365.2564590450604,3624.4085743486808,0.008330283542957206,-0.003555141696552209,1.823966348691144e-7,703.9657602756752,284.46842335156435,-0.11471008885800288,-0.051623372979611795,0.0011549707360365554,4263.290313422923,554.1419416133118,0.04559364104633896,-0.03809936857435349,-7.257447040677075e-6,-0.002054887656490064,2.3083885192808147,-131.90709900301076
1.8255010740300206e-6,224.70078291006558,3503.7694990056366,-0.004649727545950565,-0.0075573909267800604,2.9104260866981064e-6,365.25645877328134,3624.4085795355604,0.008310196496754662,-0.0035767187670044777,1.934133272577748e-7,704.2138648407356,283.1112248645289,-0.10973302476225973,-0.04749180345750026,0.0011555817202046643,4262.932713041627,555.2994831288466,0.045689586659642116,-0.038064615203278154,-7.496882281721718e-6,-0.0020552892020434255,2.3084137604186528,-131.9334098538642
1.8234591635298074e-6,224.70078291462943,3503.7694987023574,-0.004667499976921019,-0.007585506531307695,2.91045266209218e-6,365.25645850124596,3624.4085846889625,0.008295593334414944,-0.0035957774956145694,2.0426562912726724e-7,704.4620568473708,281.55882145235546,-0.10517608548217992,-0.043933359187984376,0.00115597138611779,4262.5961509097515,556.3556663895339,0.04578149035816659,-0.038038740823210494,-7.819705867709206e-6,-0.0020555991826148486,2.3084350290049502,-131.96048403159264
1.8215442554218376e-6,224.70078291871758,3503.7694984021778,-0.004681078289118037,-0.0076121679487219426,2.9105000684718475e-6,365.25645822823316,3624.408589798315,0.008284327142314763,-0.0036138986891271815,2.1513181241213746e-7,704.7103363263994,279.8597485782482,-0.1009459184547915,-0.04080652934037801,0.0011562079073451571,4262.260095313728,557.3767778164041,0.04587036906395354,-0.038018117799042885,-8.180791748024118e-6,-0.002055879243064728,2.3084545810628923,-131.98836902325206
1.8198166916736294e-6,224.7007829223274,3503.7694981053533,-0.004689281237519348,-0.007637115651757916,2.9105726050482916e-6,365.25645795515885,3624.4085948671677,0.00827732185146107,-0.0036309293840120697,2.259109385110019e-7,704.9587033086507,278.0284978316251,-0.09701901706183012,-0.03806136750806564,0.001156250026306101,4261.929742023762,558.3414270341503,0.04595490442672747,-0.038005674421779885,-8.590755955469581e-6,-0.002056106117198255,2.308471787830487,-132.01710364006647
1.8414907440179854e-6,224.70078267610535,3503.76949671043,-0.0026211466870839023,-0.007207890341225792,2.915692724584914e-6,365.2564629983155,3624.408553962792,0.009857990221829538,-0.003420137808644511,4.930754742560013e-7,705.2071578249627,461.8282961662266,-0.03031826353330927,0.005922135079723973,0.0010917366410521578,4267.229055192653,543.7375971572047,0.042682291871806985,-0.03831730098400429,-2.7348840635748352e-5,-0.0020603979171439314,2.3077604350663274,-132.04338414472537
1.838955073664968e-6,224.70078268462186,3503.7694966522586,-0.002664414009311003,-0.007226815609759053,2.915321366674425e-6,365.25646342975807,3624.4085515402394,0.009821908351191698,-0.0034324992247500006,5.016816199938084e-7,705.4556999061872,458.77524229984795,-0.03058649071296851,0.005472307002055249,0.0010927289883677284,4266.974167850181,544.5962752698514,0.042753304247005124,-0.03826841576380783,-2.620653007479735e-5,-0.002061887237478253,2.3078072137247063,-132.03932433132223
1.836387657098771e-6,224.70078269103357,3503.7694966434246,-0.0027004772875990225,-0.007249792586813602,2.9149932169914974e-6,365.2564638742234,3624.408548989866,0.009791615783781685,-0.0034483429514757845,5.097363824765113e-7,705.704329583184,455.71988301585225,-0.030776549995618466,0.005043697820975431,0.0010935012896834161,4266.705112192468,545.4705556189462,0.04282525660645457,-0.03823233431378621,-2.5002560907406573e-5,-0.0020634499902344138,2.30785915019398,-132.0370872304349
1.8338508821326503e-6,224.70078269558437,3503.769496678059,-0.0027291466175706834,-0.0072755529771475974,2.914706522903614e-6,365.25646432860526,3624.4085463689826,0.009767175925043163,-0.0034666539996721685,5.17286314864841e-7,705.9530468868259,452.66466497840185,-0.030893170995985694,0.004635077344847503,0.001094047344407976,4266.431971868197,546.3222947393282,0.04289701146480389,-0.03821132367519043,-2.3758593584362966e-5,-0.0020650493822940695,2.3079149312136344,-132.03687285443812
1.8312066275452806e-6,224.70078269792867,3503.7694967625634,-0.0027508003305446818,-0.007307057210380237,2.914460884640424e-6,365.2564647861693,3624.4085437689223,0.009748209499372192,-0.003489804653229481,5.243141172677617e-7,706.2018518479966,449.60587661784336,-0.03093975470897493,0.00423758956629932,0.0010943794873281472,4266.137747490033,547.2195453958124,0.042968422109801625,-0.038202110908514775,-2.2458140611840277e-5,-0.0020667519417252285,2.3079764756585646,-132.03884928945527
1.8285153140537925e-6,224.70078269814238,3503.769496893014,-0.002765914511423086,-0.007343237137161277,2.9142516066516896e-6,365.2564652540632,3624.408541121465,0.009734322788200508,-0.003516904266340873,5.308345194545107e-7,706.4507444975887,446.53974611737976,-0.030925988464976895,0.0038550769098782134,0.0010944910488545274,4265.818530079892,548.1539925523402,0.043038790497452795,-0.03820539919159197,-2.110681807246878e-5,-0.0020685185873698937,2.308042921244955,-132.04315312808376
1.8257508291633865e-6,224.70078269636065,3503.7694970670423,-0.00277465794113818,-0.0073845635799364255,2.914077243058817e-6,365.25646571884704,3624.408538611794,0.009725349330330688,-0.0035482918806180215,5.368534014404173e-7,706.6997248665084,443.46921786389487,-0.030850173672892816,0.0034819789280644328,0.0010944012210137254,4265.480173240222,549.1147172854413,0.04310883096290984,-0.03822151516753591,-1.9718626253056686e-5,-0.002070359917341244,2.3081140878256736,-132.04989019696004
1.8228910288739978e-6,224.7007826924062,3503.769497285843,-0.002777144808301465,-0.007431464437432312,2.9139374681440813e-6,365.2564661868882,3624.408536181043,0.009721162293658946,-0.0035843381303442305,5.423767146336098e-7,706.9487929856697,440.38830249555264,-0.03072012135490659,0.003119219143065538,0.001094100354498459,4265.108961075158,550.1405904210532,0.0431772302741628,-0.038248547017809935,-1.8285375642024907e-5,-0.002072280380030074,2.308190327133958,-132.0591364699651
1.8199764531089422e-6,224.70078268663246,3503.7694975419754,-0.0027741683055432396,-0.007483783847734096,2.9138251160532542e-6,365.2564666493813,3624.4085339582,0.009721078145197695,-0.0036248368752787785,5.473974856072575e-7,707.1979488860001,437.30115407844403,-0.030536646444786073,0.002764191013214393,0.001093594504440079,4264.708337357046,551.2094546441576,0.04324339267064419,-0.03828883242268648,-1.6818175623507606e-5,-0.0020742525165554503,2.3082709088649125,-132.0709392342557
2.0557791754653195e-6,224.70078275709034,3503.769494710955,-0.0026039313042588975,-0.003668899102823045,2.9208119388639918e-6,365.2564494572155,3624.4087335654235,0.010212169910772412,-0.0007364501488692004,4.2675347941451204e-7,707.4471925984376,605.8349301144448,-0.058604611535577195,-0.013843905824012945,0.0010850696461499217,4282.026654356293,475.60621232694973,0.041463398892440426,-0.0423086479562685,-1.3891466823128295e-5,-0.0019776690524329547,2.306519851309786,-132.08240439215965
2.057308199633021e-6,224.70078276082756,3503.769494892766,-0.002619963198619104,-0.003659235921587004,2.920911898553922e-6,365.2564492679002,3624.408737409592,0.010203865482469376,-0.0007302856460709537,4.4928845684876003e-7,707.6965241539292,603.6301678877237,-0.05629277232454585,-0.012737329426768666,0.0010852980816324052,4282.197857607545,475.19128136372234,0.04153367555033609,-0.04232533529945093,-1.2635852556827224e-5,-0.001977414258403236,2.306525959086331,-132.07307888899825
2.05842984480825e-6,224.70078276472466,3503.7694950721384,-0.002634181146774531,-0.0036604912812646887,2.9210231430000693e-6,365.2564491191699,3624.4087406904155,0.010196246440353534,-0.0007325243600316344,4.7218557502173654e-7,707.9459435834357,601.3516080324366,-0.05409225059105786,-0.01177871118980208,0.0010854311418421773,4282.31812871015,474.94642955039666,0.04160495499214754,-0.042342996097956095,-1.13927070075956e-5,-0.001977313765595845,2.306536546278416,-132.06660628008237
2.0590218079997133e-6,224.70078276844325,3503.769495254425,-0.002646517936748566,-0.0036734754296514805,2.921145158121349e-6,365.2564490163324,3624.4087433664467,0.010189243379843768,-0.0007437228147226509,4.953168925609908e-7,708.1954509179255,598.9945152441765,-0.05199514511073329,-0.010960106841443752,0.0010854811287219733,4282.370139199817,474.91536089934385,0.041680573960428104,-0.04235942051017002,-1.0153104361249632e-5,-0.0019774276587888303,2.306553252380471,-132.06304166424286
2.0591942850871326e-6,224.70078277219162,3503.769495433999,-0.0026572578723901446,-0.003697642958277252,2.9212779668674115e-6,365.25644897240727,3624.4087452699996,0.010182781217219924,-0.0007635245948727093,5.189606644376638e-7,708.4450461883808,596.5658244300361,-0.049979783895221216,-0.010261318952257278,0.001085434803064963,4282.363811394413,475.0699272177269,0.04175624669738234,-0.04237604367849643,-8.909238350949133e-6,-0.0019776995078516777,2.306575601750948,-132.0624223839724
2.0588024618011555e-6,224.70078277580595,3503.769495614232,-0.0026654371606903444,-0.00373603366997851,2.9214276322454214e-6,365.2564489753522,3624.40874657471,0.010177496051042699,-0.0007943375728657495,5.429125388115716e-7,708.6947294257943,594.0705853948022,-0.048049333407501185,-0.009678571667082506,0.001085284646796758,4282.295800937736,475.44729324013156,0.04183106968460261,-0.04239140661575886,-7.679023857274462e-6,-0.001978199607831437,2.306604673636978,-132.06476872579393
2.0578558016200276e-6,224.70078277902948,3503.76949579802,-0.002671716521643757,-0.0037881546768505606,2.9215919240903505e-6,365.25644905039024,3624.4087469733863,0.01017296539623103,-0.0008357644386296006,5.674179154469567e-7,708.9445006611672,591.4997777088751,-0.04618353924599369,-0.009202894124282428,0.0010850365386246628,4282.152371054216,476.07049159570477,0.04190528968250832,-0.04240417438979354,-6.4232748636634936e-6,-0.0019789262943736164,2.3066420105543393,-132.07008420273905
2.056346470912638e-6,224.7007827820369,3503.769495982422,-0.002675576637058199,-0.0038546472297539807,2.921775421510814e-6,365.25644918151016,3624.4087466815645,0.010169616237859076,-0.0008883694990121188,5.924014895406297e-7,709.1943599255151,588.8650223065,-0.04438506849067748,-0.00882366080384809,0.0010846903417010862,4281.950610009494,476.9146979671544,0.041977013833533146,-0.04241444261305093,-5.1784385046242355e-6,-0.0019798812936822484,2.306686480868991,-132.07835609195473
2.0542902919280046e-6,224.70078278486636,3503.769496166298,-0.0026767443160311995,-0.00393565912405673,2.921978305820843e-6,365.2564493678078,3624.4087457314354,0.010167616164652359,-0.0009523299646815714,6.178578803135642e-7,709.4443072498611,586.1690926172557,-0.042649622010135384,-0.008533734288301897,0.001084238704719993,4281.694780337505,477.97196236725944,0.042045047926340194,-0.04242283196055895,-3.955100611578077e-6,-0.0019810549630427093,2.306737645940127,-132.08955567661425
2.0515947301072337e-6,224.7007827871055,3503.7694963560666,-0.002675257319430636,-0.004032894556189164,2.9222047916990638e-6,365.2564496329453,3624.408743831258,0.010166995363366037,-0.0010289848875748128,6.44003642998936e-7,709.6943426652418,583.4022036071573,-0.04096277231310873,-0.008332034054976813,0.0010836787316491976,4281.364254214433,479.30570295485984,0.042108050432465384,-0.042426428651013176,-2.7032018755154707e-6,-0.0019824981583229546,2.306798520235159,-132.10363849639714
2.048246519283108e-6,224.7007827888063,3503.7694965516826,-0.002670576586184409,-0.004147217371388264,2.9224602657654774e-6,365.25644995842737,3624.4087412374565,0.010168218497799754,-0.0011191494084389169,6.70753781247011e-7,709.9444662027047,580.5705098268548,-0.039327253658548764,-0.008212999494747186,0.0010830092065858621,4280.97609196882,480.8971475249675,0.04216410337998914,-0.04242433349600816,-1.4596416379336217e-6,-0.001984214993783242,2.306868033406107,-132.12054463719068
2.0442533331182857e-6,224.70078278981947,3503.7694967552434,-0.0026624812553289363,-0.004278284847012221,2.9227456572581493e-6,365.25645035742923,3624.408737805212,0.010171462895031794,-0.0012225148274131999,6.982378148830515e-7,710.1946778933057,577.6711494497656,-0.03773499667910629,-0.008171516968405977,0.0010822258688627153,4280.526745071813,482.74367392469117,0.04221295471000099,-0.042417192388000693,-2.05632374607083e-7,-0.001986208131064675,2.306946878196293,-132.1401988719108
2.039633501012169e-6,224.7007827902641,3503.769496965188,-0.0026509436167029107,-0.004427215541003736,2.9230652451863913e-6,365.256450821236,3624.408733657172,0.010176867935962593,-0.0013400987581744246,7.264886792184786e-7,710.4449777681149,574.7070460760525,-0.036185157162619205,-0.008204009042914257,0.001081321157538686,4280.027900344051,484.8398961254715,0.04225142622830868,-0.04240430320887948,1.0383622922696691e-6,-0.001988462247867341,2.3070343183032787,-132.16251108048598
2.034318248880756e-6,224.70078278977738,3503.769497188392,-0.0026357441789336042,-0.0045955226651538715,2.9234226441076835e-6,365.2564513672361,3624.4087285925907,0.01018461072698785,-0.0014731156092513333,7.556683462170824e-7,710.6953658582103,571.670871196456,-0.03466985932024806,-0.008311034419663453,0.0010802956427441411,4279.471249094679,487.21990126177144,0.04227846854207582,-0.04238350975111189,2.303558275817688e-6,-0.0019910153142648854,2.3071323113575852,-132.18737664257313
2.028376400106168e-6,224.7007827883697,3503.769497425326,-0.0026160165608429403,-0.004782321374630912,2.9238259874977502e-6,365.25645199730025,3624.408722604448,0.010195435825278603,-0.001621017472517904,7.860070018774002e-7,710.9458421946832,568.5621557815603,-0.03318345968010654,-0.008486155975157065,0.0010791366888441463,4278.874906709964,489.84209454259343,0.04229178771344707,-0.04235556329295241,3.5793850315637584e-6,-0.001993839057391458,2.3072399083534982,-132.2146771446935
2.0217554224068576e-6,224.70078278585032,3503.7694976795033,-0.002591697387113028,-0.004988552128701472,2.9242777190189814e-6,365.25645271416124,3624.4087156835403,0.010209407298085173,-0.0017845649723712898,8.174951731060047e-7,711.1964068086357,565.3777415617552,-0.0317249396963437,-0.008728747620592637,0.0010778400351071278,4278.229212396309,492.73937672151686,0.04229080593696877,-0.042319079530227455,4.871885431351855e-6,-0.001996959307636721,2.3073578252343667,-132.24428143991477
2.014501270094741e-6,224.70078278220242,3503.769497952729,-0.0025628102005934394,-0.00521446192264358,2.924783116137499e-6,365.2564535126888,3624.408707867925,0.010226671476613176,-0.0019640980547967007,8.504456291708425e-7,711.4470597311788,562.1208835665126,-0.03029154036844347,-0.009033306592543647,0.0010764105476812834,4277.551679200462,495.88575468443236,0.04227250005138527,-0.04227282241797383,6.176132968690574e-6,-0.002000359019332649,2.307485458346426,-132.27604719732284
2.0065661062374725e-6,224.7007827771952,3503.769498250077,-0.0025286314265945535,-0.005461860519321766,2.9253487350989547e-6,365.2564544085421,3624.40869898215,0.010247710391616704,-0.0021611270641165394,8.84973790414381e-7,711.6978009934371,558.7850694356946,-0.028878751557875473,-0.009402493552671323,0.0010748252055161145,4276.838403172442,499.30817364326793,0.04223399588822715,-0.04221620991443203,7.510004320991829e-6,-0.002004059992988271,2.3076240587901875,-132.30982307588891
1.998099334302352e-6,224.7007827709857,3503.769498569235,-0.002489069104662217,-0.005727194350116133,2.9259784373878763e-6,365.2564553983858,3624.4086890516105,0.010272809891236637,-0.0023728947458605746,9.214274444244529e-7,711.9486306265435,555.3748292105388,-0.027484407386424162,-0.009823910971757095,0.0010730981530082825,4276.108049630277,502.9390725770057,0.04217653735999626,-0.042150370493500226,8.852232606856527e-6,-0.0020079984455426813,2.307771116469033,-132.3454517051547
1.9890859986957854e-6,224.70078276348596,3503.769498913111,-0.0024435606488948016,-0.006012443895706479,2.926678988246004e-6,365.2564564741354,3624.4086781522183,0.01030241128592046,-0.002601094938446359,9.599001648926284e-7,712.1995486616441,551.8918539636667,-0.026108453752626513,-0.01029861060430277,0.00107119721405717,4275.362401241238,506.795320200537,0.04209502284173289,-0.0420750769119671,1.0201101275118836e-5,-0.0020121814626811395,2.3079268421737145,-132.38277381929356
1.9796373018894432e-6,224.7007827547457,3503.769499282113,-0.002392508172519043,-0.006315487671332989,2.92745247363368e-6,365.2564576516064,3624.408666045892,0.010336325945272139,-0.002844099057494575,1.0008830636604006e-6,712.4505551298959,548.3353537265718,-0.024747443514474297,-0.010819084377944831,0.0010691352129077569,4274.615605097103,510.8287020017607,0.04198961512430712,-0.04199077285612004,1.155441168779818e-5,-0.0020165583350529306,2.3080899025622843,-132.42163335193206
1.9697999853146694e-6,224.70078274475213,3503.7694996780565,-0.002334410075075782,-0.006636041808995975,2.9283104090087227e-6,365.2564589089051,3624.4086529745014,0.010375770839991135,-0.003101805704938841,1.0444776369063213e-6,712.7016500624645,544.7111997826561,-0.0234013259973392,-0.011381931636985759,0.001066885189905834,4273.881553147698,515.0141675054872,0.04185745189006584,-0.04189825445378756,1.2886253694228687e-5,-0.002021111892323278,2.3082589528092448,-132.46188409437354
1.9597320786657583e-6,224.700782733871,3503.7695000941367,-0.0022703116742663863,-0.006970486004311646,2.9292481421405196e-6,365.2564602294217,3624.4086390365583,0.010420024580981182,-0.003371309381983084,1.090928635165807e-6,712.9528334905298,541.0331960419176,-0.022073712074965876,-0.011975236627557707,0.001064459440380109,4273.163840047754,519.3098832626432,0.04169919661299122,-0.041799609985266585,1.4176893348672823e-5,-0.0020257662678877324,2.308431155758093,-132.50339773799095
1.9494442922851122e-6,224.70078272190554,3503.7695005356695,-0.0021995750553517562,-0.007319187719350887,2.9302732265814333e-6,365.25646161562935,3624.4086241357377,0.010469607485911197,-0.003652962182603838,1.1405190639808175e-6,713.2041054452794,537.2986073274395,-0.020761966144340296,-0.01259911694834272,0.0010618351860188604,4272.463812355615,523.7160227163482,0.04151229476503838,-0.041694859473341346,1.5428784792997683e-5,-0.002030520090190956,2.3086066326379453,-132.5460734314353
1.9392657595753033e-6,224.70078270988031,3503.769500983714,-0.002123091134223985,-0.007674302576364534,2.931373800564284e-6,365.2564629771199,3624.4086092718194,0.010523896023685022,-0.003940409439440447,1.1929313961082675e-6,713.4554659579144,533.5466007006643,-0.019478222373519274,-0.013232347081828182,0.0010590433162143977,4271.8187493019905,528.0756871446702,0.04130076346881435,-0.041591255584566465,1.6547841891531864e-5,-0.002035210080068867,2.308777920448387,-132.58984807461565
1.9291872633900504e-6,224.70078269761487,3503.769501441532,-0.002041873630294388,-0.008035058717971251,2.9325425604562286e-6,365.2564642910022,3624.4085946477308,0.010582101275106996,-0.004232875435896964,1.2479829375324794e-6,713.7069150596465,529.7790906077962,-0.01822451890131648,-0.013874056213119037,0.0010560884282613875,4271.206537684552,532.4178311169004,0.04106639870040016,-0.04148917384453468,1.7533182333463974e-5,-0.002039840398809792,2.308944851624409,-132.63470716851992
1.919380822488395e-6,224.70078268563515,3503.7695018986,-0.0019567200035428213,-0.00839513879762741,2.9337704271408905e-6,365.2564654876277,3624.408580986108,0.010643528408700703,-0.004525272039868794,1.3054359081762312e-6,713.9584527816966,526.0218269948002,-0.01700661758667881,-0.01450956384111573,0.0010530026636168279,4270.640432609496,536.6651092519472,0.04081328864405703,-0.041391817849156624,1.8342070644067566e-5,-0.002044327733807658,2.3091033141700055,-132.68069395553178
1.910067930266656e-6,224.70078267473463,3503.7695023371584,-0.0018702787026399859,-0.008746269308722606,2.9350231547312497e-6,365.2564664347349,3624.408569936551,0.010706068572233702,-0.004810560467361063,1.3638337581501387e-6,714.2100791552994,522.3111633984012,-0.015839236642761365,-0.015122139817656829,0.0010498481576220044,4270.1256745761775,540.707482415849,0.04055243795128493,-0.04130686283268756,1.8882328922592542e-5,-0.00204855114309935,2.309246802578128,-132.727914723052
1.901293286525466e-6,224.70078266521028,3503.769502748458,-0.0017866384227733377,-0.009083563249266216,2.936265836349249e-6,365.2564670355396,3624.408562601554,0.01076650306792627,-0.00508449732959942,1.4221387368440004e-6,714.4617942116973,518.6723770334066,-0.014733101368512832,-0.01570183900039881,0.0010467009904245156,4269.635601946591,544.5534871848429,0.04029262356337835,-0.04123538566357991,1.914232988138814e-5,-0.0020524808710353634,2.309373188205992,-132.77653723877307
1.8931452978303432e-6,224.70078265743342,3503.7695031213843,-0.00170704119730913,-0.009398562891460776,2.937466659904176e-6,365.2564671258728,3624.408561205785,0.01082349867679237,-0.005340022005332445,1.4783782676381207e-6,714.7135979821468,515.1377236161159,-0.01369799279619691,-0.016233730950893702,0.0010436486260049019,4269.182835731988,548.0933997782868,0.04004882209857003,-0.041182794282128066,1.9047875178450847e-5,-0.0020560697376275825,2.309477694315487,-132.82677923849414
1.8856705991075941e-6,224.70078265169533,3503.769503444538,-0.0016364271239967868,-0.009686498580279767,2.9385794238634287e-6,365.2564666047293,3624.408567112644,0.010873311664982729,-0.005572858755136117,1.5310142892903704e-6,714.9654904979145,511.7276103871654,-0.012743219676373577,-0.016709126524263176,0.0010407687935227337,4268.729051246657,551.3489454647653,0.0398318958412445,-0.04115116157666313,1.8600378687896655e-5,-0.0020592817151133093,2.3095589014815996,-132.8788857738413
1.8788992383719162e-6,224.70078264824753,3503.7695037065578,-0.001578039532123867,-0.009939012354934494,2.9395553658783075e-6,365.25646533176797,3624.4085824742415,0.01091300857855156,-0.0057759095776434765,1.5778183092712057e-6,715.2174717902762,508.469766969915,-0.011878928110086933,-0.017112976410103203,0.0010381873401298376,4268.271809649016,554.241804520657,0.039660739521040725,-0.041144288229451736,1.777121646767617e-5,-0.002062092346036107,2.3096140360946276,-132.9330970144647
1.8727513934748145e-6,224.70078264680592,3503.7695039061914,-0.0015338581231977566,-0.010154107148156379,2.940362522027878e-6,365.2564632154096,3624.4086088323234,0.01094090428239862,-0.00594735041101001,1.617097727195946e-6,715.4695418905219,505.37354235412016,-0.01110794194756633,-0.017442873161309137,0.0010359454785092252,4267.778260800192,556.8161512604601,0.03954324347055739,-0.041162302634099965,1.6591896698306842e-5,-0.0020645403552575566,2.3096444741585413,-132.98961161251248
1.867159269628741e-6,224.70078264703457,3503.769504043558,-0.0015043067058966794,-0.010329352424246565,2.9409787368343696e-6,365.25646016126575,3624.40864793919,0.010956575643947532,-0.006085110606096693,1.647199678349189e-6,715.7217008299492,502.4457778103904,-0.010430900463519304,-0.017695334297252768,0.001034088366493249,4267.233125116422,559.0831558451489,0.039488468963696614,-0.04120457283419094,1.5078123501134257e-5,-0.0020666645461368204,2.3096512323210594,-133.04855214147125
1.86211443018303e-6,224.70078264866848,3503.7695041191837,-0.0014894190381603172,-0.010464611968560852,2.941389810118847e-6,365.2564561711335,3624.408700331324,0.010959880310609136,-0.006189038646468351,1.6674916937010644e-6,715.9739486398693,499.6810784156879,-0.009843241465640818,-0.01787075020879877,0.0010326065710507014,4266.623674416664,561.0505391121543,0.03949775287070536,-0.04127283870769218,1.3288634525004117e-5,-0.002068473794817587,2.3096369830549914,-133.10993920205343
1.8575926562559764e-6,224.70078265127873,3503.7695041355487,-0.0014868946714766379,-0.010559939124294903,2.9415944755328806e-6,365.2564512184037,3624.4087670553868,0.010952584982288908,-0.006259208990979602,1.6769275554250779e-6,716.2262853516041,497.0778404192892,-0.009339545412459162,-0.017970008202545795,0.001031464936922827,4265.935186614601,562.7486817328601,0.03957078594998472,-0.041366885390450386,1.1263193927397856e-5,-0.0020699921856480977,2.3096040908548066,-133.17367710953923
1.8535457317170542e-6,224.70078265425312,3503.7695041028937,-0.0014932885637765844,-0.010618624948876849,2.941607955317353e-6,365.2564453369752,3624.4088483549003,0.010937369184076241,-0.006298509217579237,1.6754128135008149e-6,716.4787109964848,494.6170160206037,-0.008909646846922095,-0.01800074337390396,0.00103059710318296,4265.166420659817,564.2037031546412,0.03970163664185422,-0.04148579373270825,9.04803776298758e-6,-0.002071260971661182,2.3095560780841944,-133.239551444207
1.8500532075036122e-6,224.700782657337,3503.769504023367,-0.0015038531495488968,-0.01064238950791651,2.9414519141197505e-6,365.25643855746307,3624.4089445750747,0.010918018687460524,-0.006308572871858774,1.6627617827623064e-6,716.7312256058563,492.2896430455927,-0.00854344484026882,-0.017966938654426685,0.0010298896420619815,4264.322745722894,565.4157412408616,0.03988001823133809,-0.041631480075091855,6.672299437678921e-6,-0.0020722580620626523,2.309494809131223,-133.3072357635461
1.8471184756497728e-6,224.70078266019286,3503.769503901688,-0.0015162469177830225,-0.010632619328164361,2.9411328652101326e-6,365.2564309669556,3624.4090553516503,0.010896329621942471,-0.006290596604016134,1.6388987793417986e-6,716.9838292110713,490.0837929827959,-0.008235696302116046,-0.017871680381945625,0.0010292886738425197,4263.390610041996,566.4132401970076,0.040101090053732774,-0.04180450475140289,4.197149901059781e-6,-0.0020729970599519016,2.3094233354824905,-133.37630416970006
1.719054170584709e-6,224.7007822196554,3503.7695071635435,-0.0009559584183160823,-0.010840169815903699,2.917376127984561e-6,365.2563865040966,3624.410123473855,0.010930161326645016,-0.006255408815322855,5.290617499851853e-7,717.2365218434966,305.2517348544143,0.00848758649244215,-0.005583539534841693,0.0010215973782886018,4238.647018636889,605.5268858939282,0.043966353058086806,-0.04367185700566062,8.966160056356808e-6,-0.002130396967966326,2.3110093380276306,-133.4364203001468
1.7195338574516836e-6,224.70078222234469,3503.76950697399,-0.0009071126076264305,-0.010838264200565016,2.917488481174373e-6,365.2563782738258,3624.410261689917,0.010964789593718894,-0.006252776242860736,5.284550437933863e-7,717.4893035345092,1019.3463761965414,0.010146107512826751,-0.005503394848971871,0.001020465117738789,4238.343394502041,605.6879112519426,0.043974953356358024,-0.04378390313173053,8.070075720700439e-6,-0.002129944137960054,2.3109926628618824,-133.4554720701782
1.7201607247992619e-6,224.70078222547073,3503.769506774202,-0.0008581058301916799,-0.010828801743244361,2.9176001444762925e-6,365.256369485671,3624.4104084420833,0.010999767260770522,-0.006244261801583032,5.282788041402618e-7,717.7421743154954,298.4777979357564,0.011818169454184787,-0.005413881813051959,0.0010193977025350638,4238.077666228545,605.7397771756538,0.04398601780015365,-0.04389184229921033,7.137681613374653e-6,-0.0021294431048429078,2.3109727208336146,-133.47258280526077
1.7210071600993604e-6,224.70078222917846,3503.7695065612816,-0.0008085151633736666,-0.010810307021211144,2.917713733721772e-6,365.25636005819337,3624.410564904736,0.011035576616602762,-0.0062286710736155345,5.285227357772136e-7,717.9951342178547,295.1280040251596,0.013513147750711333,-0.005315129662026324,0.001018384560543408,4237.857851800078,605.6476276096515,0.044000080142803454,-0.043997790187012234,6.151938233843977e-6,-0.002128863057706677,2.310948564621384,-133.48774399072784
1.721951886910519e-6,224.70078223314493,3503.769506342423,-0.0007604145881585834,-0.010783863414364554,2.917815690787702e-6,365.256350053911,3624.4107303636124,0.011070376319278232,-0.006206777108561382,5.29205546529777e-7,718.2481832729975,291.81562053427695,0.015210033637243891,-0.005212898298789429,0.001017454865136578,4237.651332231598,605.4945899630975,0.044019276671059454,-0.04409861672850073,5.18531663265887e-6,-0.002128262463858653,2.3109231202465397,-133.50095379433694
1.7230122026495212e-6,224.70078223734328,3503.769506118113,-0.0007123171349811644,-0.010749388255464731,2.9179114196183697e-6,365.2563393551401,3624.4109064433774,0.011105344758078766,-0.006178590738638429,5.304933837493831e-7,718.5013215123432,288.5572634070929,0.0169191287479686,-0.005118564384881175,0.0010165852910368474,4237.474904378247,605.2386381035506,0.04404244726732937,-0.04419642381698697,4.220556775769777e-6,-0.002127644834510366,2.3108962220014257,-133.51221477848242
1.7241883481107506e-6,224.7007822417801,3503.7695058890595,-0.0006651316055357191,-0.010707272210940411,2.917994152844503e-6,365.2563279380859,3624.4110936692114,0.011139790002302733,-0.006144347246965236,5.32441239120268e-7,718.7545489673254,285.37816817501584,0.018636378713036132,-0.005043910742705608,0.001015783082950838,4237.325780441612,604.8803822834042,0.044070420306053314,-0.04429179473191341,3.281513299953769e-6,-0.002127009408876304,2.3108688699203452,-133.52153039819956
1.725434378888683e-6,224.70078224622006,3503.769505659506,-0.000617763753865051,-0.010658134071433468,2.9180674472936975e-6,365.25631571455693,3624.411293458728,0.01117446446290072,-0.006104588614119998,5.351172358354064e-7,719.0078656693854,282.2888275897505,0.020365650516629863,-0.004997426029749854,0.001015032754473614,4237.197354619774,604.443469893498,0.04410285041799403,-0.044384383779854444,2.3749511567947456e-6,-0.0021263867642589483,2.3108417693883423,-133.52889949624463
1.7266814700491468e-6,224.70078225057625,3503.7695054315295,-0.0005713757603346282,-0.010603517623509992,2.9181202003712915e-6,365.2563026152351,3624.4115070568796,0.011208345206865495,-0.006060481696111432,5.387084820547523e-7,719.2612716499783,279.33541115745624,0.022105519271919206,-0.005007118218999055,0.0010143436481158908,4237.081662552792,603.9484043032959,0.044140270389005275,-0.04447405261042459,1.5458490096458117e-6,-0.002125814172697603,2.310817421366965,-133.53430925454444
1.7279514366387027e-6,224.70078225485992,3503.7695052040917,-0.0005249819384010834,-0.010543668459226422,2.91815315562167e-6,365.2562885685809,3624.4117360249356,0.011242129524843816,-0.006012164706587574,5.432737855398453e-7,719.5147669405698,276.5465349768796,0.023858440517419414,-0.005087334587334246,0.001013686190230895,4236.964715355261,603.4140374945722,0.04418212976923247,-0.04456340165355259,8.092424994354746e-7,-0.00212528491893524,2.3107963406536594,-133.53772555165963
1.729140853285541e-6,224.70078225876358,3503.769504983173,-0.0004769311822858876,-0.010481035713445625,2.918170300813348e-6,365.25627339330725,3624.4119833909717,0.011276922941420393,-0.005961670481751321,5.490712009701596e-7,719.7683515726347,273.9489929630873,0.02562983994794446,-0.005264606483655499,0.001013042864443263,4236.854462611503,602.8467939232413,0.04422675627145498,-0.04465158815522914,1.6566926727311155e-7,-0.0021248604932096976,2.3107799509290397,-133.53908079140956
1.7302050066633538e-6,224.7007822623228,3503.7695047673706,-0.00042749644016795664,-0.010418051932182558,2.9181630287736735e-6,365.2562569418791,3624.41225219577,0.011312378307552218,-0.0059108552399904256,5.56357615947421e-7,720.0220255776621,271.60802852394704,0.027420835824349763,-0.005580159741445875,0.0010123933483993529,4236.732405751686,602.2883692159844,0.04427295923481632,-0.04474009521569972,-3.4730013726227265e-7,-0.0021245646977003456,2.3107704893116208,-133.538259756796
1.7311227384134155e-6,224.70078226544578,3503.7695045573114,-0.00037280542540565876,-0.010357344373925522,2.918147458154108e-6,365.25623899674605,3624.4125467059803,0.011351392070579927,-0.005861925199883354,5.654145913833386e-7,720.2757889871486,269.54367264915356,0.02923205706198326,-0.0060582039976464115,0.0010116662151878795,4236.599213869545,601.7524706893064,0.04431582840832216,-0.04483126319206774,-7.554174630495588e-7,-0.00212441686004839,2.31076787369188,-133.5350837958394
1.7318207070663766e-6,224.70078226809693,3503.7695043536146,-0.0003108613403879483,-0.010302925796180938,2.9181277642448124e-6,365.25621928242833,3624.412872404164,0.011395338356544134,-0.005818136268635447,5.766366120793121e-7,720.5296418326049,267.79380419760605,0.03105717844505941,-0.006735928885275672,0.0010108173823013614,4236.454013423891,601.2658940156612,0.04435125702435758,-0.044926036388090035,-1.0697700228951565e-6,-0.002124458235821221,2.3107729968837716,-133.52929585131363
1.732272488446675e-6,224.7007822704252,3503.769504153786,-0.00023852842830949427,-0.010259119709364158,2.9181140544287533e-6,365.25619759284075,3624.413234689216,0.011446467754221827,-0.0057829971048107545,5.904916244272447e-7,720.7835841455521,266.38977791942443,0.032872046078556434,-0.007645427034285197,0.0010097732723137337,4236.297532761201,600.8478288925285,0.0443730723187469,-0.04502735956413958,-1.3136276803390222e-6,-0.0021247002954408105,2.3107859902132457,-133.52055054689743
1.7323347816615236e-6,224.7007822721969,3503.769503963394,-0.00015199889790756634,-0.010231895342434145,2.91812399559281e-6,365.2561736419407,3624.413640269347,0.011507518850728052,-0.005761441361682115,6.07506960405973e-7,721.0376159575206,265.323218777051,0.034644128987681544,-0.008803254949481126,0.0010084685176737162,4236.131502958816,600.5504787199027,0.04437374660854567,-0.04513363781560441,-1.5270415284470107e-6,-0.0021252200321699105,2.310807053277866,-133.50841760934958
1.7318389689370355e-6,224.70078227331533,3503.769503788268,-5.040696486839166e-5,-0.010231196837079879,2.9181675566601672e-6,365.256147169452,3624.4140955565763,0.01157926907733915,-0.005761637450739659,6.282321370918134e-7,721.2917373000548,264.54894767877414,0.03632243688930146,-0.010212501904896261,0.001006866444588129,4235.955892104102,600.4629104896972,0.04434454557185173,-0.04524039420740389,-1.753529899951195e-6,-0.0021260853855623427,2.310836567841347,-133.4924087573256
1.7307766848139014e-6,224.7007822738831,3503.7695036303885,6.842552051196553e-5,-0.010260123717791393,2.918264071500645e-6,365.25611801834856,3624.4146050568415,0.01166345174683345,-0.005786320284201247,6.528229674723288e-7,721.5459482047073,263.93669650004335,0.03786164555159755,-0.011802687942174725,0.0010049402534082334,4235.804457969535,600.5619844040914,0.044278839524973454,-0.045345068509890785,-2.0961124600735835e-6,-0.0021272818690416724,2.3108704933834825,-133.47203169392134
1.7289784676590435e-6,224.70078227361938,3503.769503499847,0.00020223047085681615,-0.01032400112815302,2.918408276079054e-6,365.25608600584576,3624.415173061072,0.011758385166272901,-0.005839850717286934,6.814356346946626e-7,721.8002487030437,263.3807129630951,0.03922814267429575,-0.013516592639994485,0.0010027426032763096,4235.686299801362,600.8983830980947,0.04417468396500928,-0.04543958005995179,-2.5707434189474275e-6,-0.0021288748323260447,2.310909070411908,-133.44685545452356
1.7263821444867167e-6,224.7007822722615,3503.769503403644,0.0003482462671102041,-0.010425114269280007,2.918597010004946e-6,365.2560507157853,3624.4158046800176,0.01186227573731344,-0.00592432326110281,7.139293295900592e-7,722.0546388266414,262.7115061964821,0.04042739618218859,-0.015264032454925188,0.0010003471422367022,4235.620683407305,601.4872312832928,0.044032810619754954,-0.04551540547313995,-3.2307048037548135e-6,-0.002130870663129886,2.3109502473070482,-133.41655234741293
1.7230771067857864e-6,224.70078226990137,3503.7695033394625,0.0005045407920999878,-0.010559954676400578,2.9188175604013065e-6,365.2560117415976,3624.4165058580174,0.011973624076031591,-0.00603694187621912,7.500914657239423e-7,722.3091186070859,261.8493115839137,0.04148658199317468,-0.01698378501646295,0.0009977986669038321,4235.62496021439,602.2746443652945,0.04385598709179079,-0.04557166513001013,-4.0898172585409905e-6,-0.00213321234449732,2.3109921094948396,-133.38089187018176
1.7191068149536887e-6,224.70078226636542,3503.769503307255,0.0006690279104044674,-0.010724698010050193,2.9190551537248196e-6,365.2559683415097,3624.417286108059,0.012090931945485092,-0.006174683182199475,7.897665339274712e-7,722.5636880759776,260.72206368253336,0.04245103938683332,-0.018632669562991245,0.0009951500780961695,4235.694735522387,603.248659091287,0.04364951394381929,-0.04560625821731191,-5.145209241630897e-6,-0.002135879516607539,2.3110337869655715,-133.33969665475215
1.7146054326891071e-6,224.7007822617849,3503.769503301704,0.0008425743710559684,-0.010916686087794461,2.9193008562693873e-6,365.25591979457215,3624.4181570808328,0.012214704370568097,-0.0063354143152177175,8.331087424644791e-7,722.8183472649242,259.3421303001523,0.04335445412387979,-0.02020968653142577,0.0009923789093107872,4235.83796570515,604.3583210622182,0.04341350618538624,-0.045623404367289795,-6.390726555618568e-6,-0.002138807791306003,2.3110747100993025,-133.2927880111048
1.7096815472166539e-6,224.70078225611599,3503.769503319993,0.0010273413412941542,-0.011133710409109127,2.9195526666305563e-6,365.2558650657542,3624.41913495848,0.012346513594493742,-0.006517434196091615,8.803952207518428e-7,723.0730962055476,257.71851468791334,0.04423358406124086,-0.021719568622410458,0.0009894477734627978,4236.05876819113,605.5630397874968,0.0431475501486826,-0.04562691728033655,-7.839936804273904e-6,-0.002141957480428872,2.3111139089699617,-133.23994048596984
1.7044667268635524e-6,224.70078224933224,3503.7695033595755,0.001226024755327782,-0.011374971408379545,2.9198071514398716e-6,365.2558030662195,3624.4202373267804,0.01248824631708473,-0.0067202027409492045,9.320597737656829e-7,723.3279349294803,255.86422734646862,0.045111702826488326,-0.023170706439639255,0.0009862871516016429,4236.363641850396,606.8243088990582,0.042847361898666426,-0.04562256156377058,-9.49607556996603e-6,-0.00214527232477318,2.311150914208958,-133.18084860165723
1.6991311599648713e-6,224.70078224162154,3503.769503412454,0.001444641990677533,-0.011638365706958675,2.920075678629685e-6,365.2557323768088,3624.421488513653,0.012644334570437293,-0.0069421433520558675,9.88815176378422e-7,723.582863468364,253.81476269566986,0.04601291995505582,-0.024577106824781415,0.0009827836557086275,4236.758689884122,608.0882101550299,0.04250705758007429,-0.04561847475640672,-1.1398579080107025e-5,-0.002148693409644829,2.3111837502512755,-133.1151014714266
1.6937310395885278e-6,224.70078223271528,3503.7695034820026,0.0016882745027977162,-0.011930222436146857,2.9203599447658787e-6,365.2556513391146,3624.4229170455383,0.01281836952919979,-0.007188564733849919,1.0517378329827016e-6,723.8378818538545,251.5994912535066,0.046946639109524194,-0.025968961183136855,0.0009788147990088052,4237.25707074671,609.3498954868151,0.04211480725844342,-0.04561991887070375,-1.3562976760685538e-5,-0.0021522035527993364,2.3112131365127624,-133.04215861920508
1.68849586667107e-6,224.7007822227463,3503.7695035600973,0.0019650870105440703,-0.012249229642240933,2.9206743618702924e-6,365.25555801187,3624.4245565060387,0.01301632547815797,-0.00745863767875925,1.1217948367534518e-6,724.0929901176155,249.23111364897522,0.04793370780020612,-0.027348398917748908,0.0009742091196050843,4237.858930163728,610.5682952179137,0.0416585006166843,-0.045637529943476855,-1.6034385509158395e-5,-0.0021557163854344936,2.3112365587707586,-132.96132234163238
1.683555095142781e-6,224.70078221167813,3503.7695036435302,0.002285371468869785,-0.012604312670710067,2.921027427961234e-6,365.2554498650708,3624.426453013837,0.013245561020625045,-0.007759802199973429,1.2010794004323735e-6,724.3481882913244,246.7500513741849,0.04897743900575273,-0.028749554582140006,0.0009687427363606739,4238.587004465506,611.7193005716325,0.041116661920601975,-0.04568190106006785,-1.8865646744284324e-5,-0.002159188196726642,2.3112538258761983,-132.87170039847572
1.6791058580157504e-6,224.70078219921808,3503.7695037303006,0.002663173152055309,-0.013005487772131825,2.921433967486308e-6,365.25532362529,3624.428664469331,0.013516081533231281,-0.008100628589836536,1.291998214667296e-6,724.6034764066695,244.1643373061306,0.050096815304451696,-0.030196750542058858,0.0009621032476134899,4239.457653433976,612.7941572070007,0.04045855032334188,-0.04576725239883537,-2.2122596202866688e-5,-0.002162552822340343,2.311264035522335,-132.77215303519
1.675430872130562e-6,224.70078218517673,3503.7695038123984,0.0031208401786079177,-0.013470766741806264,2.921915592227199e-6,365.2551751887059,3624.431268570305,0.0138439047369153,-0.00849616853508527,1.3986914122327988e-6,724.8588544953485,241.50280801594238,0.05130434218160801,-0.03173190541881488,0.000953815017276092,4240.493341074827,613.7932885477469,0.0396366146731032,-0.045915605481609355,-2.5899010086656296e-5,-0.0021657117535104293,2.311266720473796,-132.66121259080325
1.6730385371476343e-6,224.70078216945498,3503.7695038721804,0.0036915394322279207,-0.014026385290198382,2.9224971502600196e-6,365.2549991216795,3624.4343704834096,0.014252519296269237,-0.008968425337960398,1.527100783878684e-6,725.1143225890728,238.77996649715186,0.05263022324911791,-0.03340678075936063,0.0009431440956966872,4241.7289920694675,614.7013604524784,0.03857267511655342,-0.046163560437489065,-3.033944552844907e-5,-0.0021684690716163887,2.311260030538877,-132.53695454939188
1.6725817387187127e-6,224.70078215148877,3503.7695038807865,0.0044353266241432855,-0.014731573495225145,2.9232022639520147e-6,365.25478790553115,3624.4381290886686,0.014784048341721267,-0.009566424977138818,1.6891206080319324e-6,725.3698807195622,236.03288135483842,0.05410760048306065,-0.03533922303898484,0.0009287578034309933,4243.180656158022,615.6682896963653,0.037117762548167475,-0.04657326403062263,-3.5626933193094455e-5,-0.002170593651798723,2.311246545700412,-132.39677267961378
1.6757942105860791e-6,224.70078213221115,3503.769503737872,0.0054677123334079735,-0.01569273425963288,2.9240382245801143e-6,365.2545316406972,3624.4427892863787,0.015518905634660768,-0.0103778384646087,1.907588687928176e-6,725.6255289185497,233.30595974170018,0.055817142006227484,-0.03772216659013843,0.0009081119525243329,4244.908147097491,616.7932436493824,0.03497217797979244,-0.04728375170934999,-4.2130759073552676e-5,-0.002171369560569683,2.311226311035401,-132.23696191604142
1.685639694829778e-6,224.70078211730458,3503.7695031859494,0.00694801159475501,-0.01706859621184114,2.9246964232621346e-6,365.25422301063577,3624.448662675174,0.016562591992318205,-0.011530886082679128,2.2225796129173556e-6,725.8812672177797,230.6529452451627,0.05784307261704564,-0.04080695558344959,0.0008776820788638401,4246.786268170718,618.471692501627,0.03164913843689237,-0.04853556613809713,-4.997657964660353e-5,-0.002169440450374588,2.3112076617592705,-132.0522303965973
1.7006582542229548e-6,224.70078212490606,3503.7695021025156,0.008500016156462084,-0.018439217298705825,2.9241111500130025e-6,365.2538912188681,3624.455326656783,0.01763725825894301,-0.01267361937965701,2.585675669075565e-6,726.1370956490057,227.92415633009747,0.05986236934362911,-0.04364885235772984,0.0008460092910925721,4248.22469468854,619.8543331586853,0.027953144053480972,-0.05007202131849097,-5.6972791942132236e-5,-0.0021648066361218805,2.3111755022704084,-131.83885873826634
1.7126311866859906e-6,224.70078214907682,3503.7695011586543,0.009502367557087946,-0.01914838369952207,2.9224642047003494e-6,365.2535553127604,3624.4620855388475,0.018315796163622777,-0.013270106418733033,2.8679500053039033e-6,726.3930142439949,224.92344482852343,0.0614371100582343,-0.04505176434825584,0.0008268791391452745,4249.201953749256,619.4418636759406,0.025590132237794817,-0.051124720801765666,-6.141429262191845e-5,-0.002160890836845698,2.3111005285178745,-131.6022412256982
1.7209406031375549e-6,224.70078217509766,3503.7695005822206,0.010100308289577675,-0.01937337249356871,2.920555067535845e-6,365.2531853972493,3624.469345864771,0.018711427109320597,-0.013471139323131178,3.0784556634280655e-6,726.6490230345231,221.73927123596013,0.06272178183649549,-0.04548660969640283,0.0008168508821763964,4250.081526453372,617.6610948056104,0.024313686660003962,-0.05173051649099597,-6.446118316090462e-5,-0.0021583768816104596,2.3109923901284577,-131.34943763837555
1.726629371686617e-6,224.7007821994615,3503.769500310492,0.01044682691807308,-0.019298909060515516,2.91858800742756e-6,365.2527529171861,3624.4776243491215,0.018932508018665414,-0.013428591721412685,3.2432314675782055e-6,726.9051220523794,218.45693347516476,0.06384901124370604,-0.045356574395044126,0.0008123633849330748,4250.9476097096185,615.0232342283563,0.023743849218245783,-0.052039729423978005,-6.678983935579686e-5,-0.0021569484804272085,2.3108630652269495,-131.08393515670932
1.7303584143215709e-6,224.70078222190912,3503.7695002746927,0.010606039257495061,-0.018998059983411975,2.9165842216595477e-6,365.252226762778,3624.4874535403496,0.019023286853062732,-0.013201966091414129,3.374969656544136e-6,727.1613113293641,215.09681700360844,0.06489711390647156,-0.04481864536571322,0.0008119405526582962,4251.812957827318,611.6938829982635,0.023717344094278264,-0.052130165218690384,-6.867198906424001e-5,-0.002156335355198616,2.3107166498511007,-130.80673466055686
1.7321344649165445e-6,224.70078224290927,3503.7695004227794,0.010591886275427486,-0.018508677254348883,2.9144233663704374e-6,365.2515663593349,3624.499515486369,0.018990622538209444,-0.012820938091516743,3.4813620407606553e-6,727.4175908972866,211.67978062355942,0.06588458866085309,-0.04396103740532961,0.0008151251506140531,4252.621436641417,607.9008614628705,0.024176384914145282,-0.05202794175376159,-7.012325803934535e-5,-0.002156498904154645,2.310560223104839,-130.5169814661211
1.7319402878229757e-6,224.70078226423342,3503.769500690424,0.010400870985783014,-0.017838585545678125,2.911957931580626e-6,365.2507133547766,3624.5147772213654,0.018828898234546258,-0.012290266481853374,3.5670958957819585e-6,727.6739607879703,208.21591650801264,0.06683196789242636,-0.0428088681497241,0.0008219250546848408,4253.307313398721,603.7320857073751,0.02511529677162293,-0.051747053198928104,-7.110201664741465e-5,-0.002157395869229554,2.3103970532889133,-130.21202695753962
1.7297485927173236e-6,224.70078228778272,3503.769501014078,0.010022623289551594,-0.016998959398401153,2.9089539106600664e-6,365.2495823981692,3624.534667897002,0.01852619945037155,-0.011616997346522075,3.6385376438348973e-6,727.9304210332468,204.71477776058256,0.06774622339215974,-0.041391600501484244,0.000832443106718147,4253.77699879744,599.3418873463366,0.02652317562070152,-0.0513003482638446,-7.147659885285864e-5,-0.002158957278754967,2.3102331293530947,-129.88726096151154
1.7256237659131119e-6,224.70078231658732,3503.7695013068183,0.009451175471733665,-0.01600644512663376,2.90510709953693e-6,365.2480438342876,3624.5614068104796,0.01807225523837634,-0.010811867580981772,3.7053116542364476e-6,728.1869716649614,201.2013851430605,0.06862875869641441,-0.03974690973355907,0.0008466707634312564,4253.870840962861,594.9895494076934,0.028362602532415036,-0.05071429384632529,-7.104192365310323e-5,-0.0021610756999719473,2.31007670245592,-129.5359354420529
1.7202357439585578e-6,224.7007823541551,3503.7695014755604,0.008700878611549048,-0.014886841436958821,2.900112351921401e-6,365.2458951194595,3624.5985473372534,0.017470962597476918,-0.009892885075323574,3.7806235125399564e-6,728.4436127149705,197.70449639162777,0.06949394115563179,-0.03792132410562979,0.0008641737816318627,4253.435286798625,590.8605914202367,0.030539639785293594,-0.05005050210517422,-6.961615297889239e-5,-0.0021633711859136632,2.3099338206921485,-129.14918614420046
1.714398628222301e-6,224.7007824029313,3503.769501459647,0.007792329084723105,-0.013675988817753544,2.8936261388202916e-6,365.2427948183537,3624.652187037133,0.01672960296416828,-0.008885498389185408,3.880571398019421e-6,728.7003442151396,194.26404407653683,0.07033894859089458,-0.035982876525724204,0.000884253848014969,4252.249341357683,587.2961426738387,0.03293277280940892,-0.04938145982203824,-6.695863845006517e-5,-0.002165399429925976,2.3098132260994837,-128.7163810011728
1.7097207608028676e-6,224.70078246552094,3503.7695012127497,0.0067557450826700345,-0.012383300173094842,2.8853225392992566e-6,365.2381110053761,3624.733814002641,0.015862246316396992,-0.007792030198369117,4.021296880665627e-6,728.9571661973481,190.91580122834762,0.07119091046077247,-0.033940762816378776,0.0009059597667864909,4250.07634945684,584.3861631987622,0.03542432452429601,-0.048812084008689964,-6.29168283298137e-5,-0.002166352841304551,2.30971361499043,-128.22591013292293
1.7087096171172318e-6,224.70078254386738,3503.7695007302614,0.005600594730214724,-0.010980647493965538,2.8747149374846634e-6,365.23052586414985,3624.867974418007,0.0148653275336086,-0.006578285713739631,4.217713018691633e-6,729.2140786934839,187.70367234808353,0.07208068814473591,-0.03172971246322602,0.0009283690485921642,4246.5095215872725,582.1328749246119,0.03794177788916595,-0.04847799618813793,-5.734300564181712e-5,-0.002164907700417328,2.3096239599994735,-127.66739931275819
1.7167283104601193e-6,224.7007826365379,3503.769500123611,0.004319545367937916,-0.009371281737527095,2.8609366083275754e-6,365.2167321321531,3625.119141904255,0.013716936777418573,-0.005136017228757629,4.4835916727508126e-6,729.4710817354484,184.71570713241468,0.07308975159774189,-0.029129906452214076,0.0009498817606956936,4240.7258130884475,580.2817998863333,0.040427718489360887,-0.04864674061118154,-5.0398307960594466e-5,-0.0021582135562160775,2.309503737185049,-127.04136519665136
1.750105587683044e-6,224.7007826920785,3503.7695006606523,0.0029634262919913243,-0.007312598206897097,2.842748950313367e-6,365.1850466308321,3625.741916778689,0.012438430497482103,-0.0031528773568944993,4.794291164775917e-6,729.7281753551541,182.20347662753616,0.07453134675973376,-0.02537844979819108,0.0009636608166948758,4230.319086729474,578.3135557125372,0.04259758477042335,-0.05018066132843621,-4.454001818403202e-5,-0.00213772852557826,2.309211114273368,-126.43695975192635
1.8350471182758575e-6,224.70078202370684,3503.7695135401004,0.005997687947713454,-0.008132248094101418,2.8696574234298655e-6,365.17013515168304,3626.6917115119313,0.01513628762293582,-0.0033029130561449205,3.887042431801984e-6,729.9853595845226,179.850096831624,0.07568941423039569,-0.02190438912685793,0.0008796199836940213,4217.573630176758,593.2287138511005,0.034955616444191616,-0.0560724104773629,-4.274403335812989e-5,-0.0020942077145900285,2.3096905512902968,-127.78392049393622
1.8818571379533974e-6,224.70078147471258,3503.769519346047,0.0017205900181306458,-0.005757715296045939,2.8971629965190677e-6,365.23218744556647,3626.487696246474,0.012720833695654195,-0.0010439602603147336,1.3247573131036066e-6,730.2426344554898,172.01657709121758,0.05381416152711507,-0.004776879143404026,0.0009315651372670114,4192.752202631656,625.2915442672638,0.0397753638482523,-0.05385948757930883,1.1278987170087475e-5,-0.002049871991594552,2.311198251259886,-134.29044037815245
1.395269161434632e-6,224.7007818964539,3503.7694876457886,0.040151940135370476,0.009293922266375975,3.213808789055728e-6,365.25647897384187,3624.408026418163,0.043824643141822786,0.009750642546864195,3.799988084517516e-12,730.4999999999997,541.6907534793054,0.07160561575549865,0.038827285638061614,-0.0005127821788438997,4226.131101745948,-4263.227662065594,0.07437921567127567,0.19290821795777255,0.00030066608469947334,-0.002430835760478379,2.3193701151982555,-146.57066518074413
