Global Fit Results.
chi^2: 418.3670691405368
per 3 range=[4017.75 - 4748.25, length=100]
mu_1: 2.4217388970944395e-6 ± 5.1841436042249084e-8
P_1: 224.70077517021707 ± 1.2182729593314244e-6
t01: 3503.765481748726 ± 3.319768643740846e-5
ecos1: 0.004110696633135443 ± 0.0023758141719963533
esin1: -0.0017449566352199094 ± 0.0026421127820616887
mu_2: 3.0710271385159632e-6 ± 3.5713314229763243e-8
P_2: 365.25645149008903 ± 2.6710730524868955e-6
t02: 3624.402294377059 ± 4.4690254101198207e-5
ecos2: 0.016596625856921253 ± 0.0018586004847082397
esin2: 0.0010206788239606503 ± 0.002122235374031635
mu_3: 0.0008644587119480137 ± 4.904286702492548e-5
P_3: 4243.5762383381325 ± 12.116893861239943
t03: 570.2687470272249 ± 34.938286234242184
ecos3: 0.026396701893213033 ± 0.006191013078639305
esin3: -0.037419214993609604 ± 0.003683120646025248
Retrieved Earth masses:
[0.806240990795265, 1.0224008731440477, 287.79405131526283]
 ± [0.017258958349762318, 0.011889612824790048, 16.327263747985466]
Retrieved eccentricity:
[0.005813402929381563, 0.023471173376490028, 0.037330573819301424]
 ± [0.0033599086237154478, 0.0026284580125076006, 0.008755414660640913]
