Global Fit Results.
chi^2: 2.9053268677733493
per 3 range=[4017.75 - 4748.25, length=100]
mu_1: 2.4217348004309306e-6 ± 6.221011796029499e-7
P_1: 224.7007751702394 ± 1.4619276925178054e-5
t01: 3503.7654817483217 ± 0.0003983723688300089
ecos1: 0.004110468319478154 ± 0.028509651909983943
esin1: -0.0017454914555547398 ± 0.031704675468095744
mu_2: 3.0710259993334403e-6 ± 4.2855845006403364e-7
P_2: 365.2564514905112 ± 3.2052449166588706e-5
t02: 3624.4022943704977 ± 0.0005362763614749943
ecos2: 0.01659645413425523 ± 0.022303084996125336
esin2: 0.0010202426137845384 ± 0.025466283148761742
mu_3: 0.0008644580308998575 ± 0.0005885182823358049
P_3: 4243.5720708333865 ± 145.4013525550845
t03: 570.2833205085097 ± 419.24985534911355
ecos3: 0.026396378534357726 ± 0.07429278870138063
esin3: -0.03741850612952027 ± 0.044197571233745465
Retrieved Earth masses:
[0.8062396269413622, 1.0224004938894355, 287.79382458192634]
 ± [0.20710881425728953, 0.14267491421468276, 195.92845604488116]
Retrieved eccentricity:
[0.00581308004511095, 0.023470930523966767, 0.037330116520822736]
 ± [0.040318736389635304, 0.03154132528428034, 0.10506586936801113]
