Global Fit Results.
chi^2: 45.36808710712045
per 3 range=[4017.75 - 4748.25, length=100]
mu_1: 2.4284580996613937e-6 ± 1.6437359628852595e-7
P_1: 224.7007765184849 ± 3.883907145724312e-6
t01: 3503.7654620285425 ± 0.00010152540871931985
ecos1: 0.004724747317349403 ± 0.007482506461916477
esin1: -0.0022475172141494656 ± 0.007995485245599995
mu_2: 3.071869357801131e-6 ± 1.0924089276709805e-7
P_2: 365.25645097966907 ± 8.129744388388194e-6
t02: 3624.4023038725945 ± 0.0001342064302866706
ecos2: 0.01730619365850005 ± 0.005854298229933006
esin2: 0.0007619709756880966 ± 0.006418920980632299
mu_3: 0.000872661713493155 ± 0.00015119871682325203
P_3: 4251.409627784521 ± 39.05016879681935
t03: 4810.964110196345 ± 83.24934133537717
ecos3: 0.027761047706287133 ± 0.01861067170372998
esin3: -0.03695018244625709 ± 0.010874840900874167
Retrieved Earth masses:
[0.8084779357200192, 1.0226812632850968, 290.5249799472408]
 ± [0.054722964268048443, 0.03636828302405956, 50.33680691374617]
Retrieved eccentricity:
[0.006681801734981424, 0.024474653784906025, 0.03926005017191776]
 ± [0.010581862118986604, 0.00827922795494806, 0.02631946432828813]
