Global Fit Results.
chi^2: 5.391258356063929
per 3 range=[4017.75 - 4748.25, length=100]
mu_1: 2.3990411053942716e-6 ± 2.82730024723034e-7
P_1: 224.700798639166 ± 1.949926043658972e-5
t01: 3503.765187782636 ± 0.00018218994329538492
ecos1: 0.0136604242343844 ± 0.015484481413332514
esin1: -0.005242360637269192 ± 0.01632344464983151
mu_2: 3.0753056081601668e-6 ± 2.0384478513252987e-7
P_2: 365.25640780838387 ± 4.980863266674222e-5
t02: 3624.402444231096 ± 0.0003273224754985304
ecos2: 0.02345618931119202 ± 0.011939703528740029
esin2: -0.002416069117405821 ± 0.012938150406042478
mu_3: 0.0007107768053112439 ± 0.0002536209768563963
P_3: 4148.64978952457 ± 288.1692580108254
t03: 582.3582916632282 ± 361.98537314213587
ecos3: 0.02369500260821945 ± 0.03974679387165675
esin3: -0.07381621557551019 ± 0.03646382457999394
Retrieved Earth masses:
[0.7986844824982047, 1.0238252536208896, 236.6305452813162]
 ± [0.09412597515519011, 0.06786364200157197, 84.43504289933777]
Retrieved eccentricity:
[0.014631798772350105, 0.023580292767108744, 0.07752603969308454]
 ± [0.02249942243427491, 0.01760546097901399, 0.05393902229440705]
