Global Fit Results.
chi^2: 2.9701358635277604
per 3 range=[4017.75 - 4748.25, length=100]
mu_1: 2.3754937133935844e-6 ± 5.734791848638867e-7
P_1: 224.70078072323375 ± 1.6199317819936945e-5
t01: 3503.7654005880054 ± 0.0003654157904748462
ecos1: 0.0017334777476843645 ± 0.022682613718760014
esin1: -0.004342022722926519 ± 0.025020853766664124
mu_2: 3.0627769225807436e-6 ± 3.779036496967005e-7
P_2: 365.2564696847744 ± 3.492524572035669e-5
t02: 3624.4021215897337 ± 0.0004914421972070458
ecos2: 0.014804099271313001 ± 0.017704561392009224
esin2: -0.000787188047245784 ± 0.020214918152516866
mu_3: 0.000933702478077951 ± 0.0005226364180416789
P_3: 4234.640172018846 ± 140.6513104880701
t03: 555.9610541698595 ± 346.5003220416033
ecos3: 0.03671695269246543 ± 0.05893965545637799
esin3: -0.04755927588887138 ± 0.03928168246441396
Retrieved Earth masses:
[0.7908451267856396, 1.0196542259816028, 310.84656233450477]
 ± [0.19092166655945256, 0.12581100849565824, 173.99518338379298]
Retrieved eccentricity:
[0.0024515077408471943, 0.0209361579682085, 0.05192561246669594]
 ± [0.032078059951140436, 0.02503803083644653, 0.08335326010800716]
