Global Fit Results.
chi^2: 129.56104747142166
per 3 range=[4017.75 - 4748.25, length=100]
mu_1: 2.6900134404557055e-6 ± 9.5734431562019e-8
P_1: 224.7007933643782 ± 2.779150946399776e-6
t01: 3503.765263191568 ± 4.383958513861306e-5
ecos1: 0.03218210353555137 ± 0.0060645388609347345
esin1: 0.0040616188213947035 ± 0.004540785699988059
mu_2: 3.2679918604566333e-6 ± 5.9397647102191385e-8
P_2: 365.2564208662365 ± 7.402144340470065e-6
t02: 3624.4025170524947 ± 7.434666217513891e-5
ecos2: 0.03863094481553172 ± 0.004782998283912505
esin2: 0.004717508368123183 ± 0.003568178518506835
mu_3: 0.0006058670304486375 ± 5.7461263186571275e-5
P_3: 4395.750225399504 ± 43.627816860987224
t03: 4620.42146310834 ± 39.13113482854919
ecos3: -0.01825203811168282 ± 0.01463310131776626
esin3: -0.08423868145841543 ± 0.009763955318770461
Retrieved Earth masses:
[0.8955544728986579, 1.0879740167887595, 201.7041702989361]
 ± [0.03187173606881772, 0.019774558647934534, 19.129901171208754]
Retrieved eccentricity:
[0.04551236728567188, 0.05463240608541156, 0.02581227983849246]
 ± [0.008576553106672583, 0.006764181041916304, 0.020694330343164653]
