Global Fit Results.
chi^2: 5.588572456964672
per 3 range=[4017.75 - 4748.25, length=100]
mu_1: 2.461833348810441e-6 ± 3.9369264433187173e-7
P_1: 224.70079086033834 ± 1.2114100475283072e-5
t01: 3503.765277311023 ± 0.00023662844758874006
ecos1: 0.0161107060122686 ± 0.024821987969831986
esin1: -0.00015018876627648982 ± 0.022895268861327492
mu_2: 3.147060629150068e-6 ± 2.8763238211496815e-7
P_2: 365.25646038718327 ± 2.6185908581496478e-5
t02: 3624.4021841029003 ± 0.0003189164110486722
ecos2: 0.02485023354829995 ± 0.019401030614688453
esin2: 0.002147014204156313 ± 0.018208924562650913
mu_3: 0.0006523864091209591 ± 0.00033228094829554984
P_3: 4193.484874376836 ± 103.31947160745008
t03: 556.5341421479652 ± 249.51726490951285
ecos3: 0.004930790332299779 ± 0.06980549321760372
esin3: -0.07198175133206415 ± 0.044880941942312166
Retrieved Earth masses:
[0.8195891640916041, 1.0477138071254986, 217.19131880902182]
 ± [0.13106745240610396, 0.09575805922736139, 110.6223801821139]
Retrieved eccentricity:
[0.022783978941956013, 0.03514353731214467, 0.006973190561156487]
 ± [0.035103592031998206, 0.027437200619308034, 0.09871987523647828]
