Global Fit Results.
chi^2: 380.73404814333406
per 3 range=[4090.7999999999997 - 4383.0, length=200]
mu_1: 2.329498618498453e-6 ± 5.6131487440863815e-8
P_1: 224.70077883254427 ± 1.550838681986736e-6
t01: 3503.7654042477334 ± 3.593825017959854e-5
ecos1: 0.0010223016948065194 ± 0.002230533755109335
esin1: -0.0035398549368142193 ± 0.002395115503066831
mu_2: 3.0867740270886193e-6 ± 3.765348175386139e-8
P_2: 365.25646868075427 ± 3.250752741386914e-6
t02: 3624.402119273378 ± 4.783594206775825e-5
ecos2: 0.015119441278725743 ± 0.001743926794344161
esin2: -0.00018023690638592076 ± 0.0019340701981135707
mu_3: 0.0009417338727281136 ± 5.1249146708197284e-5
P_3: 4237.267121930667 ± 13.884392810280426
t03: 4768.362879373145 ± 25.71230759901708
ecos3: 0.04043879438313348 ± 0.005554010541272405
esin3: -0.05176883951148306 ± 0.003860815407815609
Retrieved Earth masses:
[0.7755325218948047, 1.0276432991793205, 313.52035990532613]
 ± [0.018687194603609326, 0.012535529933696561, 17.06177444191151]
Retrieved eccentricity:
[0.0036845181135247906, 0.015120515531001565, 0.06569101030983644]
 ± [0.003272897661967638, 0.002604209706468081, 0.006764091121931416]
