Global Fit Results.
chi^2: 408.3127839888299
per 3 range=[4017.75 - 4748.25, length=100]
mu_1: 2.4284649482111277e-6 ± 5.4791645915798306e-8
P_1: 224.700776518485 ± 1.2946355969614332e-6
t01: 3503.7654620283924 ± 3.384179998604083e-5
ecos1: 0.004725297636051767 ± 0.00249421516976933
esin1: -0.0022473397587496665 ± 0.002665223120437973
mu_2: 3.0718725614232828e-6 ± 3.641381925288737e-8
P_2: 365.2564509795936 ± 2.709912903694012e-6
t02: 3624.402303874241 ± 4.4735441790331536e-5
ecos2: 0.017306617899040054 ± 0.001951471584740764
esin2: 0.0007620888269868313 ± 0.002139690702721915
mu_3: 0.0008726512712952952 ± 5.039941186315858e-5
P_3: 4251.410805017048 ± 13.016691061139616
t03: 4810.961010658054 ± 27.750168042335435
ecos3: 0.02775990564934326 ± 0.006203673823892946
esin3: -0.03695081911498842 ± 0.003625038380315038
Retrieved Earth masses:
[0.8084802157269719, 1.022682329829265, 290.5215035493687]
 ± [0.01824113695471353, 0.01212282370668085, 16.77888223408546]
Retrieved eccentricity:
[0.006682580003153933, 0.024475253751631405, 0.03925843505949874]
 ± [0.003527352920564498, 0.0027597975817261053, 0.008773319658288365]
