Global Fit Results.
chi^2: 30.046315927458366
per 3 range=[4017.75 - 4748.25, length=100]
mu_1: 2.381973952505548e-6 ± 1.7028398341154224e-7
P_1: 224.70078337433168 ± 5.269856023869145e-6
t01: 3503.7653652299286 ± 0.00011270210321926878
ecos1: 0.003865312914767652 ± 0.007553613584910948
esin1: -0.001207524419535883 ± 0.008333569394401844
mu_2: 3.041032555619965e-6 ± 1.1783233906035483e-7
P_2: 365.25646592355395 ± 1.1263718088212762e-5
t02: 3624.4021453382006 ± 0.000150300085307344
ecos2: 0.01610641878241865 ± 0.0059385796063478645
esin2: 0.001909996125175626 ± 0.006707518594626075
mu_3: 0.0008790551275205842 ± 0.00015682253218110513
P_3: 4216.285048329175 ± 46.15235255980859
t03: 4761.3980601143585 ± 84.75726845033708
ecos3: 0.035458971329231204 ± 0.01961218022452676
esin3: -0.05403287618845327 ± 0.013414457706939465
Retrieved Earth masses:
[0.7930025164235102, 1.0124151301469084, 292.65346393295175]
 ± [0.05669063979894958, 0.03922853198820276, 52.209077484122325]
Retrieved eccentricity:
[0.005466377946880293, 0.02277791588335721, 0.0501465581615975]
 ± [0.010682422776706717, 0.008398419820529426, 0.027735811261231157]
