Global Fit Results.
chi^2: 1.2956104755613842
per 3 range=[4017.75 - 4748.25, length=100]
mu_1: 2.6900193393010156e-6 ± 9.573282615449804e-7
P_1: 224.7007933643918 ± 2.7791842737504213e-5
t01: 3503.7652631913747 ± 0.0004383996732598665
ecos1: 0.03218251711599209 ± 0.06064480204433071
esin1: 0.00406190989591566 ± 0.045408150942618526
mu_2: 3.2679944442207055e-6 ± 5.939706624662543e-7
P_2: 365.2564208661616 ± 7.402179389423582e-5
t02: 3624.40251705316 ± 0.000743466932498508
ecos2: 0.03863126727774849 ± 0.04782947676217084
esin2: 0.004717730712681934 ± 0.0356821481180373
mu_3: 0.0006058648654994157 ± 0.0005746107220703612
P_3: 4395.750132655953 ± 436.26290087936115
t03: 224.66846527000843 ± 716.5972194409974
ecos3: -0.01825213579431736 ± 0.14632887114497925
esin3: -0.08423932182348629 ± 0.09763947710171111
Retrieved Earth masses:
[0.8955564367317089, 1.0879748769708824, 201.70344954790565]
 ± [0.3187120159941151, 0.19774365270536348, 191.2983759064281]
Retrieved eccentricity:
[0.045512952176740284, 0.05463286211585187, 0.025812417982599038]
 ± [0.08576470153852409, 0.06764109471827079, 0.2069402741399747]
