Global Fit Results.
chi^2: 96.48656720987215
per 3 range=[4017.75 - 4748.25, length=200]
mu_1: 2.288421017428845e-6 ± 1.5494687518572467e-7
P_1: 224.7007753917308 ± 3.659831177813568e-6
t01: 3503.7654254686354 ± 9.974582241295026e-5
ecos1: 0.002844867602584879 ± 0.006946605178133993
esin1: -0.0029231238609503784 ± 0.008411562419033587
mu_2: 3.153307839768994e-6 ± 1.0556827406856405e-7
P_2: 365.2564531090465 ± 8.081167967176876e-6
t02: 3624.402249403326 ± 0.00013461959011624433
ecos2: 0.013897858556067549 ± 0.00542044010784319
esin2: -0.0015626378212205492 ± 0.006763307973800805
mu_3: 0.0008281337105019444 ± 0.000146203344033451
P_3: 4206.574327074337 ± 36.3507467052903
t03: 692.8807795041608 ± 112.38011295368717
ecos3: 0.005057394548201269 ± 0.022680175357874165
esin3: -0.033998624863280584 ± 0.013304754834176764
Retrieved Earth masses:
[0.7618570402705932, 1.0497936173334248, 275.7007966742873]
 ± [0.05158463710528464, 0.03514560136260058, 48.67375632135037]
Retrieved eccentricity:
[0.004078961238194657, 0.013985432042120431, 0.034372717847302336]
