Global Fit Results.
chi^2: 12.432268369224985
per 3 range=[4017.75 - 4748.25, length=100]
mu_1: 2.60524669338272e-6 ± 2.5994938197789914e-7
P_1: 224.7007974689347 ± 8.845294674638212e-6
t01: 3503.7652212132775 ± 0.0001341013132601578
ecos1: 0.021597343627721602 ± 0.01594926114005453
esin1: 0.0028305309805019695 ± 0.013077568775057563
mu_2: 3.1941656810938993e-6 ± 1.655676963608068e-7
P_2: 365.25642049752395 ± 2.2168594793371347e-5
t02: 3624.402492113161 ± 0.00022312769697541891
ecos2: 0.03066387727000725 ± 0.012445551312850025
esin2: 0.003855846999523183 ± 0.010351601187177
mu_3: 0.0006949942023846298 ± 0.00019607350800280752
P_3: 4346.462973008785 ± 142.9222700208027
t03: 4653.8070072114315 ± 120.21377838582353
ecos3: 0.0024578562745728003 ± 0.03758797089573725
esin3: -0.07399359153213336 ± 0.024910602654093398
Retrieved Earth masses:
[0.867334078772515, 1.0633959369357031, 231.37622928707407]
 ± [0.08654188423612921, 0.05512050193263296, 65.27644229134343]
Retrieved eccentricity:
[0.03054325626955603, 0.04336527111018833, 0.0034759336778646638]
 ± [0.02255566141409529, 0.01760066745784278, 0.05315741822283679]
