Global Fit Results.
chi^2: 1.0707524579695749
per 3 range=[4017.75 - 4748.25, length=100]
mu_1: 2.690004546332358e-6 ± 1.053072685242661e-6
P_1: 224.7007933643815 ± 3.057065997849432e-5
t01: 3503.76526319141 ± 0.0004822351391969065
ecos1: 0.032181502495942836 ± 0.0667095385077963
esin1: 0.004061248049396681 ± 0.04994889533511952
mu_2: 3.2679881311831447e-6 ± 6.533696718029466e-7
P_2: 365.2564208666534 ± 8.14238616048434e-5
t02: 3624.4025170480522 ± 0.000817814366714018
ecos2: 0.03863047024905367 ± 0.05261260918864325
esin2: 0.00471723834585087 ± 0.03925017909184098
mu_3: 0.0006058734076124327 ± 0.0006320851736185104
P_3: 4395.746449548561 ± 479.90275777812207
t03: 4620.426277869432 ± 430.4423871627377
ecos3: -0.018250205386530615 ± 0.16096269317952547
esin3: -0.08423760969932717 ± 0.10740255937184416
Retrieved Earth masses:
[0.895551511882989, 1.0879727752456865, 201.70629337292348]
 ± [0.3505870786269012, 0.21751866486597646, 210.43266772343202]
Retrieved eccentricity:
[0.04551151728730597, 0.05463173494706205, 0.025809687973726108]
 ± [0.09434153409737578, 0.0744054654664146, 0.2276356237305842]
