Global Fit Results.
chi^2: 88.2937076457608
per 3 range=[4017.75 - 4748.25, length=200]
mu_1: 2.162060613677647e-6 ± 1.68928353112781e-7
P_1: 224.70077168969934 ± 5.26940706255203e-6
t01: 3503.7656529534056 ± 0.0001127715142738069
ecos1: 0.0004134281861702462 ± 0.006309154431544413
esin1: -0.011333447404529145 ± 0.00709899800581993
mu_2: 3.0237353542684456e-6 ± 1.1308038574480287e-7
P_2: 365.25646319288074 ± 1.1068714310664136e-5
t02: 3624.402040770642 ± 0.00014731942976211422
ecos2: 0.013427358088848273 ± 0.0048519840588721105
esin2: -0.004951695997539128 ± 0.0057972689682171
mu_3: 0.0009437107789704016 ± 0.00014643189087603587
P_3: 4140.889836774131 ± 46.94032326056494
t03: 4887.272687349594 ± 73.68613909942786
ecos3: 0.052231185555627335 ± 0.013943325431870173
esin3: -0.03847561968977313 ± 0.010304075320235565
Retrieved Earth masses:
[0.7197893602081861, 1.0066565767486184, 314.1785080027135]
 ± [0.0562393257796981, 0.03764652017266802, 48.74984372822558]
Retrieved eccentricity:
[0.011340985536378592, 0.014311297582616475, 0.06487272196430817]
