Global Fit Results.
chi^2: 392.279615146446
per 3 range=[4017.75 - 4748.25, length=200]
mu_1: 2.3303959147529144e-6 ± 5.788334739661552e-8
P_1: 224.7007792678375 ± 1.4340777308329771e-6
t01: 3503.7653954397274 ± 3.49786827907817e-5
ecos1: 0.006640203103070586 ± 0.0024473429099842008
esin1: -0.005289667227680819 ± 0.0026410836336911987
mu_2: 3.096883398240006e-6 ± 3.76299912578651e-8
P_2: 365.25646001459444 ± 3.0090353025006366e-6
t02: 3624.402201341148 ± 4.621087047981574e-5
ecos2: 0.018434083493923812 ± 0.0019070087676976491
esin2: -0.0020040695526359884 ± 0.00212708018255913
mu_3: 0.0009276414147488595 ± 5.209172883066369e-5
P_3: 4251.6046810932685 ± 12.964614832990561
t03: 554.4182438361873 ± 33.878337816106566
ecos3: 0.03439339259129824 ± 0.005799093529514268
esin3: -0.04233286307535225 ± 0.003502451691362617
Retrieved Earth masses:
[0.7758312481621583, 1.031008892977723, 308.8287239500354]
 ± [0.019270420692992625, 0.012527709519700218, 17.34228537810646]
Retrieved eccentricity:
[0.008489574584726182, 0.01854270015485223, 0.054543347441238794]
