Global Fit Results.
chi^2: 10.819016320744142
per 3 range=[4017.75 - 4748.25, length=100]
mu_1: 2.4340009137566674e-6 ± 3.3305571014503093e-7
P_1: 224.7007771184576 ± 8.339468496956039e-6
t01: 3503.765455958148 ± 0.00020771963253456315
ecos1: 0.006414293502795285 ± 0.015214501679005532
esin1: -0.002248439693370577 ± 0.015950424802027425
mu_2: 3.0898105958321964e-6 ± 2.2366078409397353e-7
P_2: 365.25645383702204 ± 1.6842561037340885e-5
t02: 3624.402287127289 ± 0.0002698125470981104
ecos2: 0.01846975043977968 ± 0.011864313936623138
esin2: 0.000660465998462777 ± 0.012824986164521346
mu_3: 0.0009017643791670699 ± 0.0003103310734821958
P_3: 4270.756043876189 ± 78.53487880045695
t03: 526.445603908952 ± 207.24363924365852
ecos3: 0.03215545285275933 ± 0.03549024980369487
esin3: -0.03670743445981718 ± 0.020908637706319285
Retrieved Earth masses:
[0.8103232394946455, 1.0286542282251299, 300.2137874548841]
 ± [0.11088031251408638, 0.07446074900408185, 103.31486703997336]
Retrieved eccentricity:
[0.009071180864694718, 0.026120171565582863, 0.045474677528620874]
 ± [0.02151655461919785, 0.016778673677424565, 0.05019079260439436]
