Global Fit Results.
chi^2: 1.5323848387601624
per 3 range=[4017.75 - 4748.25, length=100]
mu_1: 2.5986006097615885e-6 ± 8.877054635829982e-7
P_1: 224.70078815704755 ± 2.538649958951113e-5
t01: 3503.765305514156 ± 0.00042677618928091117
ecos1: 0.025718321083131237 ± 0.05532265941289592
esin1: 0.0020819066803994452 ± 0.0448077676757217
mu_2: 3.182054440245905e-6 ± 5.4591561328638e-7
P_2: 365.2564307386455 ± 7.272073980410712e-5
t02: 3624.4024172674317 ± 0.0007176169810644202
ecos2: 0.03294836212417647 ± 0.04343984766256489
esin2: 0.003759481410701477 ± 0.03508961965391316
mu_3: 0.0006320267210011575 ± 0.0006082263569134993
P_3: 4324.377030740256 ± 365.2594681812934
t03: 4659.629196775296 ± 389.8636676642436
ecos3: -0.008828123388512967 ± 0.13924732001956736
esin3: -0.08102238309071638 ± 0.09456252734888351
Retrieved Earth masses:
[0.8651214764766861, 1.0593638842512614, 210.41320778240132]
 ± [0.295533318373924, 0.1817452515110888, 202.4896330541992]
Retrieved eccentricity:
[0.0363711984772301, 0.046596020573990364, 0.012484851826338163]
 ± [0.07823805524826498, 0.06143322171182045, 0.19692544849577873]
