Global Fit Results.
chi^2: 297.0135865278438
per 3 range=[4017.75 - 4748.25, length=100]
mu_1: 2.3754949812480183e-6 ± 5.7348614531520357e-8
P_1: 224.70078072322602 ± 1.619929326116367e-6
t01: 3503.7654005881254 ± 3.654157307868208e-5
ecos1: 0.0017336386303846143 ± 0.002268274273461176
esin1: -0.00434190677244248 ± 0.0025021384141642273
mu_2: 3.0627779155623703e-6 ± 3.779037748236651e-8
P_2: 365.2564696847375 ± 3.492506200159118e-6
t02: 3624.4021215902676 ± 4.914400240938589e-5
ecos2: 0.014804221476708769 ± 0.0017704628921613478
esin2: -0.0007870948638188663 ± 0.0020215403858978758
mu_3: 0.0009337029016101842 ± 5.22634131887048e-5
P_3: 4234.640228762211 ± 14.064568642141547
t03: 555.9604402164296 ± 34.65027017819235
ecos3: 0.03671721008525594 ± 0.005893928579840734
esin3: -0.0475592888973822 ± 0.003928276600668378
Retrieved Earth masses:
[0.7908455488774745, 1.0196545565632735, 310.84670333609984]
 ± [0.01909239838204805, 0.012581105015270395, 17.399442228127402]
Retrieved eccentricity:
[0.002451735263343839, 0.02093633079273659, 0.05192597647507114]
 ± [0.0032078242407107735, 0.0025038126337728725, 0.008335273733269161]
