Global Fit Results.
chi^2: 3.4357300121796497
per 3 range=[4017.75 - 4748.25, length=100]
mu_1: 2.3106955883146434e-6 ± 5.640017432333473e-7
P_1: 224.7007773681585 ± 1.4339155224207632e-5
t01: 3503.765452320855 ± 0.0003497172753095328
ecos1: 0.003864590672396168 ± 0.022227860919380265
esin1: -0.004851886943799497 ± 0.024086499332203824
mu_2: 3.0721583575329125e-6 ± 3.6961028984973686e-7
P_2: 365.25646141317344 ± 3.0119432704634003e-5
t02: 3624.4022075999624 ± 0.00046224154137784756
ecos2: 0.016358433576646018 ± 0.017280843756464933
esin2: -0.0013261304251671402 ± 0.019462541058987558
mu_3: 0.000980202157552281 ± 0.0005202336446997504
P_3: 4254.098844002961 ± 130.38649966507097
t03: 557.3651017476153 ± 329.8005363585407
ecos3: 0.04116976416895946 ± 0.0510908204083748
esin3: -0.037926340384907754 ± 0.031140001260005157
Retrieved Earth masses:
[0.7692726506495866, 1.0227774765599345, 326.32715262275826]
 ± [0.18776645360913075, 0.12304999793912802, 173.1952563717699]
Retrieved eccentricity:
[0.005465356541923219, 0.023134318623272216, 0.05822283884744437]
 ± [0.03143494237473046, 0.02443880360964313, 0.07225333113429176]
