Global Fit Results.
chi^2: 3.474622886301105
per 3 range=[4017.75 - 4748.25, length=100]
mu_1: 2.426338040422039e-6 ± 5.606125804142287e-7
P_1: 224.7007747964175 ± 1.2978462467496132e-5
t01: 3503.7654877575887 ± 0.0003610497899054363
ecos1: 0.0041008731751639455 ± 0.025943602812052508
esin1: -0.002459414275374986 ± 0.028371723412586557
mu_2: 3.0787850324396435e-6 ± 3.8428075329135443e-7
P_2: 365.25645131043336 ± 2.8777225845940015e-5
t02: 3624.402294125863 ± 0.0004894835879635932
ecos2: 0.016539602362928594 ± 0.020255833870304014
esin2: 0.000456508709528704 ± 0.022826471647480428
mu_3: 0.0008651866672846503 ± 0.000532934415710005
P_3: 4240.854254267169 ± 130.95273679705176
t03: 579.0071155360858 ± 377.8588977461737
ecos3: 0.02600637122528171 ± 0.06747002442643524
esin3: -0.03723734046599882 ± 0.040496183779202465
Retrieved Earth masses:
[0.8077721293823779, 1.0249836173412097, 288.03640090652914]
 ± [0.1866381395730755, 0.12793406244120395, 177.42357438551488]
Retrieved eccentricity:
[0.005799510461888869, 0.023390529977911707, 0.0367785628949028]
 ± [0.036689794953625426, 0.028646074976560236, 0.09541702359750871]
