Global Fit Results.
chi^2: 360.5654692439493
per 3 range=[4090.7999999999997 - 4383.0, length=200]
mu_1: 2.3924755778211847e-6 ± 5.996241150589748e-8
P_1: 224.70078318751646 ± 1.7567226846402806e-6
t01: 3503.765382826904 ± 3.758630637241016e-5
ecos1: 0.0076903833141901716 ± 0.0027669891455912015
esin1: -0.004570458777187827 ± 0.003040981325142112
mu_2: 3.0942950106322708e-6 ± 3.983973784785692e-8
P_2: 365.2564645587475 ± 3.7496572603131932e-6
t02: 3624.402162383212 ± 5.007933241223768e-5
ecos2: 0.019480128383973245 ± 0.0021554670268522243
esin2: -0.0016185836653812033 ± 0.0024573722139987915
mu_3: 0.0008334657712657418 ± 5.175832248318815e-5
P_3: 4210.01169842251 ± 15.514568255429626
t03: 585.9736736155265 ± 36.23530021885587
ecos3: 0.03231007165756553 ± 0.006811526787802756
esin3: -0.05064148587903439 ± 0.004682678844167958
Retrieved Earth masses:
[0.7964986987780975, 1.0301471715956505, 277.47593682599495]
 ± [0.019962579005106895, 0.013263374410023029, 17.231288332038194]
Retrieved eccentricity:
[0.008946009666502035, 0.019547255943940543, 0.060070798417812446]
 ± [0.004111422667603345, 0.003268748430512891, 0.008265856176983284]
