Global Fit Results.
chi^2: 5.3683281450226845
per 3 range=[4017.75 - 4748.25, length=100]
mu_1: 2.310692653046432e-6 ± 4.5119897701940654e-7
P_1: 224.70077736814983 ± 1.1471312455810974e-5
t01: 3503.7654523210967 ± 0.0002797737641832197
ecos1: 0.0038645395636684116 ± 0.017782340039518674
esin1: -0.004852139556585061 ± 0.01926888172285945
mu_2: 3.072158374594534e-6 ± 2.956880284152231e-7
P_2: 365.2564614132814 ± 2.4095710745060583e-5
t02: 3624.402207598198 ± 0.000369796162042059
ecos2: 0.016358401130078977 ± 0.013824700281044069
esin2: -0.0013263329327599343 ± 0.015569792067247812
mu_3: 0.0009802035034495605 ± 0.00041618968655067007
P_3: 4254.097486664456 ± 104.3122201225622
t03: 4811.468002471881 ± 200.82951154365617
ecos3: 0.04116985042572188 ± 0.040872688041765845
esin3: -0.03792604854018649 ± 0.024911567617346846
Retrieved Earth masses:
[0.7692716734453331, 1.0227774822400588, 326.32760069647816]
 ± [0.15021235803512403, 0.09843993061424215, 138.55712754416635]
Retrieved eccentricity:
[0.005465284263267271, 0.023134272736897055, 0.05822296083292763]
 ± [0.025148026454617427, 0.019551078633195662, 0.05780270975930988]
