Global Fit Results.
chi^2: 5.028669804968493
per 3 range=[4017.75 - 4748.25, length=100]
mu_1: 2.347519778315019e-6 ± 4.1124772556896626e-7
P_1: 224.70079087541586 ± 1.3296029313197909e-5
t01: 3503.7652819610316 ± 0.00024406610600118307
ecos1: 0.012165751026092715 ± 0.023311879859724056
esin1: -0.0016104499555632482 ± 0.02302306487837953
mu_2: 3.1207950647694673e-6 ± 2.8017941275301536e-7
P_2: 365.25645006537576 ± 3.0941294662933214e-5
t02: 3624.402274665042 ± 0.00035276453949168135
ecos2: 0.022060081903987564 ± 0.01800687226120756
esin2: 0.001094065740696436 ± 0.018227779679450582
mu_3: 0.0007332108924389149 ± 0.0003776101044002313
P_3: 4261.101023138865 ± 159.53217764072343
t03: 482.3109418018431 ± 314.6219713311227
ecos3: 0.014937420727959757 ± 0.06176713866766772
esin3: -0.06225320296139821 ± 0.041124557679789675
Retrieved Earth masses:
[0.7815320942530058, 1.0389695223161743, 244.09926152281585]
 ± [0.13691185871558173, 0.0932768299709965, 125.71328191953869]
Retrieved eccentricity:
[0.017204970097554718, 0.031197667015680504, 0.02112470298035368]
 ± [0.032967976662033965, 0.02546556296771961, 0.0873519252127953]
