Global Fit Results.
chi^2: 95.85791969988428
per 3 range=[4017.75 - 4748.25, length=200]
mu_1: 2.550039617786809e-6 ± 1.437302662355258e-7
P_1: 224.70078770900645 ± 4.157717060792761e-6
t01: 3503.7652369969037 ± 0.00010362458781307958
ecos1: -0.005906186860302144 ± 0.007037701250060039
esin1: 0.01635442421236479 ± 0.006295637495212446
mu_2: 2.877207261308625e-6 ± 1.0942558336761791e-7
P_2: 365.2564607108069 ± 8.495964561111581e-6
t02: 3624.402218448152 ± 0.00013594171445743204
ecos2: 0.008111518395778335 ± 0.005744041795818704
esin2: 0.017386798467742343 ± 0.004795929261735853
mu_3: 0.000961885398582068 ± 0.0001475645627023465
P_3: 4206.381586677336 ± 36.66020620838592
t03: 484.6342062398772 ± 96.30720823392393
ecos3: 0.04051515231674272 ± 0.015560807012663148
esin3: -0.0445828438546807 ± 0.009376299045801012
Retrieved Earth masses:
[0.8489546377102442, 0.9578747055943808, 320.22916992197224]
 ± [0.04785042367533092, 0.03642976988911027, 49.12693081081166]
Retrieved eccentricity:
[0.01738822114383151, 0.01918586697657778, 0.06024207444485709]
