Global Fit Results.
chi^2: 244.74073828456255
per 3 range=[4017.75 - 4748.25, length=200]
mu_1: 2.3135753753815196e-6 ± 5.958993296836488e-8
P_1: 224.70078814763792 ± 2.020908461430917e-6
t01: 3503.765318805301 ± 3.944070773979151e-5
ecos1: 0.00853616606546738 ± 0.003455154174940106
esin1: 0.0028528987201410323 ± 0.003356559203404141
mu_2: 3.2164886185399048e-6 ± 4.5516661830398945e-8
P_2: 365.2564615697501 ± 4.3679537376358275e-6
t02: 3624.402204070677 ± 5.30189280008069e-5
ecos2: 0.018662622681958216 ± 0.0027018978159479923
esin2: 0.004666590557247117 ± 0.002671459031885929
mu_3: 0.0007196655288707037 ± 5.5957935746599686e-5
P_3: 4170.208782684531 ± 17.455239339570678
t03: 588.0538811252675 ± 40.59925954187201
ecos3: 0.020788408090789346 ± 0.009564612988386768
esin3: -0.06474360529964637 ± 0.006204123497433309
Retrieved Earth masses:
[0.7702313842194456, 1.0708276494235858, 239.58976326228114]
 ± [0.019838574115269035, 0.015153325808931249, 18.62941608334623]
Retrieved eccentricity:
[0.009000286784576322, 0.01923721790691495, 0.06799920836410961]
