Global Fit Results.
chi^2: 3.218880889234918
per 3 range=[4017.75 - 4748.25, length=100]
mu_1: 2.4339995648631884e-6 ± 6.105998004174267e-7
P_1: 224.70077711846102 ± 1.528903683105522e-5
t01: 3503.765455958228 ± 0.0003808193852529483
ecos1: 0.006414095019339701 ± 0.027892967443786627
esin1: -0.002248218718246604 ± 0.029242198031124413
mu_2: 3.089809328700541e-6 ± 4.1004360601823116e-7
P_2: 365.25645383687765 ± 3.087815209627814e-5
t02: 3624.4022871301117 ± 0.0004946557516829793
ecos2: 0.01846959803550968 ± 0.02175102495404351
esin2: 0.0006606492905053562 ± 0.02351228755799006
mu_3: 0.0009017698085652719 ± 0.000568940996331064
P_3: 4270.758324938647 ± 143.9795089672832
t03: 4797.198245959588 ± 297.4573632339179
ecos3: 0.032155999793852884 ± 0.06506468904171933
esin3: -0.03670732591361668 ± 0.038331751036153626
Retrieved Earth masses:
[0.8103227904234361, 1.0286538063739212, 300.21559500044197]
 ± [0.203279795628909, 0.13651098538411507, 189.410820933812]
Retrieved eccentricity:
[0.009070900166699924, 0.02611995603339726, 0.045475451020133194]
 ± [0.039446612853834245, 0.03076059448552396, 0.09201536567438758]
