Global Fit Results.
chi^2: 153.23848385479357
per 3 range=[4017.75 - 4748.25, length=100]
mu_1: 2.5985959739298153e-6 ± 8.876979508049783e-8
P_1: 224.70078815706236 ± 2.538657740515936e-6
t01: 3503.76530551398 ± 4.2677663927681257e-5
ecos1: 0.02571794304358879 ± 0.005532173836846331
esin1: 0.002081747519494031 ± 0.004480822252261419
mu_2: 3.1820521652633913e-6 ± 5.459110810927867e-8
P_2: 365.25643073890063 ± 7.272158361509955e-6
t02: 3624.402417265016 ± 7.176231285047233e-5
ecos2: 0.03294806362556711 ± 0.004343910729569468
esin2: 0.0037593660421507517 ± 0.0035089979198740704
mu_3: 0.0006320299459585637 ± 6.082221301867663e-5
P_3: 4324.375829418418 ± 36.52647931950787
t03: 4659.631143612009 ± 38.98688701968937
ecos3: -0.008827412500019194 ± 0.013924421059893704
esin3: -0.08102190139971222 ± 0.009456117845991173
Retrieved Earth masses:
[0.8651199331238473, 1.0593631268681436, 210.41428142946444]
 ± [0.029553081723327598, 0.018174374266128775, 20.248822589988]
Retrieved eccentricity:
[0.03637066384858206, 0.04659559843320866, 0.012483846478188934]
 ± [0.007823675269473683, 0.006143217467495147, 0.01969210511109522]
