Global Fit Results.
chi^2: 2.0243913667409634
per 3 range=[4017.75 - 4748.25, length=100]
mu_1: 2.6900134404557055e-6 ± 7.65875452496152e-7
P_1: 224.7007933643782 ± 2.2233207571198208e-5
t01: 3503.765263191568 ± 0.00035071668110890446
ecos1: 0.03218210353555137 ± 0.048516310887477876
esin1: 0.0040616188213947035 ± 0.03632628559990447
mu_2: 3.2679918604566333e-6 ± 4.751811768175311e-7
P_2: 365.2564208662365 ± 5.921715472376052e-5
t02: 3624.4025170524947 ± 0.0005947732974011113
ecos2: 0.03863094481553172 ± 0.03826398627130004
esin2: 0.004717508368123183 ± 0.02854542814805468
mu_3: 0.0006058670304486375 ± 0.0004596901054925702
P_3: 4395.750225399504 ± 349.0225348878978
t03: 4620.42146310834 ± 313.04907862839354
ecos3: -0.01825203811168282 ± 0.11706481054213008
esin3: -0.08423868145841543 ± 0.07811164255016369
Retrieved Earth masses:
[0.8955544728986579, 1.0879740167887595, 201.7041702989361]
 ± [0.25497388855054176, 0.15819646918347627, 153.03920936967003]
Retrieved eccentricity:
[0.04551236728567188, 0.05463240608541156, 0.02581227983849246]
 ± [0.06861242485338066, 0.05411344833533043, 0.16555464274531723]
