Global Fit Results.
chi^2: 0.7770167730765616
per 3 range=[4017.75 - 4748.25, length=100]
mu_1: 2.60524669338272e-6 ± 1.0397975279115966e-6
P_1: 224.7007974689347 ± 3.538117869855285e-5
t01: 3503.7652212132775 ± 0.0005364052530406312
ecos1: 0.021597343627721602 ± 0.06379704456021812
esin1: 0.0028305309805019695 ± 0.05231027510023025
mu_2: 3.1941656810938993e-6 ± 6.622707854432273e-7
P_2: 365.25642049752395 ± 8.867437917348539e-5
t02: 3624.402492113161 ± 0.0008925107879016757
ecos2: 0.03066387727000725 ± 0.0497822052514001
esin2: 0.003855846999523183 ± 0.041406404748708
mu_3: 0.0006949942023846298 ± 0.0007842940320112301
P_3: 4346.462973008785 ± 571.6890800832108
t03: 4653.8070072114315 ± 480.8551135432941
ecos3: 0.0024578562745728003 ± 0.150351883582949
esin3: -0.07399359153213336 ± 0.09964241061637359
Retrieved Earth masses:
[0.867334078772515, 1.0633959369357031, 231.37622928707407]
 ± [0.34616753694451685, 0.22048200773053184, 261.1057691653737]
Retrieved eccentricity:
[0.03054325626955603, 0.04336527111018833, 0.0034759336778646638]
 ± [0.09022264565638116, 0.07040266983137113, 0.21262967289134715]
