Global Fit Results.
chi^2: 6.379887249825467
per 3 range=[4017.75 - 4748.25, length=100]
mu_1: 2.4284649482111277e-6 ± 4.3833316732638645e-7
P_1: 224.700776518485 ± 1.0357084775691466e-5
t01: 3503.7654620283924 ± 0.0002707343998883266
ecos1: 0.004725297636051767 ± 0.01995372135815464
esin1: -0.0022473397587496665 ± 0.021321784963503784
mu_2: 3.0718725614232828e-6 ± 2.9131055402309894e-7
P_2: 365.2564509795936 ± 2.1679303229552098e-5
t02: 3624.402303874241 ± 0.0003578835343226523
ecos2: 0.017306617899040054 ± 0.015611772677926112
esin2: 0.0007620888269868313 ± 0.01711752562177532
mu_3: 0.0008726512712952952 ± 0.0004031952949052686
P_3: 4251.410805017048 ± 104.13352848911693
t03: 4810.961010658054 ± 222.00134433868348
ecos3: 0.02775990564934326 ± 0.04962939059114357
esin3: -0.03695081911498842 ± 0.029000307042520303
Retrieved Earth masses:
[0.8084802157269719, 1.022682329829265, 290.5215035493687]
 ± [0.14592909563770823, 0.0969825896534468, 134.2310578726837]
Retrieved eccentricity:
[0.006682580003153933, 0.024475253751631405, 0.03925843505949874]
 ± [0.028218823364515984, 0.022078380653808842, 0.07018655726630692]
