Global Fit Results.
chi^2: 17.026498222800562
per 3 range=[4017.75 - 4748.25, length=100]
mu_1: 2.598596248057121e-6 ± 2.6631023876151314e-7
P_1: 224.700788157083 ± 7.615964155064987e-6
t01: 3503.765305513828 ± 0.00012803289938314398
ecos1: 0.025718113130933983 ± 0.01659663374621179
esin1: 0.0020814725325969206 ± 0.013442392669920863
mu_2: 3.1820533256080214e-6 ± 1.6377392596308415e-7
P_2: 365.25643073916416 ± 2.1816253421066236e-5
t02: 3624.402417262833 ± 0.0002152850819962734
ecos2: 0.03294820331522251 ± 0.01303180193067331
esin2: 0.0037591474617605877 ± 0.010526936414254864
mu_3: 0.0006320285177638557 ± 0.0001824664967144985
P_3: 4324.374394637797 ± 109.57821136586539
t03: 4659.634558295884 ± 116.96006480917285
ecos3: -0.008827934203030272 ± 0.04177345551113953
esin3: -0.08102153083480756 ± 0.028368567457337086
Retrieved Earth masses:
[0.8651200243858205, 1.0593635131680066, 210.4138059574316]
 ± [0.08865952932234418, 0.054523323093719205, 60.74642038187546]
Retrieved eccentricity:
[0.03637090438841242, 0.046595795984213845, 0.012484584277662731]
 ± [0.0234711845336317, 0.01842975103251808, 0.05907658733104263]
