Global Fit Results.
chi^2: 115.59307248150677
per 3 range=[4017.75 - 4748.25, length=200]
mu_1: 2.483901690586612e-6 ± 1.8878407560414658e-7
P_1: 224.70077984685997 ± 4.301169957275631e-6
t01: 3503.765277475453 ± 0.00010490445425899011
ecos1: 0.0073314154817449295 ± 0.008872204572513236
esin1: -0.011043013095203488 ± 0.009220201346279792
mu_2: 3.077685660695141e-6 ± 1.1530159050083481e-7
P_2: 365.2564630748785 ± 8.917592071842057e-6
t02: 3624.402076889951 ± 0.00013691071836975234
ecos2: 0.018502576447675678 ± 0.006881088773702414
esin2: -0.007988281938437702 ± 0.0074273853113219586
mu_3: 0.0007686441004523197 ± 0.00015847593237619168
P_3: 4227.4261551079235 ± 42.81907549520471
t03: 637.3021515990157 ± 117.07072905229454
ecos3: 0.015793404326622535 ± 0.025176295428162025
esin3: -0.058764655942282196 ± 0.015847173881132944
Retrieved Earth masses:
[0.8269361170435412, 1.0246176164624183, 255.89562188604793]
 ± [0.06284965746888273, 0.03838599969517598, 52.75952452573652]
Retrieved eccentricity:
[0.013255104344621545, 0.020153361593790074, 0.06084994994442462]
