Global Fit Results.
chi^2: 8.42048288354961
per 3 range=[4017.75 - 4748.25, length=100]
mu_1: 2.3822922535850806e-6 ± 3.4402480859149995e-7
P_1: 224.70077966525778 ± 9.304522557195615e-6
t01: 3503.765415344612 ± 0.0002157064113405304
ecos1: 0.0025883774975070913 ± 0.013634140282372113
esin1: -0.0048408901436530795 ± 0.014903412066406482
mu_2: 3.0739104803845824e-6 ± 2.2578660582059295e-7
P_2: 365.25646844040017 ± 1.9538711100504013e-5
t02: 3624.402133188653 ± 0.0002874390235742257
ecos2: 0.015476650006772098 ± 0.01063025731318153
esin2: -0.0012725817085913898 ± 0.01207123747009175
mu_3: 0.0009311523864765719 ± 0.0003106516733859813
P_3: 4233.106208175113 ± 83.44239948970284
t03: 562.8858616541281 ± 205.7366059706196
ecos3: 0.03709548067189033 ± 0.03437037859060862
esin3: -0.04688609381190924 ± 0.023344704937467556
Retrieved Earth masses:
[0.7931084846507379, 1.0233607901721575, 309.9975903905097]
 ± [0.11453212518894682, 0.07516847377869736, 103.42160058766795]
Retrieved eccentricity:
[0.0036605185615158605, 0.021887288339678755, 0.052460931868936314]
 ± [0.01928158609862798, 0.015033454063817097, 0.04860705554673657]
