Global Fit Results.
chi^2: 46.48522988437359
per 3 range=[4017.75 - 4748.25, length=100]
mu_1: 2.4217348004309306e-6 ± 1.5552529490073748e-7
P_1: 224.7007751702394 ± 3.6548192312945135e-6
t01: 3503.7654817483217 ± 9.959309220750222e-5
ecos1: 0.004110468319478154 ± 0.007127412977495986
esin1: -0.0017454914555547398 ± 0.007926168867023936
mu_2: 3.0710259993334403e-6 ± 1.0713961251600841e-7
P_2: 365.2564514905112 ± 8.013112291647177e-6
t02: 3624.4022943704977 ± 0.00013406909036874857
ecos2: 0.01659645413425523 ± 0.005575771249031334
esin2: 0.0010202426137845384 ± 0.0063665707871904354
mu_3: 0.0008644580308998575 ± 0.00014712957058395123
P_3: 4243.5720708333865 ± 36.35033813877112
t03: 570.2833205085097 ± 104.81246383727839
ecos3: 0.026396378534357726 ± 0.018573197175345158
esin3: -0.03741850612952027 ± 0.011049392808436366
Retrieved Earth masses:
[0.8062396269413622, 1.0224004938894355, 287.79382458192634]
 ± [0.05177720356432238, 0.03566872855367069, 48.98211401122029]
Retrieved eccentricity:
[0.00581308004511095, 0.023470930523966767, 0.037330116520822736]
 ± [0.010079684097408826, 0.007885331321070084, 0.026266467342002782]
