Global Fit Results.
chi^2: 20.11467921987397
per 3 range=[4017.75 - 4748.25, length=100]
mu_1: 2.347519778315019e-6 ± 2.0562386278448313e-7
P_1: 224.70079087541586 ± 6.648014656598954e-6
t01: 3503.7652819610316 ± 0.00012203305300059153
ecos1: 0.012165751026092715 ± 0.011655939929862028
esin1: -0.0016104499555632482 ± 0.011511532439189766
mu_2: 3.1207950647694673e-6 ± 1.4008970637650768e-7
P_2: 365.25645006537576 ± 1.5470647331466607e-5
t02: 3624.402274665042 ± 0.00017638226974584067
ecos2: 0.022060081903987564 ± 0.00900343613060378
esin2: 0.001094065740696436 ± 0.009113889839725291
mu_3: 0.0007332108924389149 ± 0.00018880505220011566
P_3: 4261.101023138865 ± 79.76608882036172
t03: 482.3109418018431 ± 157.31098566556136
ecos3: 0.014937420727959757 ± 0.03088356933383386
esin3: -0.06225320296139821 ± 0.020562278839894838
Retrieved Earth masses:
[0.7815320942530058, 1.0389695223161743, 244.09926152281585]
 ± [0.06845592935779087, 0.04663841498549825, 62.856640959769344]
Retrieved eccentricity:
[0.017204970097554718, 0.031197667015680504, 0.02112470298035368]
 ± [0.016483988331016983, 0.012732781483859805, 0.04367596260639765]
