Global Fit Results.
chi^2: 1.2065873619068344
per 3 range=[4017.75 - 4748.25, length=100]
mu_1: 2.3838727089725563e-6 ± 8.831269139837126e-7
P_1: 224.70078827686106 ± 2.9273347957852804e-5
t01: 3503.7653085806746 ± 0.000504428828992058
ecos1: 0.016689760353424593 ± 0.05590431138793241
esin1: -0.0020378069968785754 ± 0.050529325390680356
mu_2: 3.12772185040869e-6 ± 5.903971668258149e-7
P_2: 365.25644222611373 ± 8.170825982134323e-5
t02: 3624.4023400975975 ± 0.000831563281176494
ecos2: 0.02571316473192092 ± 0.043259303762002405
esin2: 0.0005664166888166609 ± 0.03995416317904078
mu_3: 0.0006959939948722165 ± 0.0007999196823631564
P_3: 4307.793536677283 ± 441.6407959400441
t03: 4719.0902562203255 ± 470.1927718687857
ecos3: 0.004668827475990866 ± 0.14725870382020456
esin3: -0.06688935406925203 ± 0.09512991139062749
Retrieved Earth masses:
[0.7936346470372094, 1.0412755754268106, 231.70907841740296]
 ± [0.2940090358140815, 0.19655397091546978, 266.30783278861253]
Retrieved eccentricity:
[0.02360288544456984, 0.03636390629541612, 0.0066027191369264285]
 ± [0.07906063535994268, 0.061177894079041256, 0.208255256120016]
