Global Fit Results.
chi^2: 33.68193153419844
per 3 range=[4017.75 - 4748.25, length=100]
mu_1: 2.3822922535850806e-6 ± 1.7201240429574997e-7
P_1: 224.70077966525778 ± 4.652261278597808e-6
t01: 3503.765415344612 ± 0.0001078532056702652
ecos1: 0.0025883774975070913 ± 0.0068170701411860565
esin1: -0.0048408901436530795 ± 0.007451706033203241
mu_2: 3.0739104803845824e-6 ± 1.1289330291029648e-7
P_2: 365.25646844040017 ± 9.769355550252007e-6
t02: 3624.402133188653 ± 0.00014371951178711285
ecos2: 0.015476650006772098 ± 0.005315128656590765
esin2: -0.0012725817085913898 ± 0.006035618735045875
mu_3: 0.0009311523864765719 ± 0.00015532583669299066
P_3: 4233.106208175113 ± 41.72119974485142
t03: 562.8858616541281 ± 102.8683029853098
ecos3: 0.03709548067189033 ± 0.01718518929530431
esin3: -0.04688609381190924 ± 0.011672352468733778
Retrieved Earth masses:
[0.7931084846507379, 1.0233607901721575, 309.9975903905097]
 ± [0.05726606259447341, 0.03758423688934868, 51.71080029383398]
Retrieved eccentricity:
[0.0036605185615158605, 0.021887288339678755, 0.052460931868936314]
 ± [0.00964079304931399, 0.007516727031908549, 0.024303527773368284]
