Global Fit Results.
chi^2: 2.8355054441950283
per 3 range=[4017.75 - 4748.25, length=100]
mu_1: 2.4284580996613937e-6 ± 6.574943851541038e-7
P_1: 224.7007765184849 ± 1.5535628582897246e-5
t01: 3503.7654620285425 ± 0.0004061016348772794
ecos1: 0.004724747317349403 ± 0.02993002584766591
esin1: -0.0022475172141494656 ± 0.03198194098239998
mu_2: 3.071869357801131e-6 ± 4.369635710683922e-7
P_2: 365.25645097966907 ± 3.251897755355278e-5
t02: 3624.4023038725945 ± 0.0005368257211466824
ecos2: 0.01730619365850005 ± 0.023417192919732023
esin2: 0.0007619709756880966 ± 0.025675683922529197
mu_3: 0.000872661713493155 ± 0.0006047948672930081
P_3: 4251.409627784521 ± 156.2006751872774
t03: 4810.964110196345 ± 332.99736534150867
ecos3: 0.027761047706287133 ± 0.07444268681491992
esin3: -0.03695018244625709 ± 0.04349936360349667
Retrieved Earth masses:
[0.8084779357200192, 1.0226812632850968, 290.5249799472408]
 ± [0.21889185707219377, 0.14547313209623824, 201.3472276549847]
Retrieved eccentricity:
[0.006681801734981424, 0.024474653784906025, 0.03926005017191776]
 ± [0.04232744847594642, 0.03311691181979224, 0.10527785731315252]
