Global Fit Results.
chi^2: 93.00403345470956
per 3 range=[4017.75 - 4675.2, length=200]
mu_1: 2.6579745353977708e-6 ± 9.339059750752777e-8
P_1: 224.70080737602098 ± 3.2869051175533836e-6
t01: 3503.765137108132 ± 4.628731235391614e-5
ecos1: 0.026345714902175018 ± 0.0059771377148560255
esin1: 0.002990788029337626 ± 0.004811115303447894
mu_2: 3.1814710944725283e-6 ± 5.955474179664562e-8
P_2: 365.256427506969 ± 7.9815675297974e-6
t02: 3624.402425972931 ± 7.762903619399242e-5
ecos2: 0.03341791307483251 ± 0.004701487766731225
esin2: 0.004121670928402018 ± 0.0037790678188785883
mu_3: 0.000630666607075235 ± 6.505572482197718e-5
P_3: 4365.495884966472 ± 52.90024678762288
t03: 4634.497256904679 ± 42.707730834562845
ecos3: -0.008566930899586173 ± 0.014907032935456114
esin3: -0.0848888907015876 ± 0.010045648487709542
Retrieved Earth masses:
[0.8848881378164999, 1.059169677817666, 209.96040108199864]
 ± [0.031091431019161078, 0.01982685833319681, 21.658235782686692]
Retrieved eccentricity:
[0.02651492988380539, 0.03367113133708305, 0.08532008010770015]
