Global Fit Results.
chi^2: 5.165025544426628
per 3 range=[4017.75 - 4748.25, length=100]
mu_1: 2.4217366710621385e-6 ± 4.6657626568585416e-7
P_1: 224.70077517022574 ± 1.0964457374826334e-5
t01: 3503.765481748536 ± 0.00029877927105404194
ecos1: 0.0041108336518587375 ± 0.021382466254804174
esin1: -0.0017458186556784919 ± 0.023778959915921105
mu_2: 3.0710284727645127e-6 ± 3.2141938272748913e-7
P_2: 365.2564514904994 ± 2.4039422533072487e-5
t02: 3624.402294370559 ± 0.00040220949355891986
ecos2: 0.016596746113854567 ± 0.016727478847978178
esin2: 0.0010199605260725018 ± 0.019100111093472098
mu_3: 0.0008644495774953395 ± 0.00044138532319565213
P_3: 4243.571836330767 ± 109.04695433396442
t03: 570.2869363599029 ± 314.4262021242912
ecos3: 0.026395179729518523 ± 0.05572029966714874
esin3: -0.0374185675315961 ± 0.03314843551670704
Retrieved Earth masses:
[0.8062402497085649, 1.022401317339693, 287.7910102895836]
 ± [0.15533173752936108, 0.10700636716118604, 146.94521392157884]
Retrieved eccentricity:
[0.005813596703118345, 0.02347134344547609, 0.0373284211547605]
 ± [0.030239373774529104, 0.023656227451119814, 0.0788004034887748]
