Global Fit Results.
chi^2: 2.234849944701781
per 3 range=[4017.75 - 4748.25, length=100]
mu_1: 2.381975829250439e-6 ± 6.243772318817514e-7
P_1: 224.70078337433227 ± 1.932281308586349e-5
t01: 3503.7653652299014 ± 0.000413241367617905
ecos1: 0.0038655779468991782 ± 0.027696824475479942
esin1: -0.0012076359540005043 ± 0.030556745641375865
mu_2: 3.0410342725264327e-6 ± 4.320526700609387e-7
P_2: 365.2564659235733 ± 4.130034391746561e-5
t02: 3624.402145338255 ± 0.0005511006911603707
ecos2: 0.016106629994053673 ± 0.02177497691413459
esin2: 0.0019098894732842988 ± 0.02459448755854104
mu_3: 0.0008790482497883337 ± 0.0005750163572095016
P_3: 4216.2854137930535 ± 169.2259361028417
t03: 4761.399170521281 ± 310.777835740844
ecos3: 0.035458011170286505 ± 0.07191251489885446
esin3: -0.05403311515907512 ± 0.04918711079806758
Retrieved Earth masses:
[0.7930031412260693, 1.012415701736345, 292.6511742106077]
 ± [0.20786655351917463, 0.1438382036988387, 191.43341923288838]
Retrieved eccentricity:
[0.005466752758915162, 0.02277821458171599, 0.05014520029179587]
 ± [0.03916922480789082, 0.03079446767233018, 0.10169965387431723]
