Global Fit Results.
chi^2: 70.6578690240772
per 3 range=[4090.7999999999997 - 4529.1, length=200]
mu_1: 2.721150170443136e-6 ± 2.8058602191175714e-7
P_1: 224.7007903106671 ± 7.6004345034101075e-6
t01: 3503.7652876003 ± 0.0001284301846511212
ecos1: 0.03448655111888847 ± 0.017643588721976772
esin1: 0.017230484507267444 ± 0.012907953428452466
mu_2: 3.3668038943580155e-6 ± 1.7384776988934512e-7
P_2: 365.25640003224566 ± 2.08419846023542e-5
t02: 3624.4026708562997 ± 0.00020968147349548905
ecos2: 0.04182074960843073 ± 0.01390632784664388
esin2: 0.012836658938388657 ± 0.010078156858690823
mu_3: 0.000682927286408134 ± 0.00016873096799490056
P_3: 4512.21642015559 ± 101.6738383691419
t03: 4513.317580230607 ± 101.18217476832419
ecos3: -0.015640232037260733 ± 0.03832383297599438
esin3: -0.0874908304413462 ± 0.025570532434062793
Retrieved Earth masses:
[0.9059204574667339, 1.1208703427348505, 227.35893315973115]
 ± [0.09341219756632385, 0.05787708923174924, 56.173612678587524]
Retrieved eccentricity:
[0.038551417670831395, 0.04374648455032212, 0.08887779401794213]
