Global Fit Results.
chi^2: 169.01931039660693
per 3 range=[4017.75 - 4675.2, length=200]
mu_1: 2.7688618622885987e-6 ± 1.0336852069209974e-7
P_1: 224.70079294231263 ± 2.790101374792483e-6
t01: 3503.765225581371 ± 4.4177013582968504e-5
ecos1: 0.03718291439847119 ± 0.00669171584295097
esin1: 0.00015484865064693473 ± 0.004669263883095295
mu_2: 3.2438860020844105e-6 ± 6.241512337470247e-8
P_2: 365.25641305396704 ± 7.756836312334948e-6
t02: 3624.40256148189 ± 7.826578016403393e-5
ecos2: 0.04241285005141672 ± 0.005286371386202599
esin2: 0.0016994617058222964 ± 0.003671457130255527
mu_3: 0.0005401651562644445 ± 5.416000686384292e-5
P_3: 4432.814114277898 ± 50.21372317623883
t03: 4626.151460471016 ± 42.43024278954881
ecos3: -0.045813931946497355 ± 0.01797527551498001
esin3: -0.08892137408026254 ± 0.011323119460251527
Retrieved Earth masses:
[0.9218045487501321, 1.07994873744865, 179.83081962396287]
 ± [0.03441326339508737, 0.020779131462357006, 18.03085280901785]
Retrieved eccentricity:
[0.037183236831516475, 0.04244688468631727, 0.10002963125354546]
