Global Fit Results.
chi^2: 303.13738440278297
per 3 range=[4017.75 - 4748.25, length=100]
mu_1: 2.3823012667220013e-6 ± 5.7337108939862816e-8
P_1: 224.70077966526722 ± 1.550753780986231e-6
t01: 3503.7654153444573 ± 3.595104276077814e-5
ecos1: 0.002588825328540157 ± 0.002272404052638388
esin1: -0.004840366130605016 ± 0.0024838289320118275
mu_2: 3.0739129346767565e-6 ± 3.763122291369985e-8
P_2: 365.2564684401105 ± 3.2564615132849196e-6
t02: 3624.4021331943295 ± 4.790649123367171e-5
ecos2: 0.015476980655884333 ± 0.001771749530837252
esin2: -0.0012721701048612232 ± 0.0020118161445173565
mu_3: 0.0009311483053644368 ± 5.177556284459301e-5
P_3: 4233.111351968413 ± 13.907166549494042
t03: 562.870260030266 ± 34.28834241987369
ecos3: 0.03709535346903034 ± 0.005728426277045218
esin3: -0.04688682977321349 ± 0.0038908485640391627
Retrieved Earth masses:
[0.793111485288193, 1.0233616072507272, 309.9962317139425]
 ± [0.019088567961011004, 0.012528119560362209, 17.2370279623829]
Retrieved eccentricity:
[0.003661151890236474, 0.021887755948137664, 0.052460751976926547]
 ± [0.003213664630432793, 0.00250563221563821, 0.008101218132051764]
