Global Fit Results.
chi^2: 1.6063163230335913
per 3 range=[4017.75 - 4675.2, length=100]
mu_1: 2.5216260309622103e-6 ± 5.651633540430831e-7
P_1: 224.70081031920387 ± 3.3192492266428965e-5
t01: 3503.7651254336456 ± 0.0003727033368139075
ecos1: 0.020620789257520464 ± 0.03416854795196783
esin1: 0.0006937002810766617 ± 0.034153642892612246
mu_2: 3.1767965063190816e-6 ± 3.902206477771631e-7
P_2: 365.2564133782863 ± 0.00012562095224254
t02: 3624.4024984644248 ± 0.0009588041177779991
ecos2: 0.028598008670206822 ± 0.02689910911243492
esin2: 0.0024459205585596233 ± 0.026676443404606832
mu_3: 0.0006960117592709129 ± 0.0005006936737250577
P_3: 4321.527889110352 ± 573.6278688769947
t03: 4664.394469690221 ± 285.6128997519727
ecos3: 0.005212423162621254 ± 0.09009108649628347
esin3: -0.07581182588606873 ± 0.08680132047486677
Retrieved Earth masses:
[0.8394952371031031, 1.057613422273802, 231.71499250930734]
 ± [0.1881531750064224, 0.129911561510655, 166.6900441138967]
Retrieved eccentricity:
[0.020632454281617522, 0.02870241500780046, 0.07599080404500161]
 ± [0.04831108560136077, 0.03788396367543754, 0.125103449601765]
