Global Fit Results.
chi^2: 3.143572006659188
per 3 range=[4017.75 - 4748.25, length=100]
mu_1: 2.461840219385155e-6 ± 5.249197096648682e-7
P_1: 224.70079086036264 ± 1.615213718647181e-5
t01: 3503.7652773108343 ± 0.000315504319143919
ecos1: 0.016111597260098726 ± 0.03309632107353244
esin1: -0.00015020361223579885 ± 0.030527270829169846
mu_2: 3.1470666965405385e-6 ± 3.835120557669629e-7
P_2: 365.2564603870428 ± 3.4914540268912065e-5
t02: 3624.4021841045837 ± 0.0004252223531597659
ecos2: 0.02485092541894711 ± 0.02586834761079399
esin2: 0.002146977408431212 ± 0.024278658750818884
mu_3: 0.0006523788137094613 ± 0.00044303443417833264
P_3: 4193.485249210859 ± 137.76152067123812
t03: 556.534338590872 ± 332.69036240472354
ecos3: 0.00492950225513687 ± 0.09307458984318882
esin3: -0.07198225519210376 ± 0.05984043517239881
Retrieved Earth masses:
[0.8195914514310739, 1.0477158270703035, 217.18879015818382]
 ± [0.17475533275528934, 0.12767814903351543, 147.49423300625512]
Retrieved eccentricity:
[0.022785239356724815, 0.03514451576499729, 0.006971368944963318]
 ± [0.046805266126844054, 0.03658336802736651, 0.13162734726855074]
