Global Fit Results.
chi^2: 118.27686232384322
per 3 range=[4017.75 - 4748.25, length=200]
mu_1: 2.704180093272292e-6 ± 9.187643403670843e-8
P_1: 224.7007976007441 ± 2.9453918196550223e-6
t01: 3503.76524041647 ± 4.470237887310195e-5
ecos1: 0.031145478579232423 ± 0.005926514827138042
esin1: 0.003883023436443099 ± 0.004538735459138037
mu_2: 3.262205137091695e-6 ± 5.9330553413082097e-8
P_2: 365.25641586820996 ± 7.329271080340925e-6
t02: 3624.4024799217004 ± 7.323206072996083e-5
ecos2: 0.037706275854105804 ± 0.004667099316980274
esin2: 0.0042600866241838 ± 0.0035764388475337913
mu_3: 0.0006320120331932554 ± 5.8139380398140525e-5
P_3: 4348.668172535146 ± 45.42143615274285
t03: 243.59023975640898 ± 73.18758587417851
ecos3: -0.00929469133761298 ± 0.013710916551163715
esin3: -0.09238965808516038 ± 0.009813468146575174
Retrieved Earth masses:
[0.9002708096667548, 1.0860475111754568, 210.40831794361245]
 ± [0.030587338419251136, 0.0197522219367191, 19.355658742839147]
Retrieved eccentricity:
[0.03138660075473915, 0.03794616682659096, 0.0928560186964439]
