Global Fit Results.
chi^2: 4.736521631293484
per 3 range=[4017.75 - 4748.25, length=100]
mu_1: 2.3823012667220013e-6 ± 4.586968715189025e-7
P_1: 224.70077966526722 ± 1.2406030247889848e-5
t01: 3503.7654153444573 ± 0.00028760834208622514
ecos1: 0.002588825328540157 ± 0.018179232421107104
esin1: -0.004840366130605016 ± 0.01987063145609462
mu_2: 3.0739129346767565e-6 ± 3.010497833095988e-7
P_2: 365.2564684401105 ± 2.6051692106279356e-5
t02: 3624.4021331943295 ± 0.0003832519298693737
ecos2: 0.015476980655884333 ± 0.014173996246698016
esin2: -0.0012721701048612232 ± 0.01609452915613885
mu_3: 0.0009311483053644368 ± 0.00041420450275674405
P_3: 4233.111351968413 ± 111.25733239595233
t03: 562.870260030266 ± 274.30673935898955
ecos3: 0.03709535346903034 ± 0.04582741021636175
esin3: -0.04688682977321349 ± 0.031126788512313302
Retrieved Earth masses:
[0.793111485288193, 1.0233616072507272, 309.9962317139425]
 ± [0.15270854368808803, 0.10022495648289767, 137.8962236990632]
Retrieved eccentricity:
[0.003661151890236474, 0.021887755948137664, 0.052460751976926547]
 ± [0.025709317043462344, 0.02004505772510568, 0.06480974505641411]
