Global Fit Results.
chi^2: 1.8918331342360104
per 3 range=[4017.75 - 4748.25, length=100]
mu_1: 2.598610895062983e-6 ± 7.989403806912967e-7
P_1: 224.70078815706967 ± 2.2847897556927158e-5
t01: 3503.765305513657 ± 0.00038409892037625647
ecos1: 0.025719153035131333 ± 0.0497906287779593
esin1: 0.0020819850088924204 ± 0.04032775175734865
mu_2: 3.182059067597672e-6 ± 4.913250305455607e-7
P_2: 365.25643073868497 ± 6.544927580476706e-5
t02: 3624.4024172669456 ± 0.0006458592622166068
ecos2: 0.03294900272866639 ± 0.03909602041980229
esin2: 0.00375951548515257 ± 0.03158120870308738
mu_3: 0.0006320164182761298 ± 0.0005473921348981737
P_3: 4324.376319218668 ± 328.7371357449299
t03: 4659.627197288603 ± 350.88386793656224
ecos3: -0.008830321240987832 ± 0.12532336423568027
esin3: -0.08102386303619755 ± 0.08510834190832083
Retrieved Earth masses:
[0.865124900640867, 1.0593654247809516, 210.40977781757556]
 ± [0.2659818054240792, 0.16357105214968976, 182.23681245048303]
Retrieved eccentricity:
[0.036372375035031886, 0.04659692652554812, 0.012487960059116211]
 ± [0.07041458249687416, 0.05529012231249987, 0.17723400138432233]
