Global Fit Results.
chi^2: 4.808451694382732
per 3 range=[4017.75 - 4748.25, length=100]
mu_1: 2.434000572879056e-6 ± 4.995835723641111e-7
P_1: 224.70077711845065 ± 1.2509216978845088e-5
t01: 3503.7654559583884 ± 0.000311579544656203
ecos1: 0.006414287211177962 ± 0.02282172337092635
esin1: -0.0022484916551753454 ± 0.023925563652715563
mu_2: 3.089810595135571e-6 ± 3.35490903351137e-7
P_2: 365.2564538369246 ± 2.5263941138374114e-5
t02: 3624.402287129188 ± 0.000404718155762367
ecos2: 0.018469750373176278 ± 0.017796449443043785
esin2: 0.0006604219866256705 ± 0.01923744081101457
mu_3: 0.000901765240782541 ± 0.0004654973136618369
P_3: 4270.7574055631785 ± 117.80178615372898
t03: 4797.201262938889 ± 243.3752387744565
ecos3: 0.03215544897505691 ± 0.053235289909915155
esin3: -0.03670733506987471 ± 0.031362581566430466
Retrieved Earth masses:
[0.8103231260102796, 1.0286542279932107, 300.2140743023687]
 ± [0.16632047115035115, 0.11169103268942174, 154.97253474746418]
Retrieved eccentricity:
[0.00907117196700417, 0.026120171471391427, 0.045474672044721526]
 ± [0.03227479070789107, 0.02516798016443963, 0.07528606898746559]
