Global Fit Results.
per 3 range=[4017.75 - 4748.25, length=20]
mu_1: 2.5422084312354516e-6 ± 1.4588574632488e-7
P_1: 224.70078014629667 ± 3.5370234006788346e-6
t01: 3503.765347353793 ± 9.839406416030593e-5
ecos1: -0.0026351272306595853 ± 0.007551164327713771
esin1: 0.007069869179007137 ± 0.007516821659711477
mu_2: 3.0256004540946475e-6 ± 1.0473390016284653e-7
P_2: 365.2564540144248 ± 7.892853127534427e-6
t02: 3624.40217075083 ± 0.0001340833160026407
ecos2: 0.01205859151679853 ± 0.005990027774468945
esin2: 0.008297088611932162 ± 0.005980899097065513
mu_3: 0.0007712375397977725 ± 0.0001425901848635532
P_3: 4210.120734852609 ± 39.719778817208876
t03: 604.002784289353 ± 113.36497301803429
ecos3: 0.01616538511308296 ± 0.022693911135423836
esin3: -0.042491207191590045 ± 0.012857795650090226
Retrieved Earth masses:
[0.8463474930623035, 1.0072775024535379, 256.75902508362384]
 ± [0.04856802225912764, 0.03486782309127393, 47.47086982002916]
Retrieved eccentricity:
[0.0037266326681774406, 0.01705342366617363, 0.02286130686790605]
 ± [0.01067895900396073, 0.00847117851764551, 0.032094036911006193]
