Global Fit Results.
chi^2: 362.0664315131124
per 3 range=[4017.75 - 4748.25, length=200]
mu_1: 2.4362517853902613e-6 ± 5.707987177972298e-8
P_1: 224.700779733269 ± 1.6176166731973676e-6
t01: 3503.765437111695 ± 3.650481014654726e-5
ecos1: -0.00037801941715875464 ± 0.0021722710596095837
esin1: -0.00504933268265159 ± 0.002420911691434317
mu_2: 3.0341715358579142e-6 ± 3.735202140523665e-8
P_2: 365.2564650816024 ± 3.479061364414557e-6
t02: 3624.4021632831727 ± 4.893122181798418e-5
ecos2: 0.013558031941326957 ± 0.001686351571727788
esin2: -0.001879122973222385 ± 0.0019620776795222323
mu_3: 0.000935338527742556 ± 5.158130882467719e-5
P_3: 4211.429974625956 ± 13.913338247829035
t03: 603.8540536523928 ± 34.41117430009579
ecos3: 0.03431938043001238 ± 0.00593135904546014
esin3: -0.04679794018095477 ± 0.003912713080833507
Retrieved Earth masses:
[0.8110725956610757, 1.0101309716947078, 311.3912330684819]
 ± [0.019002929024827864, 0.012435168292541808, 17.172357260817673]
Retrieved eccentricity:
[0.005063463164657421, 0.013687634319725748, 0.058033327306644567]
