Global Fit Results.
chi^2: 1.6199299328524253
per 3 range=[4017.75 - 4675.2, length=100]
mu_1: 2.528530635712881e-6 ± 5.235668223837238e-7
P_1: 224.70081234406663 ± 2.3380503856725643e-5
t01: 3503.7651091430744 ± 0.0003000342035596267
ecos1: 0.020040319658431165 ± 0.032676269138444035
esin1: -0.0001130711328704179 ± 0.02916356869240561
mu_2: 3.169969396043322e-6 ± 3.4526512533922094e-7
P_2: 365.2564185262502 ± 5.9443922513168645e-5
t02: 3624.4024661140206 ± 0.0005425631611710404
ecos2: 0.028212511137401378 ± 0.02564715044704319
esin2: 0.001892845731398115 ± 0.02282542703111118
mu_3: 0.0006907701542993313 ± 0.0004111826621524713
P_3: 4314.367605629436 ± 374.07503020515617
t03: 354.18389863541586 ± 534.4870098832148
ecos3: 0.0035677669635231397 ± 0.0821166956234628
esin3: -0.07793536728863099 ± 0.05849644163336257
Retrieved Earth masses:
[0.8417939057919157, 1.0553405529072484, 229.9699667384798]
 ± [0.17430493193656654, 0.11494504922662169, 136.890197919101]
Retrieved eccentricity:
[0.02004063863985355, 0.02827593764388493, 0.07801698812130484]
 ± [0.043797857295587994, 0.03433331392694053, 0.100821552179491]
