Global Fit Results.
chi^2: 2.385923620743708
per 3 range=[4017.75 - 4748.25, length=100]
mu_1: 2.31069522253799e-6 ± 6.767993402001072e-7
P_1: 224.70077736816194 ± 1.7206969649741256e-5
t01: 3503.765452320775 ± 0.0004196607040043722
ecos1: 0.003864662532718638 ± 0.02667358197431282
esin1: -0.004852012374986072 ± 0.028903550057335563
mu_2: 3.0721588572559455e-6 ± 4.4353264999947355e-7
P_2: 365.2564614132735 ± 3.614355972779652e-5
t02: 3624.4022075983157 ± 0.0005546943476629603
ecos2: 0.016358487643853354 ± 0.020737126278339933
esin2: -0.0013262351995551038 ± 0.023354838539541803
mu_3: 0.000980200598841969 ± 0.0006242825313877742
P_3: 4254.097509757243 ± 156.4680501612177
t03: 4811.466037663384 ± 301.2465705011483
ecos3: 0.04116969812224722 ± 0.061309114245248666
esin3: -0.037926399724467874 ± 0.03736771894331981
Retrieved Earth masses:
[0.769272528875876, 1.0227776429268345, 326.3266336997035]
 ± [0.2253188282465932, 0.14766009812810968, 207.83502599976092]
Retrieved eccentricity:
[0.005465458167765853, 0.02313439508585011, 0.05822274544328816]
 ± [0.03772214138514371, 0.029326725227471838, 0.08670418086271219]
