Global Fit Results.
chi^2: 59.974633172768804
per 3 range=[4017.75 - 4748.25, length=200]
mu_1: 2.2739063027278556e-6 ± 1.8038090328097578e-7
P_1: 224.70078933809137 ± 5.843126157292979e-6
t01: 3503.765253474283 ± 0.00011697874059927627
ecos1: 0.007828723310029073 ± 0.008240247308225326
esin1: -0.004215028374474236 ± 0.008825275863987977
mu_2: 2.9885486551695466e-6 ± 1.2400448331033888e-7
P_2: 365.2564756714114 ± 1.2233833563744137e-5
t02: 3624.40205052834 ± 0.00015477782299481014
ecos2: 0.016861731995548426 ± 0.006273523516099326
esin2: 9.21312700863606e-6 ± 0.0071524049160058886
mu_3: 0.0009430380291225536 ± 0.00018862964984915056
P_3: 4259.4242635374385 ± 46.94188615594686
t03: 552.5024551635786 ± 108.31019398066485
ecos3: 0.037563931073710914 ± 0.019119804355939417
esin3: -0.038779558411616774 ± 0.012529825571070713
Retrieved Earth masses:
[0.7570248273612343, 0.994942283693183, 313.95453732423243]
 ± [0.06005208833878985, 0.04128335123457521, 62.7982463221808]
Retrieved eccentricity:
[0.008891308838557767, 0.01686173451254084, 0.05398984226973164]
