Global Fit Results.
chi^2: 480.5122568963797
per 3 range=[4090.7999999999997 - 4346.475, length=200]
mu_1: 2.374129396148031e-6 ± 5.100270638120271e-8
P_1: 224.70077558365247 ± 1.17963802353083e-6
t01: 3503.765455247347 ± 3.282091772272263e-5
ecos1: 0.0039893168254653165 ± 0.002192470417713337
esin1: -0.004350778474540148 ± 0.0024458777484331258
mu_2: 3.063902261029476e-6 ± 3.448988763893393e-8
P_2: 365.2564527458781 ± 2.6066915828011552e-6
t02: 3624.4022974788054 ± 4.437773306602822e-5
ecos2: 0.016376930080817188 ± 0.0017006976982307821
esin2: -0.001033725982100686 ± 0.0019782254356166943
mu_3: 0.0009397626501933241 ± 4.897873382738128e-5
P_3: 4253.470685559791 ± 11.275529821408794
t03: 569.4585692671711 ± 32.452931133350646
ecos3: 0.03174309095852763 ± 0.005372316246785304
esin3: -0.03419996750067221 ± 0.0032761803692121136
Retrieved Earth masses:
[0.7903909207235682, 1.0200288716492156, 312.86410401769376]
 ± [0.016979729968146645, 0.011482311827998472, 16.305912638337375]
Retrieved eccentricity:
[0.005902874051550021, 0.016409522487813133, 0.046661135869676316]
 ± [0.003284698539109547, 0.0026087829604795297, 0.006292466898370159]
