Global Fit Results.
chi^2: 192.10978583149497
per 3 range=[4090.7999999999997 - 4529.1, length=200]
mu_1: 2.7334066634744343e-6 ± 9.689231239837062e-8
P_1: 224.70079028538956 ± 2.5567430313143847e-6
t01: 3503.7653277041345 ± 4.292240766956301e-5
ecos1: 0.034677029055225274 ± 0.006386027280141653
esin1: 0.010115219485403318 ± 0.004660303145028266
mu_2: 3.203879590865807e-6 ± 5.969213926397528e-8
P_2: 365.25644208586465 ± 7.461777729727148e-6
t02: 3624.402290530429 ± 7.327738271170394e-5
ecos2: 0.039430673133073454 ± 0.005079372214756276
esin2: 0.009354316277677775 ± 0.0036337870741981956
mu_3: 0.0005119428078382459 ± 5.082477794128487e-5
P_3: 4297.873447832831 ± 40.10681576026432
t03: 315.9970677374882 ± 68.75201847263311
ecos3: -0.028278038586639007 ± 0.01693693777626185
esin3: -0.100033130772126 ± 0.011755408668632429
Retrieved Earth masses:
[0.9100008672487649, 1.0666298744375515, 170.43508576305513]
 ± [0.03225721569002834, 0.019872600452764504, 16.920494349533044]
Retrieved eccentricity:
[0.03612220936397469, 0.040525068991305965, 0.10395323332335896]
