Global Fit Results.
chi^2: 37.177898957984716
per 3 range=[4017.75 - 4748.25, length=200]
mu_1: 3.1230406059274246e-6 ± 3.6043119894069257e-7
P_1: 224.70078981623914 ± 1.0234895433596666e-5
t01: 3503.765226826447 ± 0.000142975781726378
ecos1: 0.06380885953392237 ± 0.019824811554076997
esin1: 0.014669703993894952 ± 0.014024801415983728
mu_2: 3.6737420734930203e-6 ± 2.142395125227707e-7
P_2: 365.25634085020215 ± 2.4986008734282287e-5
t02: 3624.403002044728 ± 0.00022987873354032135
ecos2: 0.06600563177630714 ± 0.015648061394857436
esin2: 0.01439558972184136 ± 0.011088376924438363
mu_3: 0.0005176739718012537 ± 0.00010976256968113958
P_3: 4679.57110773483 ± 148.54311814720938
t03: 4440.638647865369 ± 105.2719696269508
ecos3: -0.049569384590325935 ± 0.04211270505041167
esin3: -0.09810826252882274 ± 0.02910844998492629
Retrieved Earth masses:
[1.0397171038701705, 1.2230556534451036, 172.34309463944118]
 ± [0.1199941113784477, 0.07132423608965034, 36.541958771084346]
Retrieved eccentricity:
[0.06547343560779695, 0.0675572085689531, 0.10991976648941738]
