Global Fit Results.
chi^2: 58.294552081345266
per 3 range=[4017.75 - 4675.2, length=100]
mu_1: 2.531235337306865e-6 ± 8.831729963104387e-8
P_1: 224.7008120404829 ± 4.707809047623832e-6
t01: 3503.765113030622 ± 5.8024436575290695e-5
ecos1: 0.020300900032399864 ± 0.005677825613958222
esin1: 1.1915139815554547e-5 ± 0.00516464491553371
mu_2: 3.1721983794962843e-6 ± 6.241798841470551e-8
P_2: 365.25641630253654 ± 1.762449463618664e-5
t02: 3624.402483362416 ± 0.00014439393291897077
ecos2: 0.02842411335882807 ± 0.004459361469475517
esin2: 0.0019959648667272024 ± 0.004042931958136674
mu_3: 0.0006958340094870725 ± 8.093425862269818e-5
P_3: 4325.426055700557 ± 94.54240118632977
t03: 341.1999819849607 ± 121.31383080602679
ecos3: 0.003788236517552185 ± 0.014121973288064306
esin3: -0.07655564880796809 ± 0.013863700322838117
Retrieved Earth masses:
[0.8426943502186685, 1.0560826220996533, 231.65581636855615]
 ± [0.029402437746003776, 0.020780085286360696, 26.944488912299025]
Retrieved eccentricity:
[0.020300903529056277, 0.02849410633770987, 0.07664931898146168]
 ± [0.007675367144708341, 0.0060192361254203745, 0.019789702276443256]
