Global Fit Results.
chi^2: 96.48656722168506
per 3 range=[4090.7999999999997 - 4346.475, length=200]
mu_1: 2.2884275428400917e-6 ± 1.5494652326118182e-7
P_1: 224.70077539175338 ± 3.6598323167225267e-6
t01: 3503.765425467852 ± 9.974582175440972e-5
ecos1: 0.0028451834370882027 ± 0.006946719524630374
esin1: -0.0029224614419610423 ± 0.00841140897013248
mu_2: 3.1533095063388906e-6 ± 1.0556886113810859e-7
P_2: 365.2564531089128 ± 8.081130677961053e-6
t02: 3624.402249405604 ± 0.0001346201315403718
ecos2: 0.013898097567494022 ± 0.005420541072784844
esin2: -0.0015621243079300203 ± 0.006763156775867362
mu_3: 0.0008281254059316603 ± 0.00014620436596664917
P_3: 4206.5753935710545 ± 36.34985444394519
t03: 692.8717010098179 ± 112.37444287938081
ecos3: 0.005056337319589807 ± 0.02268077764036852
esin3: -0.033999743530736926 ± 0.013304636769662736
Retrieved Earth masses:
[0.7618592126988576, 1.0497941721649002, 275.6980319315721]
 ± [0.05158451994319402, 0.035145796808745425, 48.67409654152654]
Retrieved eccentricity:
[0.004078706862527639, 0.013985612190712609, 0.0343736688068842]
 ± [0.010909111467791775, 0.008667326871458585, 0.02629507623005688]
