Global Fit Results.
chi^2: 3.3744858191287377
per 3 range=[4017.75 - 4748.25, length=100]
mu_1: 2.428457463921824e-6 ± 6.027039522959499e-7
P_1: 224.7007765184937 ± 1.4240988200185495e-5
t01: 3503.765462028364 ± 0.0003722599109660078
ecos1: 0.004724768707350094 ± 0.027435804729587163
esin1: -0.0022474765178420912 ± 0.02931742076696059
mu_2: 3.071869510653871e-6 ± 4.0054895942374475e-7
P_2: 365.25645097973745 ± 2.980903228164655e-5
t02: 3624.402303871391 ± 0.0004920883630988575
ecos2: 0.01730621081619927 ± 0.021465744037770924
esin2: 0.0007620063047697748 ± 0.023536558997146278
mu_3: 0.0008726627596909199 ± 0.0005543960857996477
P_3: 4251.408178972857 ± 143.18347641842163
t03: 559.557676031304 ± 387.7606223769714
ecos3: 0.027761324979787724 ± 0.06823924840802954
esin3: -0.036950064724315286 ± 0.03987438845052465
Retrieved Earth masses:
[0.8084777240707365, 1.0226813141725581, 290.52532824553316]
 ± [0.20065112396646592, 0.13335004458790706, 184.56855528248724]
Retrieved eccentricity:
[0.0066818319850105, 0.02447467804955696, 0.039260442295862785]
 ± [0.03880008714320207, 0.030357146344645043, 0.09650487058478201]
