Global Fit Results. Per=[4163.85 - 4456.05, length=20]
mu_1: 2.542215115766585e-6 ± 1.4588652889697424e-7
P_1: 224.70078014623442 ± 3.537020215635508e-6
t01: 3503.7653473550286 ± 9.839410239209069e-5
ecos1: -0.002634519521415204 ± 0.007551284227560546
esin1: 0.007069965694376225 ± 0.007516802771725816
mu_2: 3.0256041394760975e-6 ± 1.0473410476695645e-7
P_2: 365.25645401388715 ± 7.8928794652304e-6
t02: 3624.4021707591683 ± 0.0001340835177550978
ecos2: 0.012059081336660919 ± 0.005990126886806609
esin2: 0.008297167493229651 ± 0.005980860492384454
mu_3: 0.0007712354055342201 ± 0.00014259000457123467
P_3: 4210.126082977579 ± 39.720141194619046
t03: 4814.11447118464 ± 90.08840063739014
ecos3: 0.01616519044191347 ± 0.022693798676975716
esin3: -0.04249177348118901 ± 0.01285803118278221
Retrieved Earth masses: [0.8463497184644766, 1.0072787293841516, 256.7583145484117] ± [0.048568282791632354, 0.03486789120770899, 47.470809797432295]
Retrieved eccentricity:[0.0037257732375220575, 0.01705411637606614, 0.022861031561297956] ± [0.010679128567950166, 0.008471318683657632, 0.03209387787074366]
