Global Fit Results.
chi^2: 6.085696679713652
per 3 range=[4017.75 - 4748.25, length=100]
mu_1: 2.434001979408027e-6 ± 4.440742575381907e-7
P_1: 224.70077711845025 ± 1.1119299566025655e-5
t01: 3503.765455958371 ± 0.0002769595228187756
ecos1: 0.006414394685602471 ± 0.020286010479338458
esin1: -0.0022483397686484134 ± 0.02126708627315055
mu_2: 3.089811219068011e-6 ± 2.982145809287903e-7
P_2: 365.2564538369021 ± 2.2456846789816208e-5
t02: 3624.4022871298775 ± 0.0003597495641183997
ecos2: 0.018469833330715456 ± 0.015819084129568062
esin2: 0.0006605349830485991 ± 0.017099887914499432
mu_3: 0.0009017634877113489 ± 0.00041377558869009685
P_3: 4270.757998895991 ± 104.7127326462239
t03: 4797.199961068213 ± 216.33297002470653
ecos3: 0.032155274382736444 ± 0.04732051752191565
esin3: -0.03670740048740904 ± 0.027877775308299137
Retrieved Earth masses:
[0.8103235942693939, 1.028654435711685, 300.21349067303674]
 ± [0.14784040914312513, 0.09928106596714029, 137.75343039361042]
Retrieved eccentricity:
[0.00907132395879292, 0.026120288791068435, 0.04547442513389403]
 ± [0.028688751146323178, 0.022371563320356138, 0.0669213176580068]
