Global Fit Results.
chi^2: 59.97463317587183
per 3 range=[4090.7999999999997 - 4383.0, length=200]
mu_1: 2.273893440395764e-6 ± 1.8037830247333028e-7
P_1: 224.70078933790867 ± 5.843134298153709e-6
t01: 3503.7652534771382 ± 0.0001169788069094014
ecos1: 0.007828188734896263 ± 0.008240039059914947
esin1: -0.004216106352598337 ± 0.008825098411287568
mu_2: 2.9885466956876145e-6 ± 1.24003514208407e-7
P_2: 365.25647567161207 ± 1.2233809033445812e-5
t02: 3624.402050524788 ± 0.00015477747206865905
ecos2: 0.01686135660950878 ± 0.006273342655905855
esin2: 8.365968307510312e-6 ± 0.00715228199156172
mu_3: 0.0009430493207560957 ± 0.00018862953382037478
P_3: 4259.422077832916 ± 46.94217491430707
t03: 4811.938685319363 ± 87.35435772516705
ecos3: 0.03756461512650961 ± 0.01911940759451651
esin3: -0.03877834584261014 ± 0.01252951759193673
Retrieved Earth masses:
[0.7570205452565938, 0.9949416313459559, 313.9582965147156]
 ± [0.06005122248255098, 0.0412830286028899, 62.79820769408788]
Retrieved eccentricity:
[0.008891349259003204, 0.0168613586849474, 0.05398944726418186]
 ± [0.01207396395877652, 0.0095136725697927, 0.022859146043802854]
