Global Fit Results.
chi^2: 432.06334630315854
per 3 range=[4017.75 - 4748.25, length=200]
mu_1: 2.4000223131425898e-6 ± 5.6843691672133806e-8
P_1: 224.7007799916322 ± 1.3911564116665938e-6
t01: 3503.7654093542965 ± 3.4646369503587375e-5
ecos1: 0.009659862421351315 ± 0.002706022896616181
esin1: -0.00283811072012787 ± 0.0028010920926833404
mu_2: 3.0940744827619236e-6 ± 3.790767094757266e-8
P_2: 365.256455225443 ± 2.809214282198027e-6
t02: 3624.4022510299787 ± 4.498352115881573e-5
ecos2: 0.021047333694638622 ± 0.002109291237264512
esin2: 0.0004533882052013312 ± 0.0022532722811036882
mu_3: 0.0008953637853167501 ± 5.217294981824382e-5
P_3: 4292.123146261519 ± 12.847427187085163
t03: 4789.641079337642 ± 27.008423952623822
ecos3: 0.03349942891838127 ± 0.005849841359147041
esin3: -0.03232837990632645 ± 0.003383985023487101
Retrieved Earth masses:
[0.7990111444303103, 1.0300737538506988, 298.0829131753524]
 ± [0.018924300364992864, 0.012620154146336951, 17.369325324311454]
Retrieved eccentricity:
[0.010068158444280663, 0.0210522164276849, 0.046554654818024926]
