Global Fit Results.
chi^2: 1.6627157717187082
per 3 range=[4017.75 - 4748.25, length=100]
mu_1: 2.461837742588866e-6 ± 7.217760717979307e-7
P_1: 224.70079086032962 ± 2.2209153724964175e-5
t01: 3503.7652773113514 ± 0.00043381792789758393
ecos1: 0.016111315174502826 ± 0.04550729913416589
esin1: -0.00015049228694737212 ± 0.04197644794345145
mu_2: 3.147064806788952e-6 ± 5.273277117731001e-7
P_2: 365.256460387091 ± 4.800749927911847e-5
t02: 3624.4021841040776 ± 0.0005846800180367934
ecos2: 0.024850706729918747 ± 0.03556881163147799
esin2: 0.002146756710373161 ± 0.03338431788515779
mu_3: 0.0006523815134074757 ± 0.00060917536798779
P_3: 4193.485586471797 ± 189.4174399140543
t03: 556.5350943307784 ± 457.46364740066883
ecos3: 0.0049297799970539945 ± 0.12797669251689078
esin3: -0.07198193980912579 ± 0.0822835767363689
Retrieved Earth masses:
[0.8195906268604746, 1.0477151979375785, 217.18968893682774]
 ± [0.2402924014462757, 0.17555700051885675, 202.80557612705888]
Retrieved eccentricity:
[0.022784840427449347, 0.03514420649200744, 0.006971761731349355]
 ± [0.0643570396225068, 0.050301895806730064, 0.18098637422503833]
