Global Fit Results.
chi^2: 380.7340479627813
per 3 range=[4017.75 - 4748.25, length=200]
mu_1: 2.3295012051979087e-6 ± 5.6131108688602485e-8
P_1: 224.70077883253887 ± 1.5508384650382206e-6
t01: 3503.765404247889 ± 3.5938238632725736e-5
ecos1: 0.0010224458348157806 ± 0.002230544003097485
esin1: -0.003539630721573635 ± 0.0023950838582449435
mu_2: 3.0867748798776467e-6 ± 3.7653504513558897e-8
P_2: 365.25646868054304 ± 3.2507605427609334e-6
t02: 3624.4021192770256 ± 4.7836035237030234e-5
ecos2: 0.015119550668133305 ± 0.0017439367895981431
esin2: -0.000180061455513597 ± 0.0019340434651753163
mu_3: 0.0009417337066649806 ± 5.124947182022515e-5
P_3: 4237.270045927315 ± 13.884551440293551
t03: 531.0884774402358 ± 33.71633948461302
ecos3: 0.0404387940710017 ± 0.005554041437953972
esin3: -0.05176889367350623 ± 0.003860816127400481
Retrieved Earth masses:
[0.7755333830541703, 1.0276435830883213, 313.5203046198843]
 ± [0.018687068510082564, 0.012535537510814428, 17.061882677627498]
Retrieved eccentricity:
[0.00368434269989099, 0.01512062282229181, 0.0656910528009384]
