Global Fit Results.
chi^2: 6.569208896317679
per 3 range=[4017.75 - 4748.25, length=100]
mu_1: 2.4263365942434508e-6 ± 4.0771632802063417e-7
P_1: 224.70077479638914 ± 9.438881608950534e-6
t01: 3503.7654877582686 ± 0.0002625815435256058
ecos1: 0.004100659902357608 ± 0.018867906481782007
esin1: -0.0024594549628258367 ± 0.020633708069587718
mu_2: 3.078783617326288e-6 ± 2.7947722317579417e-7
P_2: 365.2564513102114 ± 2.092887703878231e-5
t02: 3624.40229412918 ± 0.00035598622345753
ecos2: 0.01653943750955923 ± 0.014731380177839898
esin2: 0.00045649075876543464 ± 0.016600908032807667
mu_3: 0.0008651920378360226 ± 0.0003875888273600775
P_3: 4240.8571831275685 ± 95.23692606827427
t03: 579.0001446529319 ± 274.8008402850865
ecos3: 0.02600683311022419 ± 0.049068796449149826
esin3: -0.03723733222365487 ± 0.02945147465792867
Retrieved Earth masses:
[0.8077716479231837, 1.0249831462241974, 288.03818886090556]
 ± [0.13573619214736693, 0.09304305827036265, 129.03538055522168]
Retrieved eccentricity:
[0.005799208848593662, 0.023390296840040948, 0.036779216098852714]
 ± [0.026683249240123344, 0.02083331763997536, 0.06939375742771245]
