Global Fit Results.
chi^2: 244.74073817780356
per 3 range=[4090.7999999999997 - 4529.1, length=200]
mu_1: 2.313575165946192e-6 ± 5.9590581941136994e-8
P_1: 224.70078814758006 ± 2.0209088205589268e-6
t01: 3503.7653188062905 ± 3.94407203163225e-5
ecos1: 0.008535890942953001 ± 0.0034551296112722797
esin1: 0.0028527504436874113 ± 0.003356602603219962
mu_2: 3.216486609667431e-6 ± 4.551677647546281e-8
P_2: 365.2564615697364 ± 4.367933876443344e-6
t02: 3624.40220407176 ± 5.301888450400173e-5
ecos2: 0.018662405710729094 ± 0.0027018707159096825
esin2: 0.004666486588801719 ± 0.0026715005077086675
mu_3: 0.0007196716734149617 ± 5.595824906975273e-5
P_3: 4170.211989167516 ± 17.45530901330028
t03: 588.0472081991803 ± 40.601008386061004
ecos3: 0.020789255619485424 ± 0.009564541774958857
esin3: -0.06474331875126785 ± 0.006204092126547655
Retrieved Earth masses:
[0.7702313144946101, 1.070826980633348, 239.59180889298744]
 ± [0.019838790170125905, 0.01515336397636127, 18.629520394331056]
Retrieved eccentricity:
[0.008999978849083247, 0.019236982195638696, 0.06799919464332337]
