Global Fit Results.
chi^2: 118.27688329943555
per 3 range=[4017.75 - 4675.2, length=200]
mu_1: 2.7043739775777652e-6 ± 9.189063062457052e-8
P_1: 224.70079759957534 ± 2.945413743833916e-6
t01: 3503.765240448544 ± 4.4702922186259186e-5
ecos1: 0.03116313015024223 ± 0.005927939060485069
esin1: 0.0038908973553376616 ± 0.004538648441783887
mu_2: 3.262330326357868e-6 ± 5.9340330597464834e-8
P_2: 365.25641584615056 ± 7.328763084021623e-6
t02: 3624.4024801746205 ± 7.322866515856503e-5
ecos2: 0.037720526768662256 ± 0.0046682837489714695
esin2: 0.004266080822164751 ± 0.0035763550634903764
mu_3: 0.0006319346105700195 ± 5.813193477973455e-5
P_3: 4348.9046172199005 ± 45.419613220831906
t03: 243.18814638272121 ± 73.18152332468571
ecos3: -0.009322224254640176 ± 0.0137133827336883
esin3: -0.09240711969789848 ± 0.009815336114391924
Retrieved Earth masses:
[0.9003353572836478, 1.086089188962487, 210.3825425420848]
 ± [0.030592064721941144, 0.019755476939491437, 19.35317996084993]
Retrieved eccentricity:
[0.03140509135459901, 0.03796100084674543, 0.09287615213775569]
