Global Fit Results.
chi^2: 11.678593603287267
per 3 range=[4017.75 - 4748.25, length=100]
mu_1: 2.4263432013037573e-6 ± 3.057841432718629e-7
P_1: 224.70077479636058 ± 7.079159524035371e-6
t01: 3503.765487758509 ± 0.00019693621464010196
ecos1: 0.0041008069696904376 ± 0.014151066985579044
esin1: -0.002458456552285183 ± 0.015475207963548968
mu_2: 3.0787846311851867e-6 ± 2.0960845733249119e-7
P_2: 365.2564513097104 ± 1.5696650900169335e-5
t02: 3624.4022941369058 ± 0.00026699031356709757
ecos2: 0.016539532028327742 ± 0.011048677310438739
esin2: 0.0004572931714993015 ± 0.012450591085595868
mu_3: 0.0008651915771301092 ± 0.0002906949226865736
P_3: 4240.862155234881 ± 71.42733045715073
t03: 578.9790669210242 ± 206.10146189053893
ecos3: 0.02600702751965502 ± 0.036802178078452576
esin3: -0.037238545356141434 ± 0.022088660493326296
Retrieved Earth masses:
[0.8077738475339072, 1.0249834837562923, 288.0380354835152]
 ± [0.1018011111506601, 0.06978247346217709, 96.77763476779819]
Retrieved eccentricity:
[0.0057994168332103305, 0.02339043050976528, 0.03677949103530644]
 ± [0.020012630853056036, 0.015625189298706356, 0.05204613936341744]
