Global Fit Results.
chi^2: 221.97671860721923
per 3 range=[4017.75 - 4748.25, length=200]
mu_1: 2.33579186393605e-6 ± 6.959435479096272e-8
P_1: 224.70078701828683 ± 2.440645160072945e-6
t01: 3503.7653533521643 ± 4.206290976538112e-5
ecos1: 0.01456791793729198 ± 0.004288740137929667
esin1: -0.0003426649135535819 ± 0.003998069885563455
mu_2: 3.154980218482082e-6 ± 4.814690976546497e-8
P_2: 365.25643819990756 ± 6.882145672012918e-6
t02: 3624.402329191304 ± 7.011261002407109e-5
ecos2: 0.02418253731778592 ± 0.0033189443246915214
esin2: 0.002694394266755203 ± 0.0031617597615081617
mu_3: 0.0007658141172905005 ± 6.851868900447417e-5
P_3: 4345.133045393735 ± 35.90703762231003
t03: 4691.94032414228 ± 37.9384198323704
ecos3: 0.009914083997867295 ± 0.010990002693389142
esin3: -0.06244402439746523 ± 0.006973498048519207
Retrieved Earth masses:
[0.7776276579323907, 1.0503503826693754, 254.95346894336015]
 ± [0.023169228370466602, 0.016028983256457532, 22.811119636901804]
Retrieved eccentricity:
[0.01457194744262599, 0.02433217769931068, 0.06322614367860815]
