Global Fit Results.
chi^2: 281.52403914427055
per 3 range=[4017.75 - 4748.25, length=200]
mu_1: 2.448533382073964e-6 ± 6.682445349184264e-8
P_1: 224.70079123337547 ± 1.9299178040257915e-6
t01: 3503.76525449739 ± 3.8785681231145396e-5
ecos1: 0.01755687482302756 ± 0.004282801500735386
esin1: -0.0052242037415107054 ± 0.003990457266442351
mu_2: 3.1683849333092076e-6 ± 4.7637660930653175e-8
P_2: 365.25646388715995 ± 4.060305804811476e-6
t02: 3624.402136191266 ± 5.143925962727749e-5
ecos2: 0.025643080487482414 ± 0.00333070288130071
esin2: -0.0017413643142076554 ± 0.0031778349390545234
mu_3: 0.0006290046418344803 ± 5.567553869848768e-5
P_3: 4207.02467143375 ± 16.11656613602108
t03: 570.7095002718876 ± 42.18571390763657
ecos3: -0.006668883496090435 ± 0.012825492261658368
esin3: -0.06935513187830716 ± 0.007995739227827968
Retrieved Earth masses:
[0.8151613629062548, 1.0548130564020872, 209.4071025806693]
 ± [0.022247077774261936, 0.015859445043385677, 18.535400962170016]
Retrieved eccentricity:
[0.0183176460901578, 0.025702138560094512, 0.06967501937525246]
