Global Fit Results.
chi^2: 173.74858009095925
per 3 range=[4017.75 - 4748.25, length=100]
mu_1: 2.3838656639942725e-6 ± 7.359308455880381e-8
P_1: 224.70078827683113 ± 2.439444477599721e-6
t01: 3503.765308581263 ± 4.203574081432358e-5
ecos1: 0.016689100158121268 ± 0.0046586548735643345
esin1: -0.002037988870476268 ± 0.004210755483049284
mu_2: 3.127718415716975e-6 ± 4.919967591556225e-8
P_2: 365.2564422258603 ± 6.80904232918746e-6
t02: 3624.4023400995425 ± 6.929698837651724e-5
ecos2: 0.025712667677778103 ± 0.00360491188264799
esin2: 0.0005662914104788656 ± 0.003329499001587445
mu_3: 0.0006960032466906091 ± 6.666099690522316e-5
P_3: 4307.7961565307705 ± 36.80352679158624
t03: 4719.0920226013795 ± 39.1830188223268
ecos3: 0.004670043579250888 ± 0.012271440621989819
esin3: -0.06688824415922692 ± 0.007927376547495965
Retrieved Earth masses:
[0.7936323016356145, 1.0412744319553757, 231.71215851626764]
 ± [0.024500478347008147, 0.016379468283951, 22.192660099216035]
Retrieved eccentricity:
[0.02360195178741806, 0.03636320335470611, 0.0066044389666499986]
 ± [0.006588332904610198, 0.005098115275600714, 0.017354437757474132]
