Global Fit Results.
chi^2: 2.0625943500403845
per 3 range=[4017.75 - 4748.25, length=100]
mu_1: 2.3754946255503044e-6 ± 6.881723228108627e-7
P_1: 224.70078072325433 ± 1.9439167859694133e-5
t01: 3503.765400587576 ± 0.00043849890643943415
ecos1: 0.00173337363423556 ± 0.027219011688557473
esin1: -0.00434167573309443 ± 0.030024617314877215
mu_2: 3.062776059170257e-6 ± 4.5348388585087537e-7
P_2: 365.25646968473114 ± 4.1910206797338026e-5
t02: 3624.4021215904722 ± 0.000589729451218125
ecos2: 0.014804009443350476 ± 0.02124538415519008
esin2: -0.0007869038137007278 ± 0.024257672402614092
mu_3: 0.0009337055868221238 ± 0.0006271617443203654
P_3: 4234.640913553012 ± 168.77697502016088
t03: 555.9569030816659 ± 415.79326576586885
ecos3: 0.03671743254191692 ± 0.07072692854039675
esin3: -0.047559349765320856 ± 0.04713826043105481
Retrieved Earth masses:
[0.7908454304592265, 1.0196539385365249, 310.8475972920656]
 ± [0.2291051013164911, 0.1509730458047141, 208.7935684298586]
Retrieved eccentricity:
[0.0024513605021958696, 0.020936030932285618, 0.05192629107629814]
 ± [0.03849349548434978, 0.03004551041009627, 0.10002298156682182]
