Global Fit Results.
chi^2: 6.425265292134365
per 3 range=[4017.75 - 4675.2, length=100]
mu_1: 2.5216260309622103e-6 ± 2.8258167702154156e-7
P_1: 224.70081031920387 ± 1.6596246133214482e-5
t01: 3503.7651254336456 ± 0.00018635166840695375
ecos1: 0.020620789257520464 ± 0.017084273975983916
esin1: 0.0006937002810766617 ± 0.017076821446306123
mu_2: 3.1767965063190816e-6 ± 1.9511032388858154e-7
P_2: 365.2564133782863 ± 6.281047612127e-5
t02: 3624.4024984644248 ± 0.00047940205888899955
ecos2: 0.028598008670206822 ± 0.01344955455621746
esin2: 0.0024459205585596233 ± 0.013338221702303416
mu_3: 0.0006960117592709129 ± 0.00025034683686252885
P_3: 4321.527889110352 ± 286.81393443849737
t03: 4664.394469690221 ± 142.80644987598635
ecos3: 0.005212423162621254 ± 0.04504554324814174
esin3: -0.07581182588606873 ± 0.043400660237433386
Retrieved Earth masses:
[0.8394952371031031, 1.057613422273802, 231.71499250930734]
 ± [0.0940765875032112, 0.0649557807553275, 83.34502205694835]
Retrieved eccentricity:
[0.020632454281617522, 0.02870241500780046, 0.07599080404500161]
 ± [0.024155542800680385, 0.01894198183771877, 0.0625517248008825]
