Global Fit Results.
chi^2: 46.714374413149066
per 3 range=[4017.75 - 4748.25, length=100]
mu_1: 2.4263432013037573e-6 ± 1.5289207163593146e-7
P_1: 224.70077479636058 ± 3.5395797620176856e-6
t01: 3503.765487758509 ± 9.846810732005098e-5
ecos1: 0.0041008069696904376 ± 0.007075533492789522
esin1: -0.002458456552285183 ± 0.007737603981774484
mu_2: 3.0787846311851867e-6 ± 1.0480422866624559e-7
P_2: 365.2564513097104 ± 7.848325450084667e-6
t02: 3624.4022941369058 ± 0.00013349515678354879
ecos2: 0.016539532028327742 ± 0.005524338655219369
esin2: 0.0004572931714993015 ± 0.006225295542797934
mu_3: 0.0008651915771301092 ± 0.0001453474613432868
P_3: 4240.862155234881 ± 35.713665228575366
t03: 578.9790669210242 ± 103.05073094526946
ecos3: 0.02600702751965502 ± 0.018401089039226288
esin3: -0.037238545356141434 ± 0.011044330246663148
Retrieved Earth masses:
[0.8077738475339072, 1.0249834837562923, 288.0380354835152]
 ± [0.05090055557533005, 0.03489123673108854, 48.388817383899095]
Retrieved eccentricity:
[0.0057994168332103305, 0.02339043050976528, 0.03677949103530644]
 ± [0.010006315426528018, 0.007812594649353178, 0.02602306968170872]
