Global Fit Results.
chi^2: 1.2571674512421231
per 3 range=[4017.75 - 4748.25, length=100]
mu_1: 2.347519778315019e-6 ± 8.224954511379325e-7
P_1: 224.70079087541586 ± 2.6592058626395817e-5
t01: 3503.7652819610316 ± 0.00048813221200236614
ecos1: 0.012165751026092715 ± 0.04662375971944811
esin1: -0.0016104499555632482 ± 0.04604612975675906
mu_2: 3.1207950647694673e-6 ± 5.603588255060307e-7
P_2: 365.25645006537576 ± 6.188258932586643e-5
t02: 3624.402274665042 ± 0.0007055290789833627
ecos2: 0.022060081903987564 ± 0.03601374452241512
esin2: 0.001094065740696436 ± 0.036455559358901164
mu_3: 0.0007332108924389149 ± 0.0007552202088004626
P_3: 4261.101023138865 ± 319.06435528144686
t03: 482.3109418018431 ± 629.2439426622454
ecos3: 0.014937420727959757 ± 0.12353427733533544
esin3: -0.06225320296139821 ± 0.08224911535957935
Retrieved Earth masses:
[0.7815320942530058, 1.0389695223161743, 244.09926152281585]
 ± [0.27382371743116346, 0.186553659941993, 251.42656383907737]
Retrieved eccentricity:
[0.017204970097554718, 0.031197667015680504, 0.02112470298035368]
 ± [0.06593595332406793, 0.05093112593543922, 0.1747038504255906]
