Global Fit Results.
chi^2: 4.22526318225743
per 3 range=[4017.75 - 4748.25, length=100]
mu_1: 2.381991772929163e-6 ± 4.5409945302261906e-7
P_1: 224.70078337440853 ± 1.4052999548905581e-5
t01: 3503.765365228624 ± 0.00030053951366315824
ecos1: 0.0038667859522055863 ± 0.020144146221822378
esin1: -0.0012067035663468303 ± 0.022224726183017574
mu_2: 3.041040428809552e-6 ± 3.14222950211269e-7
P_2: 365.2564659231833 ± 3.003663536860539e-5
t02: 3624.402145345291 ± 0.0004008009918524528
ecos2: 0.016107543389545304 ± 0.015837192002341544
esin2: 0.0019105842299969413 ± 0.017888147073175497
mu_3: 0.0008790289070502548 ± 0.0004181958049648361
P_3: 4216.290006733462 ± 123.073773198586
t03: 545.0970169985465 ± 285.1980609988773
ecos3: 0.03545653318658078 ± 0.05230233581525356
esin3: -0.05403485248624832 ± 0.03577406388177111
Retrieved Earth masses:
[0.7930084491671304, 1.012417751275132, 292.64473466077345]
 ± [0.15117797932873814, 0.10461054369358191, 139.22500090567135]
Retrieved eccentricity:
[0.005468461136402903, 0.022779506318008062, 0.05014311010719427]
 ± [0.02848812478932795, 0.022397171719618126, 0.07396667265372366]
