Global Fit Results.
chi^2: 2.454657740243396
per 3 range=[4017.75 - 4748.25, length=100]
mu_1: 2.3754910961891736e-6 ± 6.308354372491509e-7
P_1: 224.70078072321897 ± 1.7819270589105745e-5
t01: 3503.765400588165 ± 0.00040195770523354527
ecos1: 0.0017334682470610595 ± 0.024950807237936044
esin1: -0.004342303775928481 ± 0.02752270982349049
mu_2: 3.0627771783209054e-6 ± 4.156940682416039e-7
P_2: 365.25646968491185 ± 3.8417852279360335e-5
t02: 3624.402121586875 ± 0.0005405878837054457
ecos2: 0.014804102109049158 ± 0.019474939952678096
esin2: -0.0007874212393333672 ± 0.022236308474318726
mu_3: 0.0009337002586042434 ± 0.0005748992266924612
P_3: 4234.6370911172635 ± 154.71471608007514
t03: 555.9702864410089 ± 381.15077134985324
ecos3: 0.03671664157769221 ± 0.06483386758145594
esin3: -0.04755905235785669 ± 0.04321006602015115
Retrieved Earth masses:
[0.7908442554706188, 1.019654311122161, 310.84582343127977]
 ± [0.21001660772213537, 0.13839212718139512, 191.39442435023432]
Retrieved eccentricity:
[0.0024514943049368655, 0.02093616198137346, 0.051925172483964194]
 ± [0.03528576998804594, 0.027541724207479006, 0.09168893483479633]
