Global Fit Results.
chi^2: 2.1164673196227253
per 3 range=[4017.75 - 4748.25, length=100]
mu_1: 2.4541524011989534e-6 ± 6.315561601877447e-7
P_1: 224.70078887706958 ± 1.9269978208380524e-5
t01: 3503.765301543622 ± 0.00038737765541798996
ecos1: 0.01481983404823662 ± 0.03943256494025798
esin1: -0.0010370291842247417 ± 0.03716221760551399
mu_2: 3.167286517919604e-6 ± 4.66936242985407e-7
P_2: 365.2564601763364 ± 4.059254794605448e-5
t02: 3624.402186568664 ± 0.0005138599587695654
ecos2: 0.023740504835344043 ± 0.030706015196580925
esin2: 0.001508113821109327 ± 0.029578054672059418
mu_3: 0.0006742322795154851 ± 0.0005588323888230289
P_3: 4201.471787058313 ± 160.4131138760808
t03: 4751.282958450326 ± 329.2410739518787
ecos3: 0.008891745671398265 ± 0.11000652905884818
esin3: -0.06988597252077065 ± 0.071563446762901
Retrieved Earth masses:
[0.8170320367233475, 1.0544473739112616, 224.4642069856949]
 ± [0.21025654951635514, 0.15545158052936556, 186.04548136619104]
Retrieved eccentricity:
[0.020958410303134795, 0.033574143915727585, 0.012574827321663687]
 ± [0.05576606813767065, 0.0434248631374391, 0.15557272534461308]
