Global Fit Results.
chi^2: 29.53892884606666
per 3 range=[4017.75 - 4675.2, length=200]
mu_1: 3.6625800699763295e-6 ± 3.900948023847844e-7
P_1: 224.70079001430082 ± 8.361882566114012e-6
t01: 3503.7653563702133 ± 0.00013196159509228848
ecos1: 0.09059382034030446 ± 0.017658540894106966
esin1: 0.010917402365611782 ± 0.013054655877474652
mu_2: 3.721859573982226e-6 ± 2.0828502007014437e-7
P_2: 365.25644760400155 ± 2.2199145758627663e-5
t02: 3624.402155616472 ± 0.00022253611677822632
ecos2: 0.08521684094870918 ± 0.014068064535175116
esin2: 0.009813784821343244 ± 0.010296205282003784
mu_3: 0.000306911122382825 ± 6.177139628354079e-5
P_3: 4223.624797521171 ± 133.97463805868236
t03: 401.1620445799927 ± 216.365054023075
ecos3: -0.14423698291345716 ± 0.06295627810203272
esin3: -0.18195598015843387 ± 0.048790688209968125
Retrieved Earth masses:
[1.2193396191586021, 1.2390748458178045, 102.17630302461387]
 ± [0.12986966528725943, 0.06934187709114382, 20.564822988226027]
Retrieved eccentricity:
[0.09124927374102233, 0.08578006967703643, 0.23219019349531822]
