Global Fit Results.
chi^2: 439.4185542262274
per 3 range=[4017.75 - 4748.25, length=200]
mu_1: 2.3640937909697473e-6 ± 5.193254404913064e-8
P_1: 224.70077484372953 ± 1.2945191390261963e-6
t01: 3503.765495814742 ± 3.38284614977174e-5
ecos1: -0.001500594865859233 ± 0.0019381919099386942
esin1: -0.0036107635670226353 ± 0.002132785582045555
mu_2: 3.0567956485999738e-6 ± 3.479939184597549e-8
P_2: 365.256452535342 ± 2.701980968466278e-6
t02: 3624.402257556631 ± 4.4561013366031795e-5
ecos2: 0.012761369962016659 ± 0.0015078248672519203
esin2: 0.00016474807969949322 ± 0.0017228163033883798
mu_3: 0.0010167191301877472 ± 5.0146637872022696e-5
P_3: 4251.046608767699 ± 12.468076788198456
t03: 564.7492941123421 ± 32.27311487177439
ecos3: 0.040887162007086225 ± 0.004680513813820636
esin3: -0.03340852205737336 ± 0.0028497079623638817
Retrieved Earth masses:
[0.7870498849612584, 1.0176629509245523, 338.4843179694376]
 ± [0.017289289864784726, 0.011585351416138992, 16.69472916816032]
Retrieved eccentricity:
[0.003910166043581924, 0.012762433358777069, 0.05280046745107204]
