Global Fit Results.
chi^2: 3.306980185259491
per 3 range=[4017.75 - 4748.25, length=100]
mu_1: 2.4541562804265293e-6 ± 5.052477352599369e-7
P_1: 224.70078887712177 ± 1.5415982975492233e-5
t01: 3503.7653015428295 ± 0.00030990223687486497
ecos1: 0.014820146067152769 ± 0.03154665842056154
esin1: -0.00103688406421728 ± 0.02972997013977994
mu_2: 3.167288501230669e-6 ± 3.735510912537077e-7
P_2: 365.2564601763008 ± 3.2474033788866034e-5
t02: 3624.4021865693126 ± 0.0004110879840806086
ecos2: 0.023740745391957103 ± 0.024565280601507186
esin2: 0.0015082175821904086 ± 0.023662586033055138
mu_3: 0.0006742263154395162 ± 0.0004470677678316947
P_3: 4201.47227886859 ± 128.33009076962276
t03: 4751.280218106891 ± 263.3935378184932
ecos3: 0.008890684543271833 ± 0.0880071473676759
esin3: -0.06988683485654608 ± 0.0572518015484746
Retrieved Earth masses:
[0.8170333281888675, 1.0544480341916411, 224.46222143616927]
 ± [0.16820617415104847, 0.12436196250817251, 148.83700324659605]
Retrieved eccentricity:
[0.020958851564517732, 0.03357448411415229, 0.012573326659875872]
 ± [0.04461371218590953, 0.03474055299015216, 0.12446090139313488]
