Global Fit Results.
chi^2: 4.64083728949756
per 3 range=[4017.75 - 4748.25, length=100]
mu_1: 2.3754949812480183e-6 ± 4.5878891625216285e-7
P_1: 224.70078072322602 ± 1.2959434608930937e-5
t01: 3503.7654005881254 ± 0.00029233258462945663
ecos1: 0.0017336386303846143 ± 0.018146194187689407
esin1: -0.00434190677244248 ± 0.02001710731331382
mu_2: 3.0627779155623703e-6 ± 3.023230198589321e-7
P_2: 365.2564696847375 ± 2.7940049601272945e-5
t02: 3624.4021215902676 ± 0.00039315201927508713
ecos2: 0.014804221476708769 ± 0.014163703137290783
esin2: -0.0007870948638188663 ± 0.016172323087183006
mu_3: 0.0009337029016101842 ± 0.0004181073055096384
P_3: 4234.640228762211 ± 112.51654913713237
t03: 555.9604402164296 ± 277.2021614255388
ecos3: 0.03671721008525594 ± 0.04715142863872587
esin3: -0.0475592888973822 ± 0.03142621280534703
Retrieved Earth masses:
[0.7908455488774745, 1.0196545565632735, 310.84670333609984]
 ± [0.1527391870563844, 0.10064884012216316, 139.19553782501922]
Retrieved eccentricity:
[0.002451735263343839, 0.02093633079273659, 0.05192597647507114]
 ± [0.02566259392568619, 0.02003050107018298, 0.06668218986615329]
