Global Fit Results.
chi^2: 38.17477793189933
per 3 range=[4017.75 - 4748.25, length=100]
mu_1: 2.31069522253799e-6 ± 1.691998350500268e-7
P_1: 224.70077736816194 ± 4.301742412435314e-6
t01: 3503.765452320775 ± 0.00010491517600109305
ecos1: 0.003864662532718638 ± 0.006668395493578205
esin1: -0.004852012374986072 ± 0.007225887514333891
mu_2: 3.0721588572559455e-6 ± 1.1088316249986839e-7
P_2: 365.2564614132735 ± 9.03588993194913e-6
t02: 3624.4022075983157 ± 0.00013867358691574007
ecos2: 0.016358487643853354 ± 0.005184281569584983
esin2: -0.0013262351995551038 ± 0.005838709634885451
mu_3: 0.000980200598841969 ± 0.00015607063284694354
P_3: 4254.097509757243 ± 39.11701254030442
t03: 4811.466037663384 ± 75.31164262528708
ecos3: 0.04116969812224722 ± 0.015327278561312167
esin3: -0.037926399724467874 ± 0.009341929735829953
Retrieved Earth masses:
[0.769272528875876, 1.0227776429268345, 326.3266336997035]
 ± [0.0563297070616483, 0.03691502453202742, 51.95875649994023]
Retrieved eccentricity:
[0.005465458167765853, 0.02313439508585011, 0.05822274544328816]
 ± [0.009430535346285927, 0.0073316813068679595, 0.021676045215678046]
