Global Fit Results.
chi^2: 1.8778947454661479
per 3 range=[4017.75 - 4748.25, length=100]
mu_1: 2.381973952505548e-6 ± 6.81135933646169e-7
P_1: 224.70078337433168 ± 2.107942409547658e-5
t01: 3503.7653652299286 ± 0.0004508084128770751
ecos1: 0.003865312914767652 ± 0.03021445433964379
esin1: -0.001207524419535883 ± 0.033334277577607374
mu_2: 3.041032555619965e-6 ± 4.7132935624141934e-7
P_2: 365.25646592355395 ± 4.505487235285105e-5
t02: 3624.4021453382006 ± 0.000601200341229376
ecos2: 0.01610641878241865 ± 0.023754318425391458
esin2: 0.001909996125175626 ± 0.0268300743785043
mu_3: 0.0008790551275205842 ± 0.0006272901287244205
P_3: 4216.285048329175 ± 184.60941023923436
t03: 4761.3980601143585 ± 339.0290738013483
ecos3: 0.035458971329231204 ± 0.07844872089810705
esin3: -0.05403287618845327 ± 0.05365783082775786
Retrieved Earth masses:
[0.7930025164235102, 1.0124151301469084, 292.65346393295175]
 ± [0.22676255919579832, 0.15691412795281104, 208.8363099364893]
Retrieved eccentricity:
[0.005466377946880293, 0.02277791588335721, 0.0501465581615975]
 ± [0.04272969110682687, 0.033593679282117705, 0.11094324504492463]
