Global Fit Results.
chi^2: 42.51531221128995
per 3 range=[4163.85 - 4456.05, length=20]
mu_1: 2.0883175677920104e-6 ± 8.904052028311934e-8
P_1: 224.70080217588995 ± 1.2884320573423054e-5
t01: 3503.765149762321 ± 0.00011025373171721282
ecos1: -0.01033475897550681 ± 0.0035545120778272053
esin1: -0.00951097747962866 ± 0.003143234260802414
mu_2: 2.9531364898550635e-6 ± 6.091981723213327e-8
P_2: 365.2565840903766 ± 7.097327968478149e-5
t02: 3624.4018189923872 ± 0.000310920715838042
ecos2: 0.004556897388417884 ± 0.002892550034009985
esin2: -0.004871434315452294 ± 0.002666495972852558
mu_3: 0.0017793272129757653 ± 0.0003582649750282765
P_3: 4665.917692329515 ± 172.09190022683768
t03: 174.66505374256317 ± 186.26527355285717
ecos3: 0.04185433041247045 ± 0.006958170011142494
esin3: -0.028303136581851553 ± 0.006838254595917501
Retrieved Earth masses:
[0.695238957003931, 0.9831529288277147, 592.3704396290314]
 ± [0.02964321107453746, 0.0202813168105076, 119.27293598025503]
Retrieved eccentricity:
[0.014615556307018805, 0.0064444260890431085, 0.059190961713360406]
 ± [0.005026839188082204, 0.004090683487939679, 0.009840338399055465]
