Global Fit Results.
chi^2: 3.031373840621647
per 3 range=[4017.75 - 4748.25, length=100]
mu_1: 2.3822905458982653e-6 ± 5.733762752485779e-7
P_1: 224.70077966524508 ± 1.5507514371523242e-5
t01: 3503.7654153449334 ± 0.0003595102903898661
ecos1: 0.002588699537585861 ± 0.02272382934645199
esin1: -0.004841580770665966 ± 0.02483896057214636
mu_2: 3.0739129977851944e-6 ± 3.7631137879642403e-7
P_2: 365.2564684405314 ± 3.256442456641543e-5
t02: 3624.402133186017 ± 0.000479061386324272
ecos2: 0.015476917161851855 ± 0.01771726138321428
esin2: -0.0012731627164489436 ± 0.020118719138125095
mu_3: 0.0009311427344384582 ± 0.0005177513543785511
P_3: 4233.103649427564 ± 139.07045321821974
t03: 562.8979576548501 ± 342.89110166587375
ecos3: 0.03709417827203754 ± 0.057284976454769605
esin3: -0.04688590766777502 ± 0.03890859818137258
Retrieved Earth masses:
[0.7931079161306915, 1.0233616282606757, 309.99437705120994]
 ± [0.19088740607401852, 0.1252809125097559, 172.36885670894645]
Retrieved eccentricity:
[0.0036609739949628843, 0.021887666154015804, 0.052459089997400864]
 ± [0.03213634765080415, 0.02505599133625074, 0.0810131906225586]
