Global Fit Results.
chi^2: 532.7630338689834
per 3 range=[4090.7999999999997 - 4346.475, length=200]
mu_1: 2.48357080047937e-6 ± 5.2887158141315476e-8
P_1: 224.70077642628 ± 1.2185777351385937e-6
t01: 3503.7654261821967 ± 3.3208773453571716e-5
ecos1: 0.005284019339735567 ± 0.00247685514540842
esin1: -0.0022612021327825787 ± 0.002752876274186805
mu_2: 3.038858824901114e-6 ± 3.587373842774967e-8
P_2: 365.25645234861975 ± 2.6734719139855508e-6
t02: 3624.4022528540254 ± 4.472705625155752e-5
ecos2: 0.017405921091643344 ± 0.0019325122255737137
esin2: 0.00034102241044960244 ± 0.0022138622195980555
mu_3: 0.0008422302492754382 ± 4.9118451669598356e-5
P_3: 4236.658543318895 ± 12.055918430149204
t03: 4836.510017536668 ± 28.687768797801102
ecos3: 0.019854999307242792 ± 0.006703228715537311
esin3: -0.03703848241268175 ± 0.0039183655442842176
Retrieved Earth masses:
[0.82682595769968, 1.0116914555961172, 280.3937912003121]
 ± [0.017607098284360276, 0.011943020962425072, 16.3524272529707]
Retrieved eccentricity:
[0.005747512111166012, 0.017409261481548935, 0.04202463773698885]
 ± [0.0037031255976967335, 0.002938671371445861, 0.00776446158799422]
