Global Fit Results.
chi^2: 181.03211283178732
per 3 range=[4017.75 - 4748.25, length=100]
mu_1: 2.3475156916288337e-6 ± 6.854129316101467e-8
P_1: 224.70079087525633 ± 2.2159639918346434e-6
t01: 3503.765281963079 ± 4.067745931625734e-5
ecos1: 0.012164968073670067 ± 0.003885240212478736
esin1: -0.001610188825754371 ± 0.003837280881711871
mu_2: 3.120790069148907e-6 ± 4.669623536750893e-8
P_2: 365.2564500646686 ± 5.156859340138777e-6
t02: 3624.4022746730448 ± 5.8793267603684564e-5
ecos2: 0.02205945822283019 ± 0.0030010870656000397
esin2: 0.001094285499398455 ± 0.003038036967830939
mu_3: 0.0007332233561847451 ± 6.293561160204821e-5
P_3: 4261.110525215339 ± 26.58773592683967
t03: 482.2898625567306 ± 52.435303813578535
ecos3: 0.014939192462571018 ± 0.010294375554161104
esin3: -0.062253203039721615 ± 0.006854054490260502
Retrieved Earth masses:
[0.7815307337207358, 1.0389678591830946, 244.10341093082974]
 ± [0.02281864497234865, 0.015546027325356676, 20.952411473928848]
Retrieved eccentricity:
[0.017203862835619914, 0.031196784997329145, 0.02112720859146985]
 ± [0.005494559401564754, 0.00424417803003405, 0.014558445524856679]
