Global Fit Results.
chi^2: 362.06643148435626
per 3 range=[4090.7999999999997 - 4383.0, length=200]
mu_1: 2.4362681334878217e-6 ± 5.7079928621593026e-8
P_1: 224.70077973328986 ± 1.6176189351743155e-6
t01: 3503.765437111147 ± 3.650483243734295e-5
ecos1: -0.00037703742197920054 ± 0.0021723560972349088
esin1: -0.005048643825095884 ± 0.0024209174822193754
mu_2: 3.034177325598838e-6 ± 3.73522610100926e-8
P_2: 365.256465081238 ± 3.479073915776933e-6
t02: 3624.4021632907175 ± 4.893145504971191e-5
ecos2: 0.013558764687252796 ± 0.0016864218943697712
esin2: -0.001878607725984101 ± 0.0019620786247489578
mu_3: 0.0009353225375873587 ± 5.15815009563341e-5
P_3: 4211.436636064411 ± 13.91353029267384
t03: 4815.270033659831 ± 26.702355213412368
ecos3: 0.0343181177549754 ± 0.00593152597464661
esin3: -0.046799405988046015 ± 0.0039128385395217425
Retrieved Earth masses:
[0.811078038240534, 1.0101328992049212, 311.38590965455614]
 ± [0.019002947948521774, 0.012435248061362755, 17.172421224945936]
Retrieved eccentricity:
[0.005062703002374475, 0.013688289404904491, 0.058033762647947566]
 ± [0.0032526869614073048, 0.0025872323698319967, 0.007105864185605721]
