Global Fit Results.
chi^2: 420.4293693643315
per 3 range=[4017.75 - 4748.25, length=100]
mu_1: 2.4263365942434508e-6 ± 5.096454100257927e-8
P_1: 224.70077479638914 ± 1.1798602011188168e-6
t01: 3503.7654877582686 ± 3.282269294070072e-5
ecos1: 0.004100659902357608 ± 0.002358488310222751
esin1: -0.0024594549628258367 ± 0.0025792135086984648
mu_2: 3.078783617326288e-6 ± 3.493465289697427e-8
P_2: 365.2564513102114 ± 2.616109629847789e-6
t02: 3624.40229412918 ± 4.449827793219125e-5
ecos2: 0.01653943750955923 ± 0.0018414225222299872
esin2: 0.00045649075876543464 ± 0.0020751135041009584
mu_3: 0.0008651920378360226 ± 4.8448603420009687e-5
P_3: 4240.8571831275685 ± 11.904615758534284
t03: 579.0001446529319 ± 34.35010503563581
ecos3: 0.02600683311022419 ± 0.006133599556143728
esin3: -0.03723733222365487 ± 0.003681434332241084
Retrieved Earth masses:
[0.8077716479231837, 1.0249831462241974, 288.03818886090556]
 ± [0.016967024018420866, 0.01163038228379533, 16.12942256940271]
Retrieved eccentricity:
[0.005799208848593662, 0.023390296840040948, 0.036779216098852714]
 ± [0.003335406155015418, 0.00260416470499692, 0.008674219678464056]
