Global Fit Results.
chi^2: 0.5579319520292898
per 3 range=[4017.75 - 4748.25, length=100]
mu_1: 2.5877122358714917e-6 ± 1.0565948377777929e-6
P_1: 224.70080485651658 ± 3.9297487004948806e-5
t01: 3503.7651610167927 ± 0.0005525360587999531
ecos1: 0.022748094162806123 ± 0.06477621793340074
esin1: 0.0019606578975840177 ± 0.056060545853097735
mu_2: 3.1387471139966366e-6 ± 6.801232320607066e-7
P_2: 365.2564205511527 ± 9.2974726944455e-5
t02: 3624.402477203401 ± 0.0008988063877572709
ecos2: 0.03113063190398157 ± 0.05071681597918849
esin2: 0.003646920310625977 ± 0.04407541213161801
mu_3: 0.0006921500486157939 ± 0.0007960199951904627
P_3: 4334.134413775882 ± 576.5817064891992
t03: 316.71288246264857 ± 928.9436401703983
ecos3: 0.004767939831880913 ± 0.15134735561532542
esin3: -0.07797649817619198 ± 0.10389770196196085
Retrieved Earth masses:
[0.8614965384770391, 1.0449460865003164, 230.42935869119293]
 ± [0.3517596673618238, 0.22642541239164748, 265.00955589605553]
Retrieved eccentricity:
[0.032170663283180655, 0.044025361843855304, 0.006742885174824882]
 ± [0.09160740592065063, 0.07172440899814887, 0.21403748294049701]
