Global Fit Results.
chi^2: 2.01188608410247
per 3 range=[4017.75 - 4748.25, length=100]
mu_1: 2.4618378198564388e-6 ± 6.561496550901497e-7
P_1: 224.70079086033726 ± 2.019013231297682e-5
t01: 3503.7652773112354 ± 0.000394380068429116
ecos1: 0.016111194922518234 ± 0.04137029405833372
esin1: -0.0001502403853488051 ± 0.03815944321107919
mu_2: 3.1470639820947575e-6 ± 4.793874224679726e-7
P_2: 365.2564603870661 ± 4.3643144290114554e-5
t02: 3624.402184104668 ± 0.0005315268206006956
ecos2: 0.02485061045368745 ± 0.0323353251194722
esin2: 0.0021469558978694622 ± 0.03034866964214237
mu_3: 0.000652382875941953 ± 0.0005537967834635397
P_3: 4193.4863242843 ± 172.1987536567908
t03: 4750.018844725272 ± 333.3823249701759
ecos3: 0.004930099530808265 ± 0.11634275895732038
esin3: -0.07198189579785666 ± 0.07480124369969997
Retrieved Earth masses:
[0.8195906525842569, 1.0477149233818595, 217.1901425493738]
 ± [0.2184441719396573, 0.15959680497723544, 184.3690366185101]
Retrieved eccentricity:
[0.02278467036546183, 0.035144070336855404, 0.006972213620318281]
 ± [0.058506430936658624, 0.045729055327701, 0.16453350760134638]
