Global Fit Results.
chi^2: 58.31747758281143
per 3 range=[4017.75 - 4675.2, length=100]
mu_1: 2.528523766810091e-6 ± 8.726092522835005e-8
P_1: 224.70081234433619 ± 3.896722204005215e-6
t01: 3503.765109139704 ± 5.000481179707914e-5
ecos1: 0.020039334887724587 ± 0.005445698196613622
esin1: -0.00011362241733340447 ± 0.004860257767247692
mu_2: 3.1699630711829372e-6 ± 5.7542446178750954e-8
P_2: 365.25641852808667 ± 9.905508620537317e-6
t02: 3624.4024660955247 ± 9.04130763968842e-5
ecos2: 0.028211720543750613 ± 0.004274237430479318
esin2: 0.001892413393884792 ± 0.003803986107469115
mu_3: 0.000690775510382085 ± 6.853058536962932e-5
P_3: 4314.352223464766 ± 62.33639333479955
t03: 354.2074536304447 ± 89.06585518099423
ecos3: 0.0035695442023159314 ± 0.013685932389863171
esin3: -0.07793508267567711 ± 0.009749262853896466
Retrieved Earth masses:
[0.84179161900906, 1.0553384472460192, 229.97174987598947]
 ± [0.029050751465496627, 0.01915692846805285, 22.815080153554142]
Retrieved eccentricity:
[0.020039657002955326, 0.02827511988466247, 0.07801678510088014]
 ± [0.007299159842933458, 0.005721836760859966, 0.016803358937256305]
