Global Fit Results.
chi^2: 80.83163185927853
per 3 range=[4090.7999999999997 - 4383.0, length=200]
mu_1: 2.2609654378642035e-6 ± 1.6452624820088345e-7
P_1: 224.70078361711523 ± 4.852042575300039e-6
t01: 3503.765415200286 ± 0.00010944973783240703
ecos1: -0.005450636227606201 ± 0.005295406772889542
esin1: -0.006188333475999734 ± 0.005962747170125204
mu_2: 2.9011159089262345e-6 ± 1.0810573497530042e-7
P_2: 365.2564818359346 ± 1.0287964336374277e-5
t02: 3624.4018083301858 ± 0.00014429804539837848
ecos2: 0.007947725451953916 ± 0.004102318817096108
esin2: -0.002323409103674813 ± 0.004848347925347421
mu_3: 0.0010347457463936946 ± 0.00015530414279609774
P_3: 4190.1433329919655 ± 40.87765120036665
t03: 646.6620143375062 ± 96.78824603262815
ecos3: 0.043929553642494436 ± 0.015165906967505692
esin3: -0.05110977709426375 ± 0.010664732426405468
Retrieved Earth masses:
[0.7527165777303859, 0.9658343298820873, 344.48570685905173]
 ± [0.05477378487022549, 0.03599036831828103, 51.70357800040419]
Retrieved eccentricity:
[0.008246508745879805, 0.008280372559412715, 0.0673944730512386]
 ± [0.00797469038303059, 0.006351023325600487, 0.018540260296820592]
