Global Fit Results.
chi^2: 1.26643375195142
per 3 range=[4017.75 - 4748.25, length=100]
mu_1: 2.5986011402411574e-6 ± 9.76475966882771e-7
P_1: 224.70078815707745 ± 2.7925197120238417e-5
t01: 3503.765305513722 ± 0.00046945399064964076
ecos1: 0.02571837155424901 ± 0.06085472677365822
esin1: 0.0020819381466096625 ± 0.04928883830984097
mu_2: 3.182054715729998e-6 ± 6.005062636851055e-7
P_2: 365.25643073885317 ± 7.999375620496161e-5
t02: 3624.4024172655572 ± 0.0007893844293457161
ecos2: 0.03294839892369108 ± 0.0477836635860622
esin2: 0.0037595041198184745 ± 0.03859880839073836
mu_3: 0.0006320254237027419 ± 0.0006690457866341213
P_3: 4324.375579035758 ± 401.78912281570615
t03: 4659.630001888491 ± 428.85271109449144
ecos3: -0.00882833968988342 ± 0.15317183706123494
esin3: -0.08102246475634164 ± 0.10401871727329998
Retrieved Earth masses:
[0.8651216530829973, 1.0593639759649338, 210.4127758881285]
 ± [0.3250866358763484, 0.19991947339703725, 222.73752903356709]
Retrieved eccentricity:
[0.03637126985416937, 0.04659607261636301, 0.012485157722669817]
 ± [0.08606157993781656, 0.06757630510328257, 0.21661768934560033]
