Global Fit Results.
chi^2: 392.27961500921236
per 3 range=[4090.7999999999997 - 4346.475, length=200]
mu_1: 2.3304013644139455e-6 ± 5.788421521824453e-8
P_1: 224.70077926782608 ± 1.4340783800331566e-6
t01: 3503.7653954399616 ± 3.497872317010537e-5
ecos1: 0.0066407009156991765 ± 0.0024473970460416007
esin1: -0.005289833472164088 ± 0.002641143194070123
mu_2: 3.096886450769288e-6 ± 3.763019995954935e-8
P_2: 365.2564600145132 ± 3.0090114756785303e-6
t02: 3624.4022013428016 ± 4.6210623658617926e-5
ecos2: 0.018434475340094555 ± 0.00190705197789405
esin2: -0.0020042212831969594 ± 0.0021271300501992294
mu_3: 0.0009276320641620065 ± 5.2091848853794445e-5
P_3: 4251.605991244181 ± 12.964414351454947
t03: 554.4158526799515 ± 33.878438579285636
ecos3: 0.03439232838298893 ± 0.005799215418900485
esin3: -0.042333214099873326 ± 0.0035025582964421037
Retrieved Earth masses:
[0.7758330624535811, 1.0310099092203229, 308.8256109693512]
 ± [0.019270709606620286, 0.012527779000292406, 17.34232533599291]
Retrieved eccentricity:
[0.008490067538894815, 0.01854310610487288, 0.05454294883510663]
 ± [0.003600748487822509, 0.0028568390743705157, 0.006774866352540731]
