Global Fit Results.
chi^2: 11.621307471093397
per 3 range=[4017.75 - 4748.25, length=100]
mu_1: 2.4217348004309306e-6 ± 3.1105058980147495e-7
P_1: 224.7007751702394 ± 7.309638462589027e-6
t01: 3503.7654817483217 ± 0.00019918618441500444
ecos1: 0.004110468319478154 ± 0.014254825954991971
esin1: -0.0017454914555547398 ± 0.015852337734047872
mu_2: 3.0710259993334403e-6 ± 2.1427922503201682e-7
P_2: 365.2564514905112 ± 1.6026224583294353e-5
t02: 3624.4022943704977 ± 0.00026813818073749714
ecos2: 0.01659645413425523 ± 0.011151542498062668
esin2: 0.0010202426137845384 ± 0.012733141574380871
mu_3: 0.0008644580308998575 ± 0.00029425914116790246
P_3: 4243.5720708333865 ± 72.70067627754224
t03: 570.2833205085097 ± 209.62492767455677
ecos3: 0.026396378534357726 ± 0.037146394350690316
esin3: -0.03741850612952027 ± 0.022098785616872733
Retrieved Earth masses:
[0.8062396269413622, 1.0224004938894355, 287.79382458192634]
 ± [0.10355440712864476, 0.07133745710734138, 97.96422802244058]
Retrieved eccentricity:
[0.00581308004511095, 0.023470930523966767, 0.037330116520822736]
 ± [0.020159368194817652, 0.01577066264214017, 0.052532934684005564]
