Global Fit Results.
chi^2: 3.3384795465506265
per 3 range=[4017.75 - 4748.25, length=100]
mu_1: 2.3819776811935488e-6 ± 5.108499152932811e-7
P_1: 224.70078337434543 ± 1.580959243441909e-5
t01: 3503.7653652297236 ± 0.00033810675135424224
ecos1: 0.003865605782447058 ± 0.022661065969514057
esin1: -0.0012074134178430309 ± 0.02500108480882151
mu_2: 3.0410340554771758e-6 ± 3.534970212348573e-7
P_2: 365.25646592349955 ± 3.37912286786615e-5
t02: 3624.4021453394494 ± 0.00045090044110949166
ecos2: 0.016106640389456365 ± 0.017815925447215344
esin2: 0.0019100752220456742 ± 0.020122888393672326
mu_3: 0.0008790500609250617 ± 0.00047046980091999943
P_3: 4216.286138692461 ± 138.45695729637083
t03: 545.1092900132392 ± 320.83236732137624
ecos3: 0.03545852159624203 ± 0.058837552226703504
esin3: -0.05403335210690878 ± 0.04024379537155553
Retrieved Earth masses:
[0.7930037577716637, 1.0124156294766937, 292.6517771710143]
 ± [0.17007124192780834, 0.11768559731418973, 156.6279663295178]
Retrieved eccentricity:
[0.005466792124324489, 0.02277822928303546, 0.05014592214310476]
 ± [0.03204758683191819, 0.025195523393679888, 0.08320886433583939]
