Global Fit Results.
chi^2: 23.516303559270604
per 3 range=[4017.75 - 4748.25, length=100]
mu_1: 2.4541599543129206e-6 ± 1.8946646473298528e-7
P_1: 224.70078887716164 ± 5.78100435535803e-6
t01: 3503.765301542272 ± 0.00011621336633738779
ecos1: 0.014820298675895847 ± 0.011829991818322541
esin1: -0.0010363763649094446 ± 0.011148699734920164
mu_2: 3.1672893933910553e-6 ± 1.400818903351381e-7
P_2: 365.2564601762408 ± 1.2177730621419532e-5
t02: 3624.4021865711047 ± 0.0001541575666493655
ecos2: 0.023740859877881562 ± 0.009211987152104077
esin2: 0.0015086096366264594 ± 0.00887342883282555
mu_3: 0.0006742251870342455 ± 0.00016764974421453266
P_3: 4201.474158475559 ± 48.124685592761395
t03: 549.8012633942856 ± 120.70038257964657
ecos3: 0.008890701259393879 ± 0.03300277545576451
esin3: -0.06988727352221895 ± 0.021469064034981458
Retrieved Earth masses:
[0.817034551292567, 1.0544483312080843, 224.46184576950074]
 ± [0.06307683723958507, 0.04663581288295719, 55.81365358762149]
Retrieved eccentricity:
[0.02095906738587193, 0.033574646021699364, 0.01257335030004238]
 ± [0.01673013487223449, 0.013027717166912289, 0.04667297264549607]
