Global Fit Results.
chi^2: 343.5730012814518
per 3 range=[4017.75 - 4748.25, length=100]
mu_1: 2.310692653046432e-6 ± 5.639987212742582e-8
P_1: 224.70077736814983 ± 1.4339140569763718e-6
t01: 3503.7654523210967 ± 3.4971720522902465e-5
ecos1: 0.0038645395636684116 ± 0.002222792504939834
esin1: -0.004852139556585061 ± 0.0024086102153574314
mu_2: 3.072158374594534e-6 ± 3.6961003551902886e-8
P_2: 365.2564614132814 ± 3.011963843132573e-6
t02: 3624.402207598198 ± 4.6224520255257376e-5
ecos2: 0.016358401130078977 ± 0.0017280875351305086
esin2: -0.0013263329327599343 ± 0.0019462240084059765
mu_3: 0.0009802035034495605 ± 5.202371081883376e-5
P_3: 4254.097486664456 ± 13.039027515320274
t03: 4811.468002471881 ± 25.10368894295702
ecos3: 0.04116985042572188 ± 0.005109086005220731
esin3: -0.03792604854018649 ± 0.003113945952168356
Retrieved Earth masses:
[0.7692716734453331, 1.0227774822400588, 326.32760069647816]
 ± [0.018776544754390504, 0.012304991326780269, 17.319640943020794]
Retrieved eccentricity:
[0.005465284263267271, 0.023134272736897055, 0.05822296083292763]
 ± [0.0031435033068271784, 0.0024438848291494578, 0.007225338719913735]
