Global Fit Results.
chi^2: 4.183670690801745
per 3 range=[4017.75 - 4748.25, length=100]
mu_1: 2.4217386473780826e-6 ± 5.184143421833709e-7
P_1: 224.70077517023955 ± 1.2182724673511562e-5
t01: 3503.765481748149 ± 0.00033197684572454947
ecos1: 0.004110566815960821 ± 0.023758124818605165
esin1: -0.0017449933198682422 ± 0.02642068613773123
mu_2: 3.0710262574667005e-6 ± 3.5713232536967275e-7
P_2: 365.2564514902646 ± 2.6710731228891416e-5
t02: 3624.4022943743603 ± 0.0004469022548584189
ecos2: 0.016596520003357925 ± 0.0185860075878143
esin2: 0.0010206388891289997 ± 0.021222030210668673
mu_3: 0.0008644556036803481 ± 0.00049043007951714
P_3: 4243.574625246104 ± 121.16790301607236
t03: 4813.8468870949 ± 279.6751096247189
ecos3: 0.026396196813693863 ± 0.06191077927050068
esin3: -0.03741931144915138 ± 0.036831710776539225
Retrieved Earth masses:
[0.8062409076601412, 1.0224005798266997, 287.7930165163399]
 ± [0.17258957742548792, 0.11889585627770237, 163.27310665080344]
Retrieved eccentricity:
[0.005813219340172583, 0.023471023676945143, 0.037329859528995334]
 ± [0.03359906233502425, 0.026284584001056235, 0.08755506370142914]
