Global Fit Results.
chi^2: 221.97673742600344
per 3 range=[4090.7999999999997 - 4529.1, length=200]
mu_1: 2.3358237935298004e-6 ± 6.959821752141009e-8
P_1: 224.70078701536647 ± 2.4406698949338403e-6
t01: 3503.7653533917883 ± 4.206325768612196e-5
ecos1: 0.014572404286376659 ± 0.004289335152642816
esin1: -0.0003425447797122474 ± 0.003998302441688208
mu_2: 3.1550156035102563e-6 ± 4.81492157989404e-8
P_2: 365.2564381763756 ± 6.882518043996423e-6
t02: 3624.4023294080553 ± 7.011583570055252e-5
ecos2: 0.02418632826502777 ± 0.0033194185042803586
esin2: 0.002694237541631691 ± 0.003161939812275305
mu_3: 0.0007658203411679585 ± 6.852280723287206e-5
P_3: 4345.296969789255 ± 35.90922460493253
t03: 4691.856016651135 ± 37.94004733203794
ecos3: 0.009903678291207457 ± 0.010991239144736568
esin3: -0.062445453221899816 ± 0.006973999784959532
Retrieved Earth masses:
[0.7776382878757474, 1.0503621629897923, 254.95554098553382]
 ± [0.02317051434379213, 0.016029750977005878, 22.812490670148957]
Retrieved eccentricity:
[0.014576429727876334, 0.024335927984657148, 0.0632259240484804]
