Global Fit Results.
chi^2: 11.342021776780113
per 3 range=[4017.75 - 4748.25, length=100]
mu_1: 2.4284580996613937e-6 ± 3.287471925770519e-7
P_1: 224.7007765184849 ± 7.767814291448623e-6
t01: 3503.7654620285425 ± 0.0002030508174386397
ecos1: 0.004724747317349403 ± 0.014965012923832954
esin1: -0.0022475172141494656 ± 0.01599097049119999
mu_2: 3.071869357801131e-6 ± 2.184817855341961e-7
P_2: 365.25645097966907 ± 1.625948877677639e-5
t02: 3624.4023038725945 ± 0.0002684128605733412
ecos2: 0.01730619365850005 ± 0.011708596459866012
esin2: 0.0007619709756880966 ± 0.012837841961264598
mu_3: 0.000872661713493155 ± 0.00030239743364650405
P_3: 4251.409627784521 ± 78.1003375936387
t03: 4810.964110196345 ± 166.49868267075433
ecos3: 0.027761047706287133 ± 0.03722134340745996
esin3: -0.03695018244625709 ± 0.021749681801748334
Retrieved Earth masses:
[0.8084779357200192, 1.0226812632850968, 290.5249799472408]
 ± [0.10944592853609689, 0.07273656604811912, 100.67361382749235]
Retrieved eccentricity:
[0.006681801734981424, 0.024474653784906025, 0.03926005017191776]
 ± [0.02116372423797321, 0.01655845590989612, 0.05263892865657626]
