Global Fit Results.
chi^2: 6.479719731409701
per 3 range=[4017.75 - 4675.2, length=100]
mu_1: 2.528530635712881e-6 ± 2.617834111918619e-7
P_1: 224.70081234406663 ± 1.1690251928362821e-5
t01: 3503.7651091430744 ± 0.00015001710177981335
ecos1: 0.020040319658431165 ± 0.016338134569222017
esin1: -0.0001130711328704179 ± 0.014581784346202805
mu_2: 3.169969396043322e-6 ± 1.7263256266961047e-7
P_2: 365.2564185262502 ± 2.9721961256584323e-5
t02: 3624.4024661140206 ± 0.0002712815805855202
ecos2: 0.028212511137401378 ± 0.012823575223521596
esin2: 0.001892845731398115 ± 0.01141271351555559
mu_3: 0.0006907701542993313 ± 0.00020559133107623566
P_3: 4314.367605629436 ± 187.03751510257808
t03: 354.18389863541586 ± 267.2435049416074
ecos3: 0.0035677669635231397 ± 0.0410583478117314
esin3: -0.07793536728863099 ± 0.029248220816681283
Retrieved Earth masses:
[0.8417939057919157, 1.0553405529072484, 229.9699667384798]
 ± [0.08715246596828327, 0.057472524613310844, 68.4450989595505]
Retrieved eccentricity:
[0.02004063863985355, 0.02827593764388493, 0.07801698812130484]
 ± [0.021898928647793997, 0.017166656963470264, 0.0504107760897455]
