Global Fit Results.
chi^2: 179.89662938536097
per 3 range=[4017.75 - 4748.25, length=200]
mu_1: 2.322421210922079e-6 ± 6.503672412408519e-8
P_1: 224.70079191749016 ± 2.2074911505814342e-6
t01: 3503.76525845507 ± 4.05489765556065e-5
ecos1: 0.0072092908095112125 ± 0.003382018940523144
esin1: -0.00020570746006917003 ± 0.0034378567657319435
mu_2: 3.0282342615088514e-6 ± 4.470421320297995e-8
P_2: 365.25645230694334 ± 5.195311063805399e-6
t02: 3624.4022359432543 ± 5.900323888648622e-5
ecos2: 0.018119841348903 ± 0.0026037100921689977
esin2: 0.0027312068788624207 ± 0.002724684531430401
mu_3: 0.0008076413563764923 ± 6.50764967994735e-5
P_3: 4272.813629219715 ± 27.39463688528973
t03: 462.26824320606994 ± 51.896792504711435
ecos3: 0.028740633003353923 ± 0.008598482493408385
esin3: -0.05896633029349208 ± 0.006000839730433298
Retrieved Earth masses:
[0.7731763239977136, 1.0081543449165051, 268.8785187178757]
 ± [0.021651910104260902, 0.014882846862118925, 21.665151152356607]
Retrieved eccentricity:
[0.007212225005865453, 0.018324522954897362, 0.06559765311133227]
