Global Fit Results.
chi^2: 2.828626762996677
per 3 range=[4017.75 - 4748.25, length=100]
mu_1: 2.3475156916288337e-6 ± 5.483303452881174e-7
P_1: 224.70079087525633 ± 1.7727711934677147e-5
t01: 3503.765281963079 ± 0.00032541967453005873
ecos1: 0.012164968073670067 ± 0.031081921699829887
esin1: -0.001610188825754371 ± 0.030698247053694967
mu_2: 3.120790069148907e-6 ± 3.7356988294007144e-7
P_2: 365.2564500646686 ± 4.1254874721110216e-5
t02: 3624.4022746730448 ± 0.0004703461408294765
ecos2: 0.02205945822283019 ± 0.024008696524800317
esin2: 0.001094285499398455 ± 0.024304295742647513
mu_3: 0.0007332233561847451 ± 0.0005034848928163857
P_3: 4261.110525215339 ± 212.70188741471736
t03: 482.2898625567306 ± 419.4824305086283
ecos3: 0.014939192462571018 ± 0.08235500443328883
esin3: -0.062253203039721615 ± 0.05483243592208402
Retrieved Earth masses:
[0.7815307337207358, 1.0389678591830946, 244.10341093082974]
 ± [0.1825491597787892, 0.12436821860285341, 167.61929179143078]
Retrieved eccentricity:
[0.017203862835619914, 0.031196784997329145, 0.02112720859146985]
 ± [0.04395647521251803, 0.0339534242402724, 0.11646756419885343]
