Global Fit Results.
chi^2: 2.505267637338508
per 3 range=[4017.75 - 4748.25, length=100]
mu_1: 2.382292433816409e-6 ± 6.307119961013452e-7
P_1: 224.70077966524914 ± 1.7058278764691006e-5
t01: 3503.765415344842 ± 0.00039546132841918996
ecos1: 0.0025886631397847833 ± 0.024996270220616148
esin1: -0.004841314788896272 ± 0.02732212688048901
mu_2: 3.0739126851443057e-6 ± 4.1394244338437554e-7
P_2: 365.256468440435 ± 3.58210347272079e-5
t02: 3624.4021331878353 ± 0.0005269703313928172
ecos2: 0.015476882190444012 ± 0.01948904394870648
esin2: -0.0012729443579764493 ± 0.02212994375067064
mu_3: 0.0009311446270638608 ± 0.0005695263081183072
P_3: 4233.105221803303 ± 152.98000835128656
t03: 562.8920421828224 ± 377.1719084987652
ecos3: 0.03709447828745892 ± 0.06301282287626578
esin3: -0.04688606232997048 ± 0.04279892818196917
Retrieved Earth masses:
[0.7931085446530299, 1.023361524176829, 309.99500714068057]
 ± [0.20997551191555144, 0.13780897936059258, 189.6056818892343]
Retrieved eccentricity:
[0.0036609225206989597, 0.021887616696976538, 0.0524595142832787]
 ± [0.03535006435473807, 0.027561670269946, 0.08911358871502868]
