Global Fit Results.
chi^2: 5.190486037261783
per 3 range=[4017.75 - 4748.25, length=100]
mu_1: 2.426339492897675e-6 ± 4.586834350005396e-7
P_1: 224.7007747964082 ± 1.0618733797221736e-5
t01: 3503.765487757754 ± 0.0002954043121035306
ecos1: 0.004100904615545778 ± 0.021226814691776348
esin1: -0.0024598259772110453 ± 0.02321333377357372
mu_2: 3.0787847068344675e-6 ± 3.1441260202546317e-7
P_2: 365.2564513104062 ± 2.3544927828395738e-5
t02: 3624.402294126069 ± 0.00040048599244226906
ecos2: 0.016539626435351503 ± 0.01657313137588113
esin2: 0.00045617596015069963 ± 0.018676313857096064
mu_3: 0.0008651830421394882 ± 0.00043604187509158754
P_3: 4240.856009573928 ± 107.1472792330043
t03: 579.0035964829078 ± 309.1694919115709
ecos3: 0.026005633930511758 ± 0.055204090242334906
esin3: -0.03723769059941527 ± 0.03313333115504842
Retrieved Earth masses:
[0.8077726129379739, 1.0249835089413157, 288.03519402967277]
 ± [0.15270407042637896, 0.10467368223703326, 145.16628271687594]
Retrieved eccentricity:
[0.005799554925303263, 0.023390564021458664, 0.03677752020263967]
 ± [0.03001924922309058, 0.02343794716276217, 0.07807037311917826]
