Global Fit Results.
chi^2: 58.20079978990719
per 3 range=[4090.7999999999997 - 4529.1, length=200]
mu_1: 2.291254689174496e-6 ± 2.2576177266050073e-7
P_1: 224.70079333651202 ± 7.295577420504458e-6
t01: 3503.765216276092 ± 0.00012596802776754075
ecos1: 0.01798028440249694 ± 0.013249562030923302
esin1: -0.013645877633953508 ± 0.012432142683701181
mu_2: 3.2125836275342427e-6 ± 1.4690366890041962e-7
P_2: 365.2564258404634 ± 1.8992658748472997e-5
t02: 3624.4024695220714 ± 0.00019645014763723618
ecos2: 0.028018334474141326 ± 0.010083133188315824
esin2: -0.007656761977193086 ± 0.009957135644191139
mu_3: 0.0008036037636498125 ± 0.0001988213920767057
P_3: 4329.266805311853 ± 89.65243460294508
t03: 4796.463314485246 ± 107.70554403765354
ecos3: 0.01397791355450022 ± 0.028402228092621117
esin3: -0.04251834003268952 ± 0.01693279927075849
Retrieved Earth masses:
[0.7628004212100261, 1.0695276067884245, 267.5343305544483]
 ± [0.07516020636736685, 0.04890690722597546, 66.19126295222816]
Retrieved eccentricity:
[0.02257212005097234, 0.02904570657911847, 0.04475702521920429]
