Global Fit Results.
chi^2: 72.67877983803132
per 3 range=[4090.7999999999997 - 4529.1, length=200]
mu_1: 2.484726968099237e-6 ± 1.6907423372191792e-7
P_1: 224.70078643105836 ± 6.083171005823532e-6
t01: 3503.7652721611535 ± 0.00011840558622589515
ecos1: 0.0006269464831732932 ± 0.0068283862338108835
esin1: 0.007475631441229793 ± 0.006723642292844912
mu_2: 2.988173777954146e-6 ± 1.239268339998733e-7
P_2: 365.2564532653536 ± 1.3124039756547125e-5
t02: 3624.4023453398936 ± 0.00015855961711481404
ecos2: 0.013406421494609211 ± 0.005320539286112368
esin2: 0.007778255246995111 ± 0.005335047856704821
mu_3: 0.001028289159787262 ± 0.0001700061749328426
P_3: 4152.679977955214 ± 46.681209643557985
t03: 633.2985075510817 ± 93.000759371986
ecos3: 0.05691195836625234 ± 0.013915305507835722
esin3: -0.04200907021877032 ± 0.009850085056239834
Retrieved Earth masses:
[0.8272108669599166, 0.994817480239791, 342.3361915711025]
 ± [0.05628789209169377, 0.041257500364739706, 56.59815229611149]
Retrieved eccentricity:
[0.00750187492150241, 0.015499464248112799, 0.07073706938888276]
