Global Fit Results.
chi^2: 4.241641990672957
per 3 range=[4017.75 - 4748.25, length=100]
mu_1: 2.3106975015169335e-6 ± 5.076000798145793e-7
P_1: 224.7007773681668 ± 1.2905226777457065e-5
t01: 3503.7654523208375 ± 0.0003147455205738248
ecos1: 0.0038648971597296366 ± 0.0200052795666995
esin1: -0.004852039948563192 ± 0.021677706849670086
mu_2: 3.0721605020531065e-6 ± 3.326500044240057e-7
P_2: 365.25646141326996 ± 2.7107663825271204e-5
t02: 3624.402207598968 ± 0.0004160206836960157
ecos2: 0.01635867150087123 ± 0.015552928618093646
esin2: -0.0013262597206884837 ± 0.01751616750882593
mu_3: 0.0009801995278482664 ± 0.000468209809531603
P_3: 4254.098186363422 ± 117.35097603992287
t03: 4811.465430963106 ± 225.93419345711953
ecos3: 0.04116972874240306 ± 0.04598174191476308
esin3: -0.03792645525436038 ± 0.028025727094778307
Retrieved Earth masses:
[0.7692732875894779, 1.0227781905097695, 326.3262771463918]
 ± [0.1689893125012241, 0.11074524568963097, 155.87557403059753]
Retrieved eccentricity:
[0.005465789980466906, 0.02313465509893833, 0.05822278874672784]
 ± [0.02829173768229179, 0.021995162586328675, 0.06502800303739735]
