Global Fit Results.
chi^2: 1.4697689724544127
per 3 range=[4017.75 - 4748.25, length=100]
mu_1: 2.4541599543129206e-6 ± 7.578658589319411e-7
P_1: 224.70078887716164 ± 2.312401742143212e-5
t01: 3503.765301542272 ± 0.00046485346534955115
ecos1: 0.014820298675895847 ± 0.047319967273290166
esin1: -0.0010363763649094446 ± 0.04459479893968066
mu_2: 3.1672893933910553e-6 ± 5.603275613405524e-7
P_2: 365.2564601762408 ± 4.871092248567813e-5
t02: 3624.4021865711047 ± 0.000616630266597462
ecos2: 0.023740859877881562 ± 0.03684794860841631
esin2: 0.0015086096366264594 ± 0.0354937153313022
mu_3: 0.0006742251870342455 ± 0.0006705989768581306
P_3: 4201.474158475559 ± 192.49874237104558
t03: 549.8012633942856 ± 482.8015303185863
ecos3: 0.008890701259393879 ± 0.13201110182305803
esin3: -0.06988727352221895 ± 0.08587625613992583
Retrieved Earth masses:
[0.817034551292567, 1.0544483312080843, 224.46184576950074]
 ± [0.2523073489583403, 0.18654325153182877, 223.25461435048595]
Retrieved eccentricity:
[0.02095906738587193, 0.033574646021699364, 0.01257335030004238]
 ± [0.06692053948893796, 0.052110868667649156, 0.1866918905819843]
