Global Fit Results.
chi^2: 89.41044939522858
per 3 range=[4090.7999999999997 - 4383.0, length=200]
mu_1: 2.526438982844136e-6 ± 1.6742245141636013e-7
P_1: 224.70077350176712 ± 4.655735171462829e-6
t01: 3503.765593791869 ± 0.00010793425270464005
ecos1: 0.006912949224257376 ± 0.008283725027460288
esin1: 0.005883329683090615 ± 0.008175604377283699
mu_2: 3.079204218734319e-6 ± 1.187425008464904e-7
P_2: 365.25646419908344 ± 9.862573938109064e-6
t02: 3624.4021860746916 ± 0.00014530723999205464
ecos2: 0.01823166986797013 ± 0.006642661943912546
esin2: 0.006505527185168527 ± 0.006442443607481013
mu_3: 0.0008676884932470097 ± 0.00015685882221936668
P_3: 4252.925724667179 ± 40.88915911242899
t03: 4658.6201410536905 ± 81.00239813804323
ecos3: 0.033413107594474765 ± 0.01997518851992975
esin3: -0.05564885270324585 ± 0.012892143291845185
Retrieved Earth masses:
[0.841097556452472, 1.025123172094182, 288.8693043401363]
 ± [0.05573798367497355, 0.03953154142539615, 52.22115909888232]
Retrieved eccentricity:
[0.00907757870453877, 0.019357573973295742, 0.06490940275728548]
 ± [0.011638754540947769, 0.009253649946733286, 0.023774261609231993]
