Global Fit Results.
per 3 range=[4163.85 - 4529.1, length=10]
mu_1: 2.542210676903206e-6 ± 1.458857360851245e-7
P_1: 224.70078014624303 ± 3.537018893400727e-6
t01: 3503.7653473550536 ± 9.839406251961803e-5
ecos1: -0.0026348694851467016 ± 0.007551152895152033
esin1: 0.0070697550873065 ± 0.007516688792493877
mu_2: 3.025601946627781e-6 ± 1.0473367496816407e-7
P_2: 365.2564540141248 ± 7.892868705249328e-6
t02: 3624.402170755537 ± 0.00013408333857513148
ecos2: 0.012058809668827192 ± 0.005990019521115903
esin2: 0.008297024011903064 ± 0.005980771753746347
mu_3: 0.0007712450593242188 ± 0.0001425901844072157
P_3: 4210.123626852766 ± 39.71988148951336
t03: 4814.119367007823 ± 90.08737916693892
ecos3: 0.01616678109962315 ± 0.02269320705299122
esin3: -0.04249098989862787 ± 0.012857674719050001
Retrieved Earth masses:
[0.8463482406860038, 1.0072779993450045, 256.7615284709459]
 ± [0.04856801885012651, 0.034867748119862214, 47.4708696681061]
Retrieved eccentricity:
[0.0037262681609774796, 0.017053732179731225, 0.02286328109100408]
 ± [0.010678942835876866, 0.008471166845641703, 0.032093041188080956]
