Global Fit Results.
chi^2: 1.255346891269209
per 3 range=[4017.75 - 4748.25, length=100]
mu_1: 2.5877014330752434e-6 ± 7.043876635964694e-7
P_1: 224.70080485648322 ± 2.6198223295739255e-5
t01: 3503.765161018123 ± 0.000368354288521773
ecos1: 0.022747092883622783 ± 0.043183788484715456
esin1: 0.0019606914008352245 ± 0.03737288048350913
mu_2: 3.138742157665945e-6 ± 4.5341268352473545e-7
P_2: 365.2564205503796 ± 6.198137612032342e-5
t02: 3624.4024772128646 ± 0.0005991724850732019
ecos2: 0.03112988827870778 ± 0.03381091078420493
esin2: 0.0036469892582188753 ± 0.029382774678003647
mu_3: 0.0006921668751408663 ± 0.0005306873765667316
P_3: 4334.145562313688 ± 384.37438184568595
t03: 316.6978093936337 ± 619.2703395600009
ecos3: 0.004770327397959425 ± 0.10089543911771327
esin3: -0.07797482233618493 ± 0.06926298395491186
Retrieved Earth masses:
[0.8614929420293952, 1.0449444364475498, 230.43496054788451]
 ± [0.2345034836263081, 0.15094934125339238, 176.67549412492113]
Retrieved eccentricity:
[0.032169247260579854, 0.04402431019890779, 0.006746261703154176]
 ± [0.06107109934973569, 0.04781584858720935, 0.14268769838185902]
