Global Fit Results.
chi^2: 1.1189041709916396
per 3 range=[4017.75 - 4748.25, length=100]
mu_1: 2.605300393250542e-6 ± 8.665236692872576e-7
P_1: 224.70079746874958 ± 2.9484306740437823e-5
t01: 3503.7652212190237 ± 0.0004470035396436677
ecos1: 0.021601218382598375 ± 0.05316806140930949
esin1: 0.0028343000904031738 ± 0.043593951138071976
mu_2: 3.194191403543795e-6 ± 5.51896490729888e-7
P_2: 365.2564204917188 ± 7.389577722029281e-5
t02: 3624.402492180468 ± 0.0007437849429447763
ecos2: 0.03066695239318678 ± 0.041488444165097865
esin2: 0.003858778095079355 ± 0.034506860680512896
mu_3: 0.0006949737618572983 ± 0.0006535648446307819
P_3: 4346.52372310129 ± 476.4330609658866
t03: 307.2263349584904 ± 770.5943282927592
ecos3: 0.002453136739544066 ± 0.1252995908902532
esin3: -0.07399905167266731 ± 0.08304024095483055
Retrieved Earth masses:
[0.8673519564366555, 1.0634045004078077, 231.36942426320135]
 ± [0.2884815132266768, 0.18373639455366222, 217.58364145543416]
Retrieved eccentricity:
[0.030548736000453634, 0.04336961999109479, 0.003469259247418933]
 ± [0.07519099353013106, 0.0586735204200403, 0.17720038079679637]
