Global Fit Results.
chi^2: 80.83163188376803
per 3 range=[4017.75 - 4748.25, length=200]
mu_1: 2.2609716885878415e-6 ± 1.6452577645190402e-7
P_1: 224.7007836171732 ± 4.85203971686413e-6
t01: 3503.7654151991783 ± 0.00010944969384608122
ecos1: -0.005450513675484866 ± 0.005295372385181645
esin1: -0.006187746632504682 ± 0.005962815633091697
mu_2: 2.9011153920096257e-6 ± 1.0810588681922724e-7
P_2: 365.2564818358326 ± 1.0287948928268846e-5
t02: 3624.4018083332553 ± 0.0001442980082955716
ecos2: 0.00794778970761743 ± 0.004102302308889666
esin2: -0.0023229116944042077 ± 0.004848417431599969
mu_3: 0.0010347507726395514 ± 0.00015530527123519083
P_3: 4190.1483531652175 ± 40.87783472363424
t03: 646.6452641834566 ± 96.79079460216049
ecos3: 0.04393044135621535 ± 0.01516590909407926
esin3: -0.05111029758437246 ± 0.010664693671810088
Retrieved Earth masses:
[0.7527186587101418, 0.9658341577911326, 344.4873801878505]
 ± [0.05477362781639732, 0.035990418869890094, 51.70395367833279]
Retrieved eccentricity:
[0.00824598737051668, 0.008280294679328108, 0.06739544641082947]
