Global Fit Results.
chi^2: 439.4185536710033
per 3 range=[4090.7999999999997 - 4346.475, length=200]
mu_1: 2.364100711736245e-6 ± 5.1932899404786236e-8
P_1: 224.7007748437473 ± 1.2945181772277882e-6
t01: 3503.76549581428 ± 3.382844731457025e-5
ecos1: -0.0015005237572869013 ± 0.001938202578388047
esin1: -0.0036100666549481585 ± 0.0021328258327143364
mu_2: 3.056795341611905e-6 ± 3.4799461018872706e-8
P_2: 365.2564525349671 ± 2.7020023175075065e-6
t02: 3624.4022575634444 ± 4.4561169781448993e-5
ecos2: 0.012761411436109574 ± 0.0015078356054411492
esin2: 0.00016531348107454562 ± 0.0017228519979685922
mu_3: 0.001016719127956871 ± 5.0146893282057296e-5
P_3: 4251.052382992276 ± 12.468035619737572
t03: 564.7302973950485 ± 32.27410406316192
ecos3: 0.04088730140042088 ± 0.004680537348803193
esin3: -0.033409253885911296 ± 0.002849755756684753
Retrieved Earth masses:
[0.7870521890104871, 1.0176628487226322, 338.4843172267382]
 ± [0.017289408169155272, 0.01158537444505646, 16.694814198813127]
Retrieved eccentricity:
[0.003909495210299021, 0.012762482140582732, 0.05280103844643719]
 ± [0.002881939497554325, 0.00228949497049905, 0.005479830083706931]
