Global Fit Results.
chi^2: 389.48458750167373
per 3 range=[4017.75 - 4748.25, length=100]
mu_1: 2.434001979408027e-6 ± 5.550928219227384e-8
P_1: 224.70077711845025 ± 1.3899124457532069e-6
t01: 3503.765455958371 ± 3.461994035234695e-5
ecos1: 0.006414394685602471 ± 0.0025357513099173072
esin1: -0.0022483397686484134 ± 0.0026583857841438185
mu_2: 3.089811219068011e-6 ± 3.7276822616098784e-8
P_2: 365.2564538369021 ± 2.807105848727026e-6
t02: 3624.4022871298775 ± 4.496869551479996e-5
ecos2: 0.018469833330715456 ± 0.0019773855161960077
esin2: 0.0006605349830485991 ± 0.002137485989312429
mu_3: 0.0009017634877113489 ± 5.1721948586262106e-5
P_3: 4270.757998895991 ± 13.089091580777987
t03: 4797.199961068213 ± 27.041621253088316
ecos3: 0.032155274382736444 ± 0.005915064690239456
esin3: -0.03670740048740904 ± 0.003484721913537392
Retrieved Earth masses:
[0.8103235942693939, 1.028654435711685, 300.21349067303674]
 ± [0.01848005114289064, 0.012410133245892536, 17.219178799201302]
Retrieved eccentricity:
[0.00907132395879292, 0.026120288791068435, 0.04547442513389403]
 ± [0.003586093893290397, 0.0027964454150445173, 0.00836516470725085]
