Global Fit Results.
chi^2: 33.00150960064615
per 3 range=[4017.75 - 4748.25, length=100]
mu_1: 2.3754946255503044e-6 ± 1.7204308070271569e-7
P_1: 224.70078072325433 ± 4.859791964923533e-6
t01: 3503.765400587576 ± 0.00010962472660985854
ecos1: 0.00173337363423556 ± 0.006804752922139368
esin1: -0.00434167573309443 ± 0.007506154328719304
mu_2: 3.062776059170257e-6 ± 1.1337097146271884e-7
P_2: 365.25646968473114 ± 1.0477551699334507e-5
t02: 3624.4021215904722 ± 0.00014743236280453126
ecos2: 0.014804009443350476 ± 0.00531134603879752
esin2: -0.0007869038137007278 ± 0.006064418100653523
mu_3: 0.0009337055868221238 ± 0.00015679043608009136
P_3: 4234.640913553012 ± 42.19424375504022
t03: 555.9569030816659 ± 103.94831644146721
ecos3: 0.03671743254191692 ± 0.017681732135099187
esin3: -0.047559349765320856 ± 0.011784565107763703
Retrieved Earth masses:
[0.7908454304592265, 1.0196539385365249, 310.8475972920656]
 ± [0.05727627532912277, 0.037743261451178525, 52.19839210746465]
Retrieved eccentricity:
[0.0024513605021958696, 0.020936030932285618, 0.05192629107629814]
 ± [0.009623373871087445, 0.007511377602524068, 0.025005745391705456]
