Global Fit Results.
chi^2: 70.6578690345548
per 3 range=[4017.75 - 4748.25, length=200]
mu_1: 2.7211128948288066e-6 ± 2.8057714309327755e-7
P_1: 224.70079031070927 ± 7.600435018239529e-6
t01: 3503.765287599535 ± 0.0001284301361209431
ecos1: 0.034483370738224654 ± 0.017643022039837277
esin1: 0.017230002034558756 ± 0.012907832238602172
mu_2: 3.366784770524661e-6 ± 1.73844179104968e-7
P_2: 365.25640003255785 ± 2.0841964274938376e-5
t02: 3624.4026708531314 ± 0.00020968113851776933
ecos2: 0.04181826343843982 ± 0.013905874103233786
esin2: 0.012836331044635564 ± 0.01007805354111983
mu_3: 0.0006829564241776191 ± 0.00016873934220839904
P_3: 4512.216052269751 ± 101.67302596507653
t03: 4513.321198684472 ± 101.18245577905486
ecos3: -0.015633960097732005 ± 0.03832229156275855
esin3: -0.08748743743741204 ± 0.02556971438688363
Retrieved Earth masses:
[0.9059080477357486, 1.1208639760623862, 227.36863365393694]
 ± [0.0934092416459244, 0.05787589379422398, 56.176400606797394]
Retrieved eccentricity:
[0.03854835700235157, 0.04374401160952465, 0.08887335043590155]
