Global Fit Results.
chi^2: 48.5213252019138
per 3 range=[4017.75 - 4748.25, length=100]
mu_1: 2.3990376920905327e-6 ± 9.424506529866761e-8
P_1: 224.70079863907327 ± 6.499686164412981e-6
t01: 3503.7651877833428 ± 6.072972260515168e-5
ecos1: 0.013660134674412615 ± 0.005161466264178386
esin1: -0.0052423646085679315 ± 0.0054411621577668805
mu_2: 3.075303383011744e-6 ± 6.794793401996407e-8
P_2: 365.2564078081656 ± 1.6603004357847227e-5
t02: 3624.4024442321365 ± 0.00010910812815891653
ecos2: 0.023455977686624836 ± 0.003979878488505827
esin2: -0.0024160634646223965 ± 0.004312727705012826
mu_3: 0.0007107816552342201 ± 8.453926566741496e-5
P_3: 4148.64978952457 ± 96.05129492026083
t03: 582.3581253889178 ± 120.65507250184174
ecos3: 0.02369580275043683 ± 0.013248781499628843
esin3: -0.07381577147421547 ± 0.012154488733398203
Retrieved Earth masses:
[0.7986833461472167, 1.0238245128284484, 236.63215990901628]
 ± [0.03137589891095476, 0.022621104906261413, 28.144661422656583]
Retrieved eccentricity:
[0.014631529858912754, 0.023580081677138553, 0.07752586140328407]
 ± [0.00749979863885464, 0.0058684796191907, 0.01797948296239943]
