Global Fit Results.
chi^2: 7.5115789818645915
per 3 range=[4017.75 - 4748.25, length=100]
mu_1: 2.381973952505548e-6 ± 3.405679668230845e-7
P_1: 224.70078337433168 ± 1.053971204773829e-5
t01: 3503.7653652299286 ± 0.00022540420643853755
ecos1: 0.003865312914767652 ± 0.015107227169821895
esin1: -0.001207524419535883 ± 0.016667138788803687
mu_2: 3.041032555619965e-6 ± 2.3566467812070967e-7
P_2: 365.25646592355395 ± 2.2527436176425524e-5
t02: 3624.4021453382006 ± 0.000300600170614688
ecos2: 0.01610641878241865 ± 0.011877159212695729
esin2: 0.001909996125175626 ± 0.01341503718925215
mu_3: 0.0008790551275205842 ± 0.00031364506436221026
P_3: 4216.285048329175 ± 92.30470511961718
t03: 4761.3980601143585 ± 169.51453690067416
ecos3: 0.035458971329231204 ± 0.03922436044905352
esin3: -0.05403287618845327 ± 0.02682891541387893
Retrieved Earth masses:
[0.7930025164235102, 1.0124151301469084, 292.65346393295175]
 ± [0.11338127959789916, 0.07845706397640552, 104.41815496824465]
Retrieved eccentricity:
[0.005466377946880293, 0.02277791588335721, 0.0501465581615975]
 ± [0.021364845553413433, 0.016796839641058853, 0.055471622522462315]
