Global Fit Results.
chi^2: 2.1450441998599503
per 3 range=[4017.75 - 4748.25, length=100]
mu_1: 2.3838664467929154e-6 ± 6.623485917148469e-7
P_1: 224.70078827674544 ± 2.1955080219830144e-5
t01: 3503.7653085826037 ± 0.000378322849646415
ecos1: 0.016689420968320382 ± 0.041928336464234946
esin1: -0.002038359887827193 ± 0.03789757974590809
mu_2: 3.127720477462685e-6 ± 4.42796959885251e-7
P_2: 365.25644222521754 ± 6.128274980783203e-5
t02: 3624.4023401056347 ± 0.0006236868306654255
ecos2: 0.025712936357967245 ± 0.0324445238586397
esin2: 0.0005659986446028281 ± 0.02996602302497214
mu_3: 0.0006960021261832663 ± 0.0005999499960793144
P_3: 4307.80060963197 ± 331.2376918860046
t03: 411.2911773604929 ± 579.7144463748194
ecos3: 0.0046693566809542664 ± 0.11044426763970504
esin3: -0.06688812250333441 ± 0.07134687952738342
Retrieved Earth masses:
[0.7936325622435414, 1.0412751183480773, 231.7117854789632]
 ± [0.2205079108555946, 0.14741517348849612, 199.7342817786599]
Retrieved eccentricity:
[0.023602405481552596, 0.036363583325873534, 0.006603467545762944]
 ± [0.05929562207546344, 0.04588348566562572, 0.15619178118243482]
