Global Fit Results.
chi^2: 58.27156288418504
per 3 range=[4090.7999999999997 - 4529.1, length=200]
mu_1: 2.3648196978881416e-6 ± 2.0639287016707166e-7
P_1: 224.70079273190282 ± 6.639784993342318e-6
t01: 3503.765138063317 ± 0.00012209151890503491
ecos1: 0.013337465527787123 ± 0.009984181133918173
esin1: -0.009037557687617118 ± 0.010498985706548983
mu_2: 3.083488992407546e-6 ± 1.3417017853639298e-7
P_2: 365.25646379918106 ± 1.4588319195905296e-5
t02: 3624.402138653378 ± 0.00016714526832578629
ecos2: 0.02286576055055706 ± 0.007624794067577777
esin2: -0.003495868159104126 ± 0.008392486545460943
mu_3: 0.0008394439483091365 ± 0.0001781662436889762
P_3: 4145.354350753345 ± 57.61976874238098
t03: 695.1921565466282 ± 117.5084064057824
ecos3: 0.024909487882685547 ± 0.023926129689851625
esin3: -0.060934319301024775 ± 0.01683064914182644
Retrieved Earth masses:
[0.7872915525967799, 1.0265496512971137, 279.46618085618286]
 ± [0.06871194592291724, 0.04466769634337697, 59.314787820608366]
Retrieved eccentricity:
[0.01611103459315748, 0.02313145260767792, 0.065829126192415]
