Global Fit Results.
chi^2: 3.5989179890787475
per 3 range=[4017.75 - 4748.25, length=100]
mu_1: 2.689991123034167e-6 ± 5.743967332438911e-7
P_1: 224.70079336438215 ± 1.667491528054446e-5
t01: 3503.7652631913566 ± 0.00026303766650384336
ecos1: 0.032180440876693014 ± 0.03638650578210972
esin1: 0.0040609857941669 ± 0.02724456484805148
mu_2: 3.267981536842605e-6 ± 3.5637875727112006e-7
P_2: 365.2564208670764 ± 4.441269716399293e-5
t02: 3624.40251704407 ± 0.00044607782743028295
ecos2: 0.0386296351071991 ± 0.02869738335582989
esin2: 0.004717058103114993 ± 0.02140897272431299
mu_3: 0.0006058825118744326 ± 0.00034477823036773017
P_3: 4395.743852019025 ± 261.76393877455797
t03: 4620.43098954077 ± 234.78619903813174
ecos3: -0.01824799497343866 ± 0.08779580134110061
esin3: -0.0842359999848776 ± 0.05858262056311991
Retrieved Earth masses:
[0.895547043022516, 1.0879705798696049, 201.7093243475773]
 ± [0.19122713512829165, 0.11864497973145793, 114.78295302182481]
Retrieved eccentricity:
[0.04551001593096479, 0.054630553878124814, 0.025806561977553016]
 ± [0.0514582899644266, 0.04058422874643455, 0.12416201297599845]
