Global Fit Results.
chi^2: 72.67877981332657
per 3 range=[4017.75 - 4748.25, length=200]
mu_1: 2.4847256320691275e-6 ± 1.6907438719325162e-7
P_1: 224.70078643101817 ± 6.083165978093975e-6
t01: 3503.7652721616096 ± 0.00011840544425912976
ecos1: 0.0006266441117833134 ± 0.006828300210331003
esin1: 0.007475797347650705 ± 0.0067236008664949614
mu_2: 2.988171756412185e-6 ± 1.2392664691514203e-7
P_2: 365.25645326535766 ± 1.312403742291751e-5
t02: 3624.4023453400255 ± 0.00015855926554586157
ecos2: 0.01340619080878477 ± 0.0053204818526928
esin2: 0.007778406813570238 ± 0.005335037784843021
mu_3: 0.0010282976894382145 ± 0.00017000599893559414
P_3: 4152.680161993613 ± 46.67962910439982
t03: 633.2969036230794 ± 92.99958967515057
ecos3: 0.056912714957133397 ± 0.013915048046410361
esin3: -0.04200870857103232 ± 0.009849978420887676
Retrieved Earth masses:
[0.8272104221711575, 0.9948168072316499, 342.3390312472722]
 ± [0.056287943185096244, 0.041257438080824924, 56.598093703421696]
Retrieved eccentricity:
[0.007502014984387463, 0.015499340778205412, 0.07073746333872766]
