Global Fit Results.
chi^2: 5.879075889817651
per 3 range=[4017.75 - 4748.25, length=100]
mu_1: 2.4541599543129206e-6 ± 3.7893292946597056e-7
P_1: 224.70078887716164 ± 1.156200871071606e-5
t01: 3503.765301542272 ± 0.00023242673267477557
ecos1: 0.014820298675895847 ± 0.023659983636645083
esin1: -0.0010363763649094446 ± 0.02229739946984033
mu_2: 3.1672893933910553e-6 ± 2.801637806702762e-7
P_2: 365.2564601762408 ± 2.4355461242839065e-5
t02: 3624.4021865711047 ± 0.000308315133298731
ecos2: 0.023740859877881562 ± 0.018423974304208154
esin2: 0.0015086096366264594 ± 0.0177468576656511
mu_3: 0.0006742251870342455 ± 0.0003352994884290653
P_3: 4201.474158475559 ± 96.24937118552279
t03: 549.8012633942856 ± 241.40076515929314
ecos3: 0.008890701259393879 ± 0.06600555091152902
esin3: -0.06988727352221895 ± 0.042938128069962916
Retrieved Earth masses:
[0.817034551292567, 1.0544483312080843, 224.46184576950074]
 ± [0.12615367447917014, 0.09327162576591438, 111.62730717524298]
Retrieved eccentricity:
[0.02095906738587193, 0.033574646021699364, 0.01257335030004238]
 ± [0.03346026974446898, 0.026055434333824578, 0.09334594529099215]
