Global Fit Results.
chi^2: 2.1051207208874025
per 3 range=[4017.75 - 4748.25, length=100]
mu_1: 2.3822922535850806e-6 ± 6.880496171829999e-7
P_1: 224.70077966525778 ± 1.860904511439123e-5
t01: 3503.765415344612 ± 0.0004314128226810608
ecos1: 0.0025883774975070913 ± 0.027268280564744226
esin1: -0.0048408901436530795 ± 0.029806824132812965
mu_2: 3.0739104803845824e-6 ± 4.515732116411859e-7
P_2: 365.25646844040017 ± 3.9077422201008026e-5
t02: 3624.402133188653 ± 0.0005748780471484514
ecos2: 0.015476650006772098 ± 0.02126051462636306
esin2: -0.0012725817085913898 ± 0.0241424749401835
mu_3: 0.0009311523864765719 ± 0.0006213033467719626
P_3: 4233.106208175113 ± 166.88479897940567
t03: 562.8858616541281 ± 411.4732119412392
ecos3: 0.03709548067189033 ± 0.06874075718121724
esin3: -0.04688609381190924 ± 0.04668940987493511
Retrieved Earth masses:
[0.7931084846507379, 1.0233607901721575, 309.9975903905097]
 ± [0.22906425037789363, 0.1503369475573947, 206.8432011753359]
Retrieved eccentricity:
[0.0036605185615158605, 0.021887288339678755, 0.052460931868936314]
 ± [0.03856317219725596, 0.030066908127634195, 0.09721411109347314]
