Global Fit Results.
chi^2: 2.7047540801860355
per 3 range=[4017.75 - 4748.25, length=100]
mu_1: 2.4340009137566674e-6 ± 6.661114202900619e-7
P_1: 224.7007771184576 ± 1.6678936993912078e-5
t01: 3503.765455958148 ± 0.0004154392650691263
ecos1: 0.006414293502795285 ± 0.030429003358011065
esin1: -0.002248439693370577 ± 0.03190084960405485
mu_2: 3.0898105958321964e-6 ± 4.4732156818794706e-7
P_2: 365.25645383702204 ± 3.368512207468177e-5
t02: 3624.402287127289 ± 0.0005396250941962208
ecos2: 0.01846975043977968 ± 0.023728627873246276
esin2: 0.000660465998462777 ± 0.025649972329042692
mu_3: 0.0009017643791670699 ± 0.0006206621469643916
P_3: 4270.756043876189 ± 157.0697576009139
t03: 526.445603908952 ± 414.48727848731704
ecos3: 0.03215545285275933 ± 0.07098049960738974
esin3: -0.03670743445981718 ± 0.04181727541263857
Retrieved Earth masses:
[0.8103232394946455, 1.0286542282251299, 300.2137874548841]
 ± [0.22176062502817276, 0.1489214980081637, 206.62973407994673]
Retrieved eccentricity:
[0.009071180864694718, 0.026120171565582863, 0.045474677528620874]
 ± [0.0430331092383957, 0.03355734735484913, 0.10038158520878872]
