Global Fit Results.
chi^2: 2.3943513102311496
per 3 range=[4017.75 - 4748.25, length=100]
mu_1: 2.5985959739298153e-6 ± 7.101583606439827e-7
P_1: 224.70078815706236 ± 2.030926192412749e-5
t01: 3503.76530551398 ± 0.00034142131142145005
ecos1: 0.02571794304358879 ± 0.04425739069477065
esin1: 0.002081747519494031 ± 0.03584657801809135
mu_2: 3.1820521652633913e-6 ± 4.3672886487422935e-7
P_2: 365.25643073890063 ± 5.817726689207964e-5
t02: 3624.402417265016 ± 0.0005740985028037786
ecos2: 0.03294806362556711 ± 0.03475128583655574
esin2: 0.0037593660421507517 ± 0.028071983358992563
mu_3: 0.0006320299459585637 ± 0.000486577704149413
P_3: 4324.375829418418 ± 292.21183455606297
t03: 4659.631143612009 ± 311.89509615751496
ecos3: -0.008827412500019194 ± 0.11139536847914963
esin3: -0.08102190139971222 ± 0.07564894276792938
Retrieved Earth masses:
[0.8651199331238473, 1.0593631268681436, 210.41428142946444]
 ± [0.23642465378662078, 0.1453949941290302, 161.990580719904]
Retrieved eccentricity:
[0.03637066384858206, 0.04659559843320866, 0.012483846478188934]
 ± [0.06258940215578947, 0.049145739739961176, 0.15753684088876177]
