Global Fit Results.
chi^2: 1.5995191042701535
per 3 range=[4017.75 - 4748.25, length=100]
mu_1: 2.690014589935426e-6 ± 8.616055165812421e-7
P_1: 224.70079336439943 ± 2.501235724064504e-5
t01: 3503.765263191146 ± 0.0003945561683237266
ecos1: 0.03218226775746596 ± 0.05458097933660219
esin1: 0.004061621770716282 ± 0.040866979836112885
mu_2: 3.2679927712163204e-6 ± 5.345790008165094e-7
P_2: 365.2564208664951 ± 6.661923972395582e-5
t02: 3624.4025170497657 ± 0.0006691199528945914
ecos2: 0.03863106727922538 ± 0.0430470642444127
esin2: 0.004717512444434503 ± 0.0321135432630134
mu_3: 0.0006058660803504148 ± 0.000517150681437186
P_3: 4395.747161228018 ± 392.6500075760548
t03: 4620.422691886467 ± 352.1782104894901
ecos3: -0.018251895078811396 ± 0.13169758049332436
esin3: -0.08423881316359055 ± 0.08787575329276005
Retrieved Earth masses:
[0.8955548555813945, 1.0879743199972487, 201.70385399393174]
 ± [0.2868441706067363, 0.1779710867235733, 172.16888174551372]
Retrieved eccentricity:
[0.04551259953053073, 0.05463257927522803, 0.025812077559465827]
 ± [0.07718916122542847, 0.06087774207479437, 0.1862485044653817]
