Global Fit Results.
chi^2: 1.3813631529486476
per 3 range=[4017.75 - 4748.25, length=100]
mu_1: 2.6052391460488653e-6 ± 7.798422082971038e-7
P_1: 224.7007974689533 ± 2.653589362470407e-5
t01: 3503.7652212134412 ± 0.0004023039596113445
ecos1: 0.021596636798645912 ± 0.04784700333844921
esin1: 0.002830661497590457 ± 0.03923221875108545
mu_2: 3.19416184551013e-6 ± 4.966987469172477e-7
P_2: 365.2564204972836 ± 6.650588347382071e-5
t02: 3624.4024921159717 ± 0.0006693830533956466
ecos2: 0.030663338760523413 ± 0.03733601808648883
esin2: 0.003855973487329849 ± 0.03105442142626601
mu_3: 0.0006950045044488841 ± 0.0005882274449993929
P_3: 4346.465675829856 ± 428.76382357379174
t03: 4653.8061463613285 ± 360.6389555159343
ecos3: 0.0024596468966780346 ± 0.11276213664712438
esin3: -0.07399254640998308 ± 0.07473048283904757
Retrieved Earth masses:
[0.8673315661276002, 1.0633946600000013, 231.37965903191633]
 ± [0.25962367596101166, 0.16536006021202038, 195.8316309979901]
Retrieved eccentricity:
[0.03054225666229091, 0.04336450954277282, 0.0034784659999309714]
 ± [0.06766588104014563, 0.05280110314291967, 0.1594697429685315]
