Global Fit Results.
chi^2: 14.39567195631499
per 3 range=[4017.75 - 4748.25, length=100]
mu_1: 2.689991123034167e-6 ± 2.8719836662194557e-7
P_1: 224.70079336438215 ± 8.33745764027223e-6
t01: 3503.7652631913566 ± 0.00013151883325192168
ecos1: 0.032180440876693014 ± 0.01819325289105486
esin1: 0.0040609857941669 ± 0.01362228242402574
mu_2: 3.267981536842605e-6 ± 1.7818937863556003e-7
P_2: 365.2564208670764 ± 2.2206348581996466e-5
t02: 3624.40251704407 ± 0.00022303891371514147
ecos2: 0.0386296351071991 ± 0.014348691677914945
esin2: 0.004717058103114993 ± 0.010704486362156495
mu_3: 0.0006058825118744326 ± 0.00017238911518386508
P_3: 4395.743852019025 ± 130.88196938727899
t03: 4620.43098954077 ± 117.39309951906587
ecos3: -0.01824799497343866 ± 0.043897900670550306
esin3: -0.0842359999848776 ± 0.029291310281559953
Retrieved Earth masses:
[0.895547043022516, 1.0879705798696049, 201.7093243475773]
 ± [0.09561356756414582, 0.05932248986572897, 57.391476510912405]
Retrieved eccentricity:
[0.04551001593096479, 0.054630553878124814, 0.025806561977553016]
 ± [0.0257291449822133, 0.020292114373217277, 0.062081006487999225]
