Global Fit Results.
chi^2: 211.64673185660743
per 3 range=[4017.75 - 4748.25, length=100]
mu_1: 2.4541562804265293e-6 ± 6.315596690749212e-8
P_1: 224.70078887712177 ± 1.926997871936529e-6
t01: 3503.7653015428295 ± 3.873777960935812e-5
ecos1: 0.014820146067152769 ± 0.003943332302570193
esin1: -0.00103688406421728 ± 0.0037162462674724924
mu_2: 3.167288501230669e-6 ± 4.669388640671346e-8
P_2: 365.2564601763008 ± 4.059254223608254e-6
t02: 3624.4021865693126 ± 5.1385998010076074e-5
ecos2: 0.023740745391957103 ± 0.0030706600751883983
esin2: 0.0015082175821904086 ± 0.0029578232541318922
mu_3: 0.0006742263154395162 ± 5.588347097896184e-5
P_3: 4201.47227886859 ± 16.041261346202845
t03: 4751.280218106891 ± 32.92419222731165
ecos3: 0.008890684543271833 ± 0.011000893420959487
esin3: -0.06988683485654608 ± 0.007156475193559325
Retrieved Earth masses:
[0.8170333281888675, 1.0544480341916411, 224.46222143616927]
 ± [0.021025771768881058, 0.015545245313521564, 18.604625405824507]
Retrieved eccentricity:
[0.020958851564517732, 0.03357448411415229, 0.012573326659875872]
 ± [0.005576714023238691, 0.00434256912376902, 0.01555761267414186]
