Global Fit Results.
chi^2: 58.200802702565746
per 3 range=[4017.75 - 4748.25, length=200]
mu_1: 2.2912650266563785e-6 ± 2.2576516842791086e-7
P_1: 224.7007933334065 ± 7.295586816865819e-6
t01: 3503.7652163185157 ± 0.0001259680306854035
ecos1: 0.01798205575598085 ± 0.013250233238537442
esin1: -0.013645584599794007 ± 0.012432462702038743
mu_2: 3.2125989047041946e-6 ± 1.4690776052655222e-7
P_2: 365.25642581750026 ± 1.8993571429548593e-5
t02: 3624.4024697333525 ± 0.00019645675198215064
ecos2: 0.028020001267758998 ± 0.010083687110514888
esin2: -0.007656657422254468 ± 0.009957405725993214
mu_3: 0.0008036598096404819 ± 0.00019883337088305044
P_3: 4329.424725242311 ± 89.65557952570283
t03: 466.9647544320852 ± 165.511655323931
ecos3: 0.013975866912465655 ± 0.028402165853108046
esin3: -0.042515988437259004 ± 0.01693223240469368
Retrieved Earth masses:
[0.762803862746042, 1.069532692836575, 267.5529892856194]
 ± [0.07516133688019157, 0.04890826940284393, 66.19525091505417]
Retrieved eccentricity:
[0.022573353944005295, 0.029047286859997447, 0.04475415208393623]
