Global Fit Results.
chi^2: 1.397143114241168
per 3 range=[4017.75 - 4748.25, length=100]
mu_1: 2.461833348810441e-6 ± 7.873852886637435e-7
P_1: 224.70079086033834 ± 2.4228200950566143e-5
t01: 3503.765277311023 ± 0.0004732568951774801
ecos1: 0.0161107060122686 ± 0.04964397593966397
esin1: -0.00015018876627648982 ± 0.045790537722654984
mu_2: 3.147060629150068e-6 ± 5.752647642299363e-7
P_2: 365.25646038718327 ± 5.2371817162992956e-5
t02: 3624.4021841029003 ± 0.0006378328220973444
ecos2: 0.02485023354829995 ± 0.038802061229376905
esin2: 0.002147014204156313 ± 0.03641784912530183
mu_3: 0.0006523864091209591 ± 0.0006645618965910997
P_3: 4193.484874376836 ± 206.63894321490017
t03: 556.5341421479652 ± 499.0345298190257
ecos3: 0.004930790332299779 ± 0.13961098643520745
esin3: -0.07198175133206415 ± 0.08976188388462433
Retrieved Earth masses:
[0.8195891640916041, 1.0477138071254986, 217.19131880902182]
 ± [0.2621349048122079, 0.19151611845472277, 221.2447603642278]
Retrieved eccentricity:
[0.022783978941956013, 0.03514353731214467, 0.006973190561156487]
 ± [0.07020718406399641, 0.05487440123861607, 0.19743975047295656]
