Global Fit Results.
chi^2: 57.82738766359199
per 3 range=[4017.75 - 4675.2, length=100]
mu_1: 2.5216241307315987e-6 ± 9.419341008665632e-8
P_1: 224.70081031908677 ± 5.532110266065649e-6
t01: 3503.76512543518 ± 6.211745708372329e-5
ecos1: 0.020620730468791197 ± 0.005694706233637091
esin1: 0.0006937348390298747 ± 0.005692262937634698
mu_2: 3.176796488708636e-6 ± 6.503647843395516e-8
P_2: 365.25641337741837 ± 2.093690575952071e-5
t02: 3624.4024984711195 ± 0.00015980210328700036
ecos2: 0.028597970985039422 ± 0.0044831420178591055
esin2: 0.0024459573938337554 ± 0.004446066569323424
mu_3: 0.0006960157616190338 ± 8.344889283914844e-5
P_3: 4321.532088261074 ± 95.60542272622946
t03: 4664.39417413351 ± 47.602093527594626
ecos3: 0.0052128642854232365 ± 0.015014941475788175
esin3: -0.07581104350042461 ± 0.014466801123991702
Retrieved Earth masses:
[0.8394946044817198, 1.0576134164109638, 231.71632496389952]
 ± [0.03135870194997698, 0.021651828309541377, 27.781656446995264]
Retrieved eccentricity:
[0.020632396688058746, 0.02870238059871701, 0.07599005376153851]
 ± [0.00805180330352119, 0.006313958369450117, 0.020850342977574054]
