Global Fit Results.
chi^2: 0.9918790243086156
per 3 range=[4017.75 - 4748.25, length=100]
mu_1: 2.5877197606259577e-6 ± 7.924583128967514e-7
P_1: 224.70080485643126 ± 2.9473077304331665e-5
t01: 3503.7651610185408 ± 0.000414401265447767
ecos1: 0.022748812484616826 ± 0.04858307170187134
esin1: 0.001960670676031842 ± 0.042045298218825515
mu_2: 3.1387521098189417e-6 ± 5.100994147223214e-7
P_2: 365.2564205501712 ± 6.972689690284406e-5
t02: 3624.402477215093 ± 0.0006740709132354352
ecos2: 0.03113121470022665 ± 0.03803830933987603
esin2: 0.0036469251769689266 ± 0.033056330199384844
mu_3: 0.000692146601914805 ± 0.0005970168830128805
P_3: 4334.146531349934 ± 432.4369141033128
t03: 4650.840402382299 ± 365.2812271511043
ecos3: 0.004766605627486089 ± 0.11351250250149124
esin3: -0.0779771319471607 ± 0.07792380169019089
Retrieved Earth masses:
[0.8614990436048641, 1.0449477497005606, 230.4282112216521]
 ± [0.2638238069844676, 0.16982138661737461, 198.75779501221555]
Retrieved eccentricity:
[0.0321716791436275, 0.04402618604220919, 0.006740998324874744]
 ± [0.06870683890253097, 0.053794292958195856, 0.1605309205365188]
