Global Fit Results.
chi^2: 0.6639851324088186
per 3 range=[4017.75 - 4748.25, length=100]
mu_1: 2.587721222467949e-6 ± 9.685605540794646e-7
P_1: 224.70080485643348 ± 3.602264258663191e-5
t01: 3503.765161018689 ± 0.0005064900621135326
ecos1: 0.022748929150314432 ± 0.05937926122912892
esin1: 0.0019607405321681697 ± 0.051388929601716565
mu_2: 3.138753029967163e-6 ± 6.234567827701543e-7
P_2: 365.2564205501146 ± 8.522193868868742e-5
t02: 3624.4024772162647 ± 0.0008238667359398331
ecos2: 0.031131310399735358 ± 0.04649122400894882
esin2: 0.003646979579598809 ± 0.04040239083342532
mu_3: 0.000692147067530674 ± 0.0007296825799708122
P_3: 4334.1475402771075 ± 528.5362638651471
t03: 4650.839925248717 ± 446.4567512335259
ecos3: 0.004766742923471214 ± 0.1387365925783984
esin3: -0.07797702334827941 ± 0.09523971191203165
Retrieved Earth masses:
[0.8614995302786906, 1.044948056034664, 230.42836623365608]
 ± [0.32245145077495374, 0.2075601192439515, 242.9246220340042]
Retrieved eccentricity:
[0.03217184413383932, 0.044026321381752324, 0.006741192490718966]
 ± [0.08397495655392902, 0.06574851952478107, 0.1962031708218015]
