Global Fit Results.
chi^2: 3.457579083167169
per 3 range=[4017.75 - 4748.25, length=100]
mu_1: 2.42173620343051e-6 ± 5.702541085805035e-7
P_1: 224.70077517024123 ± 1.3400999659809299e-5
t01: 3503.765481748236 ± 0.0003651745896259979
ecos1: 0.004110658804920113 ± 0.026133822717160797
esin1: -0.0017453852609248671 ± 0.029062406712061242
mu_2: 3.0710272506647983e-6 ± 3.928444456398973e-7
P_2: 365.2564514904623 ± 2.938171263307167e-5
t02: 3624.402294371332 ± 0.0004915929915773559
ecos2: 0.016596601599634407 ± 0.020444487999655064
esin2: 0.0010203183585447914 ± 0.023343913321915145
mu_3: 0.0008644546480529545 ± 0.0005394707293855116
P_3: 4243.572340953258 ± 133.28597187028512
t03: 570.2823383053922 ± 384.30802184751496
ecos3: 0.02639597807007535 ± 0.06810155295345778
esin3: -0.037418633484074953 ± 0.040514304528587806
Retrieved Earth masses:
[0.8062400940254779, 1.0224009104804375, 287.7926983705738]
 ± [0.1898479799199784, 0.130785071611614, 179.59963226698667]
Retrieved eccentricity:
[0.005813349432206402, 0.023471139071505984, 0.03732955017880335]
 ± [0.03695880652326289, 0.02891287220488618, 0.0963101398054495]
