Global Fit Results.
chi^2: 2.7148215639212383
per 3 range=[4017.75 - 4748.25, length=100]
mu_1: 2.3838656639942725e-6 ± 5.887446764704305e-7
P_1: 224.70078827683113 ± 1.951555582079777e-5
t01: 3503.765308581263 ± 0.00033628592651458865
ecos1: 0.016689100158121268 ± 0.037269238988514676
esin1: -0.002037988870476268 ± 0.03368604386439427
mu_2: 3.127718415716975e-6 ± 3.93597407324498e-7
P_2: 365.2564422258603 ± 5.447233863349968e-5
t02: 3624.4023400995425 ± 0.0005543759070121379
ecos2: 0.025712667677778103 ± 0.02883929506118392
esin2: 0.0005662914104788656 ± 0.02663599201269956
mu_3: 0.0006960032466906091 ± 0.0005332879752417852
P_3: 4307.7961565307705 ± 294.42821433268995
t03: 4719.0920226013795 ± 313.4641505786144
ecos3: 0.004670043579250888 ± 0.09817152497591855
esin3: -0.06688824415922692 ± 0.06341901237996772
Retrieved Earth masses:
[0.7936323016356145, 1.0412744319553757, 231.71215851626764]
 ± [0.19600382677606518, 0.131035746271608, 177.54128079372828]
Retrieved eccentricity:
[0.02360195178741806, 0.03636320335470611, 0.0066044389666499986]
 ± [0.052706663236881585, 0.040784922204805715, 0.13883550205979306]
