Global Fit Results.
chi^2: 89.41044936702859
per 3 range=[4017.75 - 4748.25, length=200]
mu_1: 2.5264496909381653e-6 ± 1.6742383290182603e-7
P_1: 224.70077350178306 ± 4.655734794207206e-6
t01: 3503.76559379162 ± 0.0001079342243239097
ecos1: 0.006913625937811057 ± 0.008283987960350535
esin1: 0.005883931127204559 ± 0.00817596823349954
mu_2: 3.0792086286352053e-6 ± 1.1874340697565124e-7
P_2: 365.2564641988771 ± 9.862560361718302e-6
t02: 3624.402186078897 ± 0.00014530795432955674
ecos2: 0.018232192272364344 ± 0.006642881174723216
esin2: 0.006505949029173672 ± 0.006442724900788147
mu_3: 0.0008676729068538953 ± 0.00015685962811478235
P_3: 4252.929707074888 ± 40.88932784454867
t03: 405.68015759254536 ± 104.04354629534693
ecos3: 0.03341156176957115 ± 0.01997605818326859
esin3: -0.05565051747587147 ± 0.01289259599589825
Retrieved Earth masses:
[0.8411011213720223, 1.0251246402305132, 288.86411534596255]
 ± [0.05573844359664889, 0.03953184309229893, 52.22142739614557]
Retrieved eccentricity:
[0.009078483855669983, 0.01935820776380572, 0.06491003431838674]
