Global Fit Results.
chi^2: 9.543694482974832
per 3 range=[4017.75 - 4748.25, length=100]
mu_1: 2.31069522253799e-6 ± 3.383996701000536e-7
P_1: 224.70077736816194 ± 8.603484824870628e-6
t01: 3503.765452320775 ± 0.0002098303520021861
ecos1: 0.003864662532718638 ± 0.01333679098715641
esin1: -0.004852012374986072 ± 0.014451775028667782
mu_2: 3.0721588572559455e-6 ± 2.2176632499973677e-7
P_2: 365.2564614132735 ± 1.807177986389826e-5
t02: 3624.4022075983157 ± 0.00027734717383148013
ecos2: 0.016358487643853354 ± 0.010368563139169966
esin2: -0.0013262351995551038 ± 0.011677419269770901
mu_3: 0.000980200598841969 ± 0.0003121412656938871
P_3: 4254.097509757243 ± 78.23402508060884
t03: 4811.466037663384 ± 150.62328525057416
ecos3: 0.04116969812224722 ± 0.030654557122624333
esin3: -0.037926399724467874 ± 0.018683859471659906
Retrieved Earth masses:
[0.769272528875876, 1.0227776429268345, 326.3266336997035]
 ± [0.1126594141232966, 0.07383004906405484, 103.91751299988046]
Retrieved eccentricity:
[0.005465458167765853, 0.02313439508585011, 0.05822274544328816]
 ± [0.018861070692571855, 0.014663362613735919, 0.04335209043135609]
