Global Fit Results.
chi^2: 6.536985455320887
per 3 range=[4017.75 - 4748.25, length=100]
mu_1: 2.4217388970944395e-6 ± 4.147314883379927e-7
P_1: 224.70077517021707 ± 9.746183674651395e-6
t01: 3503.765481748726 ± 0.0002655814914992677
ecos1: 0.004110696633135443 ± 0.019006513375970827
esin1: -0.0017449566352199094 ± 0.02113690225649351
mu_2: 3.0710271385159632e-6 ± 2.8570651383810595e-7
P_2: 365.25645149008903 ± 2.1368584419895164e-5
t02: 3624.402294377059 ± 0.00035752203280958565
ecos2: 0.016596625856921253 ± 0.014868803877665917
esin2: 0.0010206788239606503 ± 0.01697788299225308
mu_3: 0.0008644587119480137 ± 0.0003923429361994038
P_3: 4243.5762383381325 ± 96.93515088991954
t03: 570.2687470272249 ± 279.5062898739375
ecos3: 0.026396701893213033 ± 0.04952810462911444
esin3: -0.037419214993609604 ± 0.029464965168201983
Retrieved Earth masses:
[0.806240990795265, 1.0224008731440477, 287.79405131526283]
 ± [0.13807166679809854, 0.09511690259832038, 130.61810998388373]
Retrieved eccentricity:
[0.005813402929381563, 0.023471173376490028, 0.037330573819301424]
 ± [0.026879268989723582, 0.021027664100060805, 0.0700433172851273]
