Global Fit Results.
chi^2: 432.06334616442103
per 3 range=[4090.7999999999997 - 4346.475, length=200]
mu_1: 2.40001550695648e-6 ± 5.6843830271333526e-8
P_1: 224.70077999162055 ± 1.3911567923704957e-6
t01: 3503.7654093542637 ± 3.464637916038792e-5
ecos1: 0.009659610779839093 ± 0.0027060102102319725
esin1: -0.0028386874280442558 ± 0.002801088029884551
mu_2: 3.09407333504067e-6 ± 3.790759626547986e-8
P_2: 365.25645522571585 ± 2.8092044586657412e-6
t02: 3624.4022510242166 ± 4.498329046506251e-5
ecos2: 0.02104714894337887 ± 0.0021092790418127177
esin2: 0.0004529240312662433 ± 0.002253266044745306
mu_3: 0.000895363332923319 ± 5.2172649563552145e-5
P_3: 4292.1178561262595 ± 12.847173923026547
t03: 497.5350671099043 ± 34.14935906063179
ecos3: 0.03349921701889758 ± 0.005849819856723917
esin3: -0.03232766836991603 ± 0.0033839529494540765
Retrieved Earth masses:
[0.7990088785269795, 1.0300733717533876, 298.0827625653389]
 ± [0.018924346507191034, 0.012620129283307925, 17.36922536405546]
Retrieved eccentricity:
[0.010068079595042946, 0.021052021727683848, 0.046554008238974084]
 ± [0.0038946868178381428, 0.0030864649592426173, 0.006758071464570374]
