Global Fit Results.
chi^2: 480.5122359680987
per 3 range=[4017.75 - 4748.25, length=200]
mu_1: 2.374130539051579e-6 ± 5.100274793911676e-8
P_1: 224.7007755841762 ± 1.1796393319584e-6
t01: 3503.7654552356066 ± 3.282092294670738e-5
ecos1: 0.003989223127853377 ± 0.002192495236736914
esin1: -0.004352101250317803 ± 0.002445909313841187
mu_2: 3.063898029421637e-6 ± 3.448976671770401e-8
P_2: 365.2564527513784 ± 2.6067002838287644e-6
t02: 3624.402297397016 ± 4.437781048440417e-5
ecos2: 0.01637679240650346 ± 0.0017007136002427225
esin2: -0.001034805859725616 ± 0.001978251620437777
mu_3: 0.0009397209338010992 ± 4.897692239438088e-5
P_3: 4253.415563088661 ± 11.275662856757094
t03: 569.5784724141215 ± 32.4531711745345
ecos3: 0.031741469765186284 ± 0.005372496969875684
esin3: -0.03420045419022306 ± 0.0032763027952260374
Retrieved Earth masses:
[0.7903913012169773, 1.0200274628698875, 312.85021587085834]
 ± [0.01697974380353321, 0.011482271571118452, 16.30530957929631]
Retrieved eccentricity:
[0.005903785773282942, 0.016409453150334777, 0.046660389729103]
