Global Fit Results.
chi^2: 1.7374858010862986
per 3 range=[4017.75 - 4748.25, length=100]
mu_1: 2.3838673400111155e-6 ± 7.359328908863907e-7
P_1: 224.70078827684893 ± 2.439443799304964e-5
t01: 3503.7653085811585 ± 0.00042035702777825084
ecos1: 0.016689390255247998 ± 0.04658667154114097
esin1: -0.0020382341302986836 ± 0.042107611365297413
mu_2: 3.127719974549826e-6 ± 4.919961614491381e-7
P_2: 365.25644222609554 ± 6.809037004411364e-5
t02: 3624.4023400975884 ± 0.0006929700431378314
ecos2: 0.025712892863408117 ± 0.036049205776753065
esin2: 0.0005660922202935156 ± 0.03329501265660168
mu_3: 0.0006960000246124775 ± 0.0006666055130486253
P_3: 4307.794029237175 ± 368.0322658595697
t03: 4719.09487052581 ± 391.82898942095454
ecos3: 0.00466951602383022 ± 0.12271454570981785
esin3: -0.06688821080694665 ± 0.07927386928263032
Retrieved Earth masses:
[0.7936328596121501, 1.0412749509192258, 231.71108582776753]
 ± [0.24500546438715815, 0.16379448385213413, 221.92511750739374]
Retrieved eccentricity:
[0.02360236204670909, 0.036363521815278126, 0.006603692890619186]
 ± [0.06588350271930225, 0.05098127572226271, 0.1735445748432775]
