Global Fit Results.
chi^2: 3.7424368400488746
per 3 range=[4017.75 - 4748.25, length=100]
mu_1: 2.3822940849859732e-6 ± 5.160355883460174e-7
P_1: 224.70077966525042 ± 1.3956763953700893e-5
t01: 3503.765415344893 ± 0.000323559200246481
ecos1: 0.0025886694035666866 ± 0.020451436429082197
esin1: -0.004841142427673754 ± 0.022354730449506383
mu_2: 3.0739124204560443e-6 ± 3.386800080310459e-7
P_2: 365.25646844029467 ± 2.9308073402395278e-5
t02: 3624.4021331904255 ± 0.00043115720605597935
ecos2: 0.015476882858141177 ± 0.015945546935636913
esin2: -0.0012728000377719181 ± 0.018106666482815965
mu_3: 0.0009311466548148024 ± 0.0004659776699909767
P_3: 4233.107678047919 ± 125.16389441913115
t03: 562.8853894250412 ± 308.5985812573093
ecos3: 0.03709470485560955 ± 0.05155614438612502
esin3: -0.046886167026945494 ± 0.0350176299565438
Retrieved Earth masses:
[0.793109094357454, 1.0233614360572856, 309.9956822159045]
 ± [0.17179764694405292, 0.11275274372687687, 155.13245411912112]
Retrieved eccentricity:
[0.003660931379024279, 0.02188761764124292, 0.05245983469903013]
 ± [0.028922698768019225, 0.022550408735834467, 0.0729113986145235]
