Global Fit Results.
chi^2: 58.271562875429716
per 3 range=[4017.75 - 4748.25, length=200]
mu_1: 2.364820643879767e-6 ± 2.0639119449893258e-7
P_1: 224.7007927318741 ± 6.63980992469748e-6
t01: 3503.76513806333 ± 0.00012209161624664882
ecos1: 0.013337377637361168 ± 0.009984120459859068
esin1: -0.009036813753831157 ± 0.010498814039173984
mu_2: 3.0834885227155136e-6 ± 1.3417005862070181e-7
P_2: 365.2564637992195 ± 1.4588413198631121e-5
t02: 3624.402138652852 ± 0.00016714597512057595
ecos2: 0.02286568917464133 ± 0.007624768500599988
esin2: -0.0034952698320137783 ± 0.008392349141655575
mu_3: 0.000839448614136961 ± 0.00017816848631735355
P_3: 4145.353023191814 ± 57.62158234310039
t03: 4840.543368128452 ± 88.43145178063254
ecos3: 0.0249106721858993 ± 0.023926104744570333
esin3: -0.06093432893861322 ± 0.016830307458565192
Retrieved Earth masses:
[0.7872918675346233, 1.0265494949280807, 279.4677341952537]
 ± [0.06871138806247146, 0.04466765642125912, 59.31553443244465]
Retrieved eccentricity:
[0.016110544530307278, 0.02313129163341069, 0.06582958325823166]
