Global Fit Results.
chi^2: 0.8997294972696869
per 3 range=[4017.75 - 4748.25, length=100]
mu_1: 2.689991123034167e-6 ± 1.1487934664877823e-6
P_1: 224.70079336438215 ± 3.334983056108892e-5
t01: 3503.7652631913566 ± 0.0005260753330076867
ecos1: 0.032180440876693014 ± 0.07277301156421943
esin1: 0.0040609857941669 ± 0.05448912969610296
mu_2: 3.267981536842605e-6 ± 7.127575145422401e-7
P_2: 365.2564208670764 ± 8.882539432798586e-5
t02: 3624.40251704407 ± 0.0008921556548605659
ecos2: 0.0386296351071991 ± 0.05739476671165978
esin2: 0.004717058103114993 ± 0.04281794544862598
mu_3: 0.0006058825118744326 ± 0.0006895564607354603
P_3: 4395.743852019025 ± 523.5278775491159
t03: 4620.43098954077 ± 469.5723980762635
ecos3: -0.01824799497343866 ± 0.17559160268220123
esin3: -0.0842359999848776 ± 0.11716524112623981
Retrieved Earth masses:
[0.895547043022516, 1.0879705798696049, 201.7093243475773]
 ± [0.3824542702565833, 0.23728995946291587, 229.56590604364962]
Retrieved eccentricity:
[0.04551001593096479, 0.054630553878124814, 0.025806561977553016]
 ± [0.1029165799288532, 0.0811684574928691, 0.2483240259519969]
