Global Fit Results.
chi^2: 6.477172423283201
per 3 range=[4017.75 - 4675.2, length=100]
mu_1: 2.5312536947317807e-6 ± 2.64959382458439e-7
P_1: 224.7008120394312 ± 1.4123708819788665e-5
t01: 3503.765113044576 ± 0.00017407687450252278
ecos1: 0.020302392849349194 ± 0.01703359279594252
esin1: 1.4230014758046186e-5 ± 0.01549298610663327
mu_2: 3.1722094634360534e-6 ± 1.872489165479224e-7
P_2: 365.25641629310866 ± 5.286578573649654e-5
t02: 3624.402483442529 ± 0.00043311368635880876
ecos2: 0.02842534615064119 ± 0.013378110529406467
esin2: 0.0019978025301876463 ± 0.012128007783532062
mu_3: 0.000695849751877407 ± 0.00024279483522238396
P_3: 4325.482068081858 ± 283.58056119480074
t03: 341.1175521155652 ± 363.8820675673594
ecos3: 0.0037886764700594375 ± 0.04236508263636135
esin3: -0.07655226685642953 ± 0.04158729089246771
Retrieved Earth masses:
[0.8427004617398033, 1.0560863121450965, 231.661057297046]
 ± [0.08820980465321523, 0.062338575056157114, 80.83082315130125]
Retrieved eccentricity:
[0.020302397836280947, 0.028495464880106732, 0.07664596290903247]
 ± [0.02302554889765533, 0.018057198402145067, 0.05936584026660832]
