Global Fit Results.
chi^2: 179.89662938873255
per 3 range=[4090.7999999999997 - 4529.1, length=200]
mu_1: 2.3224271050570218e-6 ± 6.503656562663586e-8
P_1: 224.70079191746734 ± 2.2074920396203996e-6
t01: 3503.7652584553807 ± 4.0548975911745234e-5
ecos1: 0.007210051235346087 ± 0.0033820767544675465
esin1: -0.00020558475993649248 ± 0.0034378222867491614
mu_2: 3.0282394040240408e-6 ± 4.470448419175928e-8
P_2: 365.2564523065609 ± 5.1953053213692015e-6
t02: 3624.4022359469573 ± 5.900399142443586e-5
ecos2: 0.018120416354259216 ± 0.0026037563650430575
esin2: 0.002731251866062148 ± 0.0027246534413626153
mu_3: 0.0008076303673394652 ± 6.507561752989501e-5
P_3: 4272.816519058954 ± 27.395619000438334
t03: 462.2651513450233 ± 51.89601553318677
ecos3: 0.028739191664459606 ± 0.008598538950781012
esin3: -0.05896685980888226 ± 0.006000993041248622
Retrieved Earth masses:
[0.7731782862625978, 1.0081560569534824, 268.87486026728413]
 ± [0.021651857337572994, 0.014882937079219623, 21.66485842749804]
Retrieved eccentricity:
[0.007212981624115909, 0.018325098242780932, 0.06559749761421482]
