Global Fit Results.
chi^2: 169.01931039395353
per 3 range=[4017.75 - 4748.25, length=200]
mu_1: 2.768845839985103e-6 ± 1.0336807714904333e-7
P_1: 224.70079294236143 ± 2.790098473351973e-6
t01: 3503.765225580043 ± 4.417692773858502e-5
ecos1: 0.03718167480847984 ± 0.006691576830340639
esin1: 0.00015450979076375962 ± 0.004669244351297274
mu_2: 3.2438776159005042e-6 ± 6.241413486983745e-8
P_2: 365.2564130551563 ± 7.756841004356687e-6
t02: 3624.4025614697803 ± 7.826578162571525e-5
ecos2: 0.042411850777112785 ± 0.005286262990185409
esin2: 0.0016992251723505142 ± 0.003671441996569224
mu_3: 0.0005401717888829215 ± 5.4160652173286014e-5
P_3: 4432.804038217935 ± 50.21307046671033
t03: 4626.159275531628 ± 42.430339091547545
ecos3: -0.04581106213502161 ± 0.01797489415502972
esin3: -0.08892009628700091 ± 0.011323033113284139
Retrieved Earth masses:
[0.9217992146334524, 1.0799459455352736, 179.83302774346694]
 ± [0.034413115731524765, 0.02077880237108183, 18.031067644285766]
Retrieved eccentricity:
[0.03718199584259815, 0.04244587674352401, 0.10002718099410943]
