Global Fit Results.
chi^2: 111.8904153786344
per 3 range=[4017.75 - 4748.25, length=100]
mu_1: 2.605241162146587e-6 ± 8.664944302719042e-8
P_1: 224.7007974689124 ± 2.9484327798296036e-6
t01: 3503.7652212141625 ± 4.470045337449067e-5
ecos1: 0.021596923306311674 ± 0.005316381685165254
esin1: 0.0028304195105746444 ± 0.004359141613627046
mu_2: 3.1941637465649814e-6 ± 5.5188897181798485e-8
P_2: 365.25642049699184 ± 7.389496537300226e-6
t02: 3624.4024921191603 ± 7.437566806554004e-5
ecos2: 0.030663571092608737 ± 0.004148480105570107
esin2: 0.003855778671471606 ± 0.003450494637731521
mu_3: 0.0006950021943764336 ± 6.5358093504221e-5
P_3: 4346.469268526239 ± 47.64043679317575
t03: 4653.805941865755 ± 40.07095554828858
ecos3: 0.0024587974408968017 ± 0.01252911292152
esin3: -0.07399266313061387 ± 0.008303399153198979
Retrieved Earth masses:
[0.867332237323255, 1.063395292895789, 231.3788899667196]
 ± [0.02884717790258772, 0.018373389137093275, 21.758899824648527]
Retrieved eccentricity:
[0.030542661845317554, 0.04336483810995886, 0.0034772646880445153]
 ± [0.007518499081912632, 0.0058668368285322145, 0.017718841418117574]
