Global Fit Results.
chi^2: 192.10978563716395
per 3 range=[4017.75 - 4748.25, length=200]
mu_1: 2.7333891753728188e-6 ± 9.689082088916507e-8
P_1: 224.70079028513194 ± 2.5567383233861304e-6
t01: 3503.765327708014 ± 4.292234239082878e-5
ecos1: 0.03467568414494941 ± 0.006385820751919698
esin1: 0.010114162365612264 ± 0.00466046713039133
mu_2: 3.2038716432100393e-6 ± 5.969107232444975e-8
P_2: 365.2564420845256 ± 7.460789350891819e-6
t02: 3624.4022905423367 ± 7.327108593904849e-5
ecos2: 0.039429629851559005 ± 0.005079189919437728
esin2: 0.009353508774480417 ± 0.0036339157839201724
mu_3: 0.0005119561573477486 ± 5.082606574734375e-5
P_3: 4297.886463887722 ± 40.101616846436016
t03: 4613.868903243682 ± 39.83890022408336
ecos3: -0.028275457430671388 ± 0.016936428586421512
esin3: -0.1000307273647927 ± 0.011755247353931804
Retrieved Earth masses:
[0.9099950451411914, 1.06662722851818, 170.43953005792977]
 ± [0.03225671913944598, 0.01987224524916216, 16.920923083627418]
Retrieved eccentricity:
[0.03612062224378566, 0.04052386749343201, 0.10395021842229671]
