Global Fit Results.
chi^2: 1.7482877402911625
per 3 range=[4017.75 - 4748.25, length=100]
mu_1: 2.605241162146587e-6 ± 6.931955442175234e-7
P_1: 224.7007974689124 ± 2.358746223863683e-5
t01: 3503.7652212141625 ± 0.00035760362699592535
ecos1: 0.021596923306311674 ± 0.04253105348132203
esin1: 0.0028304195105746444 ± 0.03487313290901637
mu_2: 3.1941637465649814e-6 ± 4.415111774543879e-7
P_2: 365.25642049699184 ± 5.911597229840181e-5
t02: 3624.4024921191603 ± 0.0005950053445243203
ecos2: 0.030663571092608737 ± 0.033187840844560855
esin2: 0.003855778671471606 ± 0.027603957101852167
mu_3: 0.0006950021943764336 ± 0.000522864748033768
P_3: 4346.469268526239 ± 381.123494345406
t03: 4653.805941865755 ± 320.56764438630864
ecos3: 0.0024587974408968017 ± 0.10023290337216
esin3: -0.07399266313061387 ± 0.06642719322559183
Retrieved Earth masses:
[0.867332237323255, 1.063395292895789, 231.3788899667196]
 ± [0.23077742322070177, 0.1469871130967462, 174.07119859718821]
Retrieved eccentricity:
[0.030542661845317554, 0.04336483810995886, 0.0034772646880445153]
 ± [0.060147992655301054, 0.046934694628257716, 0.1417507313449406]
