Global Fit Results.
chi^2: 270.4168436644755
per 3 range=[4017.75 - 4748.25, length=100]
mu_1: 2.381991772929163e-6 ± 5.676243162782738e-8
P_1: 224.70078337440853 ± 1.7566249436131976e-6
t01: 3503.765365228624 ± 3.756743920789478e-5
ecos1: 0.0038667859522055863 ± 0.0025180182777277973
esin1: -0.0012067035663468303 ± 0.0027780907728771967
mu_2: 3.041040428809552e-6 ± 3.9277868776408624e-8
P_2: 365.2564659231833 ± 3.7545794210756737e-6
t02: 3624.402145345291 ± 5.01001239815566e-5
ecos2: 0.016107543389545304 ± 0.001979649000292693
esin2: 0.0019105842299969413 ± 0.002236018384146937
mu_3: 0.0008790289070502548 ± 5.2274475620604514e-5
P_3: 4216.290006733462 ± 15.38422164982325
t03: 545.0970169985465 ± 35.64975762485966
ecos3: 0.03545653318658078 ± 0.006537791976906695
esin3: -0.05403485248624832 ± 0.004471757985221389
Retrieved Earth masses:
[0.7930084491671304, 1.012417751275132, 292.64473466077345]
 ± [0.018897247416092267, 0.01307631796169774, 17.40312511320892]
Retrieved eccentricity:
[0.005468461136402903, 0.022779506318008062, 0.05014311010719427]
 ± [0.003561015598665994, 0.0027996464649522657, 0.009245834081715457]
