Global Fit Results.
chi^2: 281.52403889030785
per 3 range=[4090.7999999999997 - 4383.0, length=200]
mu_1: 2.448522671365184e-6 ± 6.682333816146969e-8
P_1: 224.70079123330487 ± 1.9299197863664247e-6
t01: 3503.7652544982843 ± 3.878572645027156e-5
ecos1: 0.017555696610278285 ± 0.004282677649762452
esin1: -0.005223860359972673 ± 0.003990536307196198
mu_2: 3.1683771389230824e-6 ± 4.7637213034298935e-8
P_2: 365.25646388730763 ± 4.060305289289924e-6
t02: 3624.4021361895907 ± 5.143941696052177e-5
ecos2: 0.025642167772028487 ± 0.003330607700467021
esin2: -0.0017410603068431568 ± 0.0031778959076219655
mu_3: 0.0006290196638398826 ± 5.5675717875609954e-5
P_3: 4207.0243805765085 ± 16.11689258669954
t03: 4777.734134122026 ± 35.12474475255053
ecos3: -0.006665515320130094 ± 0.012824919241825385
esin3: -0.06935372888279857 ± 0.007995734662545467
Retrieved Earth masses:
[0.8151577971162066, 1.0548104615089713, 209.4121036798934]
 ± [0.02224670646046505, 0.015859295930530922, 18.53546061349773]
Retrieved eccentricity:
[0.018316418878498882, 0.025701207345977372, 0.0696733005134077]
 ± [0.005853691815497798, 0.004603473694297672, 0.015113250026158308]
