Global Fit Results.
chi^2: 0.9247141762581363
per 3 range=[4017.75 - 4748.25, length=100]
mu_1: 2.6052618408995243e-6 ± 9.531544178147475e-7
P_1: 224.70079746893217 ± 3.243274002494811e-5
t01: 3503.7652212135417 ± 0.0004917037097426627
ecos1: 0.021598396102753364 ± 0.05848329562392943
esin1: 0.0028314518289657836 ± 0.047950366300865986
mu_2: 3.1941720531581504e-6 ± 6.07094241184195e-7
P_2: 365.25642049679755 ± 8.128941767572909e-5
t02: 3624.4024921217574 ± 0.0008181884199032219
ecos2: 0.030664696484428208 ± 0.04563600866587051
esin2: 0.003856551828193083 ± 0.037955155406833065
mu_3: 0.0006949851192558752 ± 0.0007189200858867738
P_3: 4346.470038539833 ± 524.0660029940175
t03: 307.325920752645 ± 847.6113711633503
ecos3: 0.002456504672546285 ± 0.13782412727051155
esin3: -0.07399536689704202 ± 0.09134275001987291
Retrieved Earth masses:
[0.8673391216567711, 1.0633980583119593, 231.37320534806253]
 ± [0.317322467389794, 0.20211273110643585, 239.3415917146935]
Retrieved eccentricity:
[0.030544744694020007, 0.04336642965433294, 0.0034740222239478353]
 ± [0.08270786984363608, 0.06453906238785016, 0.19491275000819297]
