Global Fit Results.
chi^2: 22.35428982785869
per 3 range=[4017.75 - 4748.25, length=100]
mu_1: 2.461833348810441e-6 ± 1.9684632216593586e-7
P_1: 224.70079086033834 ± 6.057050237641536e-6
t01: 3503.765277311023 ± 0.00011831422379437003
ecos1: 0.0161107060122686 ± 0.012410993984915993
esin1: -0.00015018876627648982 ± 0.011447634430663746
mu_2: 3.147060629150068e-6 ± 1.4381619105748408e-7
P_2: 365.25646038718327 ± 1.3092954290748239e-5
t02: 3624.4021841029003 ± 0.0001594582055243361
ecos2: 0.02485023354829995 ± 0.009700515307344226
esin2: 0.002147014204156313 ± 0.009104462281325457
mu_3: 0.0006523864091209591 ± 0.00016614047414777492
P_3: 4193.484874376836 ± 51.65973580372504
t03: 556.5341421479652 ± 124.75863245475642
ecos3: 0.004930790332299779 ± 0.03490274660880186
esin3: -0.07198175133206415 ± 0.022440470971156083
Retrieved Earth masses:
[0.8195891640916041, 1.0477138071254986, 217.19131880902182]
 ± [0.06553372620305198, 0.04787902961368069, 55.31119009105695]
Retrieved eccentricity:
[0.022783978941956013, 0.03514353731214467, 0.006973190561156487]
 ± [0.017551796015999103, 0.013718600309654017, 0.04935993761823914]
