Global Fit Results.
chi^2: 8.250377400161538
per 3 range=[4017.75 - 4748.25, length=100]
mu_1: 2.3754946255503044e-6 ± 3.4408616140543137e-7
P_1: 224.70078072325433 ± 9.719583929847067e-6
t01: 3503.765400587576 ± 0.00021924945321971707
ecos1: 0.00173337363423556 ± 0.013609505844278736
esin1: -0.00434167573309443 ± 0.015012308657438607
mu_2: 3.062776059170257e-6 ± 2.2674194292543769e-7
P_2: 365.25646968473114 ± 2.0955103398669013e-5
t02: 3624.4021215904722 ± 0.0002948647256090625
ecos2: 0.014804009443350476 ± 0.01062269207759504
esin2: -0.0007869038137007278 ± 0.012128836201307046
mu_3: 0.0009337055868221238 ± 0.0003135808721601827
P_3: 4234.640913553012 ± 84.38848751008044
t03: 555.9569030816659 ± 207.89663288293443
ecos3: 0.03671743254191692 ± 0.035363464270198375
esin3: -0.047559349765320856 ± 0.023569130215527406
Retrieved Earth masses:
[0.7908454304592265, 1.0196539385365249, 310.8475972920656]
 ± [0.11455255065824554, 0.07548652290235705, 104.3967842149293]
Retrieved eccentricity:
[0.0024513605021958696, 0.020936030932285618, 0.05192629107629814]
 ± [0.01924674774217489, 0.015022755205048135, 0.05001149078341091]
