Global Fit Results.
chi^2: 109.6230956328761
per 3 range=[4017.75 - 4748.25, length=200]
mu_1: 2.5422162292092204e-6 ± 1.4588681124143474e-7
P_1: 224.70078014619864 ± 3.537019659435242e-6
t01: 3503.765349062694 ± 9.839407598823662e-5
ecos1: -0.0026342906922379008 ± 0.00755124149457115
esin1: 0.007069884666418407 ± 0.007516985490474278
mu_2: 3.0256056455411807e-6 ± 1.0473427458512986e-7
P_2: 365.2564540136157 ± 7.892889872170805e-6
t02: 3624.4021734758985 ± 0.0001340835742044903
ecos2: 0.01205927363902475 ± 0.0059900892961601265
esin2: 0.008297107290864001 ± 0.005981008585889911
mu_3: 0.0007712378609020167 ± 0.0001425900706382861
P_3: 4210.1287973187655 ± 39.72083695629509
t03: 603.9841005839645 ± 113.36785309755928
ecos3: 0.016165451882874705 ± 0.022693656616121015
esin3: -0.04249136349842186 ± 0.012858156111241567
Retrieved Earth masses:
[0.8463500891498111, 1.007279230780651, 256.75913198507567]
 ± [0.04856837678924615, 0.03486794774327215, 47.47083179235713]
Retrieved eccentricity:
[0.007544717135033583, 0.014637898418044368, 0.04546248790522307]
