Global Fit Results.
chi^2: 2.234964355121544
per 3 range=[4017.75 - 4748.25, length=100]
mu_1: 2.347512917436225e-6 ± 6.168657019450237e-7
P_1: 224.70079087523524 ± 1.9943823974729273e-5
t01: 3503.765281963369 ± 0.0003660974630231802
ecos1: 0.012164832483590914 ± 0.03496685630266173
esin1: -0.001610063258102969 ± 0.03453488998820262
mu_2: 3.120789444593109e-6 ± 4.2026542241031e-7
P_2: 365.25645006467886 ± 4.6411971884047504e-5
t02: 3624.402274672728 ± 0.000529143610100592
ecos2: 0.022059362457842385 ± 0.02700957261785519
esin2: 0.0010943922468856918 ± 0.027341827146610615
mu_3: 0.0007332270395522788 ± 0.0005664165406307621
P_3: 4261.109375814798 ± 239.28987708014432
t03: 4743.402813217515 ± 327.32837941437697
ecos3: 0.014939839075064075 ± 0.09264716327342992
esin3: -0.06225260734718026 ± 0.061685747525048566
Retrieved Earth masses:
[0.7815298101414845, 1.0389676512570931, 244.10463719097422]
 ± [0.20536582838078682, 0.139914014251333, 188.57038364824334]
Retrieved eccentricity:
[0.017203671082291053, 0.031196649565184593, 0.02112812303962713]
 ± [0.049450602416775354, 0.03819730391007179, 0.1310228748166791]
