Global Fit Results.
chi^2: 37.177898980779815
per 3 range=[4017.75 - 4675.2, length=200]
mu_1: 3.12303442950651e-6 ± 3.604356728225253e-7
P_1: 224.700789816103 ± 1.0235476785231438e-5
t01: 3503.7652268288125 ± 0.00014298070015435468
ecos1: 0.0638083523847511 ± 0.019825269265645235
esin1: 0.014669323210006267 ± 0.014024776638088134
mu_2: 3.67373933910073e-6 ± 2.1424320769310393e-7
P_2: 365.2563408494756 ± 2.498786324851231e-5
t02: 3624.403002052959 ± 0.00022989371136525563
ecos2: 0.06600527152380564 ± 0.015648482151134364
esin2: 0.014395297312452253 ± 0.011088363283790606
mu_3: 0.0005176799681626907 ± 0.00010976457372478672
P_3: 4679.58009527325 ± 148.5471485248687
t03: -238.94135537308514 ± 224.7738284642603
ecos3: -0.04956824235416991 ± 0.04211286253171604
esin3: -0.09810652444207943 ± 0.02910821958187615
Retrieved Earth masses:
[1.0397150476271446, 1.2230547431161032, 172.34509093738723]
 ± [0.11999560081520153, 0.07132546627916177, 36.54262595371812]
Retrieved eccentricity:
[0.06547285603588865, 0.06755679428188702, 0.10991770006776003]
