Global Fit Results.
chi^2: 2.9196484008218166
per 3 range=[4017.75 - 4748.25, length=100]
mu_1: 2.4263432013037573e-6 ± 6.115682865437258e-7
P_1: 224.70077479636058 ± 1.4158319048070743e-5
t01: 3503.765487758509 ± 0.0003938724292802039
ecos1: 0.0041008069696904376 ± 0.028302133971158088
esin1: -0.002458456552285183 ± 0.030950415927097935
mu_2: 3.0787846311851867e-6 ± 4.1921691466498237e-7
P_2: 365.2564513097104 ± 3.139330180033867e-5
t02: 3624.4022941369058 ± 0.0005339806271341951
ecos2: 0.016539532028327742 ± 0.022097354620877478
esin2: 0.0004572931714993015 ± 0.024901182171191735
mu_3: 0.0008651915771301092 ± 0.0005813898453731472
P_3: 4240.862155234881 ± 142.85466091430146
t03: 578.9790669210242 ± 412.20292378107786
ecos3: 0.02600702751965502 ± 0.07360435615690515
esin3: -0.037238545356141434 ± 0.04417732098665259
Retrieved Earth masses:
[0.8077738475339072, 1.0249834837562923, 288.0380354835152]
 ± [0.2036022223013202, 0.13956494692435417, 193.55526953559638]
Retrieved eccentricity:
[0.0057994168332103305, 0.02339043050976528, 0.03677949103530644]
 ± [0.04002526170611207, 0.03125037859741271, 0.10409227872683488]
