Global Fit Results.
chi^2: 2.8394462940705627
per 3 range=[4017.75 - 4748.25, length=100]
mu_1: 2.3107010694281067e-6 ± 6.204002552749249e-7
P_1: 224.7007773681758 ± 1.577305494886256e-5
t01: 3503.765452320557 ± 0.00038468892801674586
ecos1: 0.0038650667776200303 ± 0.024451005345896892
esin1: -0.004851827116069831 ± 0.026495056753449986
mu_2: 3.0721613975054026e-6 ± 4.065721287385813e-7
P_2: 365.2564614132291 ± 3.313161259946681e-5
t02: 3624.4022075996577 ± 0.0005084698490626674
ecos2: 0.0163587932095536 ± 0.01900921479168363
esin2: -0.0013260985349198232 ± 0.021408692234526325
mu_3: 0.0009801957545893158 ± 0.0005722559302204084
P_3: 4254.098388214811 ± 143.42919206184
t03: 4811.462892009711 ± 276.1426319949334
ecos3: 0.041169536923986394 ± 0.05620026791660261
esin3: -0.037926783413637366 ± 0.034253884269835944
Retrieved Earth masses:
[0.769274475412097, 1.0227784886221494, 326.3250209597573]
 ± [0.20654254556616844, 0.13535526736479178, 190.51442280706615]
Retrieved eccentricity:
[0.005466029856387922, 0.023134827221007594, 0.05822251747452147]
 ± [0.03457894337382444, 0.026883089368462235, 0.07947918109666094]
