Global Fit Results.
chi^2: 1.0641561385418934
per 3 range=[4017.75 - 4748.25, length=100]
mu_1: 2.5986037990214006e-6 ± 1.0652536837997863e-6
P_1: 224.7007881570581 ± 3.0463880463431424e-5
t01: 3503.765305514066 ± 0.0005121318323726799
ecos1: 0.02571871393464399 ± 0.06638749696898641
esin1: 0.002081500548185207 ± 0.05376980869366963
mu_2: 3.1820567422341783e-6 ± 6.55097732022105e-7
P_2: 365.25643073883606 ± 8.726565536546033e-5
t02: 3624.4024172657178 ± 0.0008611451599610389
ecos2: 0.03294867085461335 ± 0.052128046388767384
esin2: 0.0037591475462357333 ± 0.04210794664908147
mu_3: 0.0006320218190513853 ± 0.0007298693637681744
P_3: 4324.376152684535 ± 438.3146478273481
t03: 4659.632318058772 ± 467.8394307779251
ecos3: -0.008829541269163034 ± 0.16709872724369199
esin3: -0.08102251257140397 ± 0.11347573628876538
Retrieved Earth masses:
[0.8651225382393699, 1.0593646506250882, 210.4115758340332]
 ± [0.3546423549233489, 0.21809396758953586, 242.98680576241125]
Retrieved eccentricity:
[0.03637175405316744, 0.04659645718476132, 0.012486857012383312]
 ± [0.09388609858554332, 0.07372019018300868, 0.2363132863233118]
