Global Fit Results.
chi^2: 3.1080670923062463
per 3 range=[4017.75 - 4748.25, length=100]
mu_1: 2.60524669338272e-6 ± 5.198987639557983e-7
P_1: 224.7007974689347 ± 1.7690589349276424e-5
t01: 3503.7652212132775 ± 0.0002682026265203156
ecos1: 0.021597343627721602 ± 0.03189852228010906
esin1: 0.0028305309805019695 ± 0.026155137550115126
mu_2: 3.1941656810938993e-6 ± 3.311353927216136e-7
P_2: 365.25642049752395 ± 4.4337189586742693e-5
t02: 3624.402492113161 ± 0.00044625539395083783
ecos2: 0.03066387727000725 ± 0.02489110262570005
esin2: 0.003855846999523183 ± 0.020703202374354
mu_3: 0.0006949942023846298 ± 0.00039214701600561504
P_3: 4346.462973008785 ± 285.8445400416054
t03: 4653.8070072114315 ± 240.42755677164706
ecos3: 0.0024578562745728003 ± 0.0751759417914745
esin3: -0.07399359153213336 ± 0.049821205308186796
Retrieved Earth masses:
[0.867334078772515, 1.0633959369357031, 231.37622928707407]
 ± [0.17308376847225843, 0.11024100386526592, 130.55288458268686]
Retrieved eccentricity:
[0.03054325626955603, 0.04336527111018833, 0.0034759336778646638]
 ± [0.04511132282819058, 0.03520133491568556, 0.10631483644567358]
