Global Fit Results.
chi^2: 1.3478145890159823
per 3 range=[4017.75 - 4748.25, length=100]
mu_1: 2.3990411053942716e-6 ± 5.65460049446068e-7
P_1: 224.700798639166 ± 3.899852087317944e-5
t01: 3503.765187782636 ± 0.00036437988659076984
ecos1: 0.0136604242343844 ± 0.030968962826665027
esin1: -0.005242360637269192 ± 0.03264688929966302
mu_2: 3.0753056081601668e-6 ± 4.0768957026505974e-7
P_2: 365.25640780838387 ± 9.961726533348444e-5
t02: 3624.402444231096 ± 0.0006546449509970608
ecos2: 0.02345618931119202 ± 0.023879407057480057
esin2: -0.002416069117405821 ± 0.025876300812084956
mu_3: 0.0007107768053112439 ± 0.0005072419537127926
P_3: 4148.64978952457 ± 576.3385160216508
t03: 582.3582916632282 ± 723.9707462842717
ecos3: 0.02369500260821945 ± 0.0794935877433135
esin3: -0.07381621557551019 ± 0.07292764915998788
Retrieved Earth masses:
[0.7986844824982047, 1.0238252536208896, 236.6305452813162]
 ± [0.18825195031038022, 0.13572728400314393, 168.87008579867555]
Retrieved eccentricity:
[0.014631798772350105, 0.023580292767108744, 0.07752603969308454]
 ± [0.04499884486854982, 0.03521092195802798, 0.1078780445888141]
