Global Fit Results.
chi^2: 2.231727808117159
per 3 range=[4017.75 - 4748.25, length=100]
mu_1: 2.5877122358714917e-6 ± 5.282974188888964e-7
P_1: 224.70080485651658 ± 1.9648743502474403e-5
t01: 3503.7651610167927 ± 0.00027626802939997657
ecos1: 0.022748094162806123 ± 0.03238810896670037
esin1: 0.0019606578975840177 ± 0.028030272926548867
mu_2: 3.1387471139966366e-6 ± 3.400616160303533e-7
P_2: 365.2564205511527 ± 4.64873634722275e-5
t02: 3624.402477203401 ± 0.00044940319387863544
ecos2: 0.03113063190398157 ± 0.025358407989594246
esin2: 0.003646920310625977 ± 0.022037706065809005
mu_3: 0.0006921500486157939 ± 0.00039800999759523136
P_3: 4334.134413775882 ± 288.2908532445996
t03: 316.71288246264857 ± 464.47182008519917
ecos3: 0.004767939831880913 ± 0.07567367780766271
esin3: -0.07797649817619198 ± 0.05194885098098043
Retrieved Earth masses:
[0.8614965384770391, 1.0449460865003164, 230.42935869119293]
 ± [0.1758798336809119, 0.11321270619582374, 132.50477794802777]
Retrieved eccentricity:
[0.032170663283180655, 0.044025361843855304, 0.006742885174824882]
 ± [0.045803702960325314, 0.035862204499074436, 0.10701874147024851]
