Global Fit Results.
chi^2: 5.040898568569019
per 3 range=[4017.75 - 4748.25, length=100]
mu_1: 2.4284611448274743e-6 ± 4.931225421063081e-7
P_1: 224.70077651848277 ± 1.165172112368696e-5
t01: 3503.7654620284898 ± 0.00030457618501468107
ecos1: 0.00472494009310876 ± 0.022447663275013838
esin1: -0.0022474071717973154 ± 0.023986797000743406
mu_2: 3.0718703855931473e-6 ± 3.2772321032636097e-7
P_2: 365.2564509796152 ± 2.438922641781371e-5
t02: 3624.402303873637 ± 0.00040261917634396943
ecos2: 0.01730633884698557 ± 0.01756303343293699
esin2: 0.0007620490876250589 ± 0.01925704791521948
mu_3: 0.0008726572311162262 ± 0.000453595777835159
P_3: 4251.410324515295 ± 117.15023945454047
t03: 4810.961718076919 ± 249.7510296898311
ecos3: 0.027760528677487555 ± 0.055832681358742864
esin3: -0.03695054720949187 ± 0.0326250438286285
Retrieved Earth masses:
[0.8084789495112752, 1.0226816054557801, 290.52348768231474]
 ± [0.16416947648991967, 0.10910502619301427, 151.0102966843936]
Retrieved eccentricity:
[0.0066820743610748025, 0.024474859112431344, 0.03925931615435014]
 ± [0.03174578984710902, 0.02483788007727159, 0.07895933520118964]
