Global Fit Results.
chi^2: 47.76743331820914
per 3 range=[4017.75 - 4675.2, length=200]
mu_1: 2.2041516716226566e-6 ± 2.105710071550223e-7
P_1: 224.7008008636636 ± 8.852485841674647e-6
t01: 3503.765293386005 ± 0.00013365435200591417
ecos1: -0.008920387575107542 ± 0.007456692862256885
esin1: -0.022456704743316326 ± 0.007821907102051542
mu_2: 3.1047413582396963e-6 ± 1.3379299139886232e-7
P_2: 365.25644742652077 ± 1.9368186290667993e-5
t02: 3624.4022777943687 ± 0.00018911784131892402
ecos2: 0.00961608107527096 ± 0.0054829941954299185
esin2: -0.018634649203458573 ± 0.006512723982691677
mu_3: 0.001068502416984937 ± 0.0002068192534920675
P_3: 4170.021212273743 ± 115.72560503003241
t03: 831.8232339144756 ± 174.01232349972406
ecos3: 0.03763610343530626 ± 0.017501354770001067
esin3: -0.030992956658556458 ± 0.010573926617387923
Retrieved Earth masses:
[0.7338022400863268, 1.0336249509942916, 355.7239173763317]
 ± [0.07010292383093417, 0.04454212387483265, 68.85389669837683]
Retrieved eccentricity:
[0.02416354490588289, 0.020969481781439987, 0.04875489354138957]
