Global Fit Results.
chi^2: 79.66782770760513
per 3 range=[4090.7999999999997 - 4346.475, length=200]
mu_1: 2.3602324857465235e-6 ± 1.498442823585529e-7
P_1: 224.7007807379929 ± 3.882396981458462e-6
t01: 3503.765383964921 ± 0.00010137416331922751
ecos1: -0.0030337212244570893 ± 0.004245576404766259
esin1: -0.0006712935916638496 ± 0.00441899513659925
mu_2: 3.1516249194411605e-6 ± 1.0224860144288342e-7
P_2: 365.2564567383052 ± 7.964936840727999e-6
t02: 3624.4022777607684 ± 0.0001317010732682999
ecos2: 0.010583049005444335 ± 0.0033578820451826267
esin2: 0.004205816529405485 ± 0.003531288077705492
mu_3: 0.0014031225225985915 ± 0.00015626604840859445
P_3: 4314.295564442249 ± 31.067366014023744
t03: 413.41219070185934 ± 74.71405105976166
ecos3: 0.07220374732713726 ± 0.007378772408557413
esin3: -0.03176977898180345 ± 0.005363025770117853
Retrieved Earth masses:
[0.7857643861188067, 1.0492333425019102, 467.1250456373724]
 ± [0.04988589100943608, 0.03404042187770407, 52.023813899906536]
Retrieved eccentricity:
[0.0031071046898890247, 0.011388143787758246, 0.07888409208854293]
 ± [0.006128004326532074, 0.004872921845987766, 0.009121859879883946]
