Global Fit Results.
chi^2: 1.8103211279071214
per 3 range=[4017.75 - 4748.25, length=100]
mu_1: 2.347516662734818e-6 ± 6.854134862152424e-7
P_1: 224.700790875322 ± 2.2159931348302224e-5
t01: 3503.7652819622886 ± 0.00040677645956792074
ecos1: 0.01216528617986035 ± 0.038852546193817276
esin1: -0.001610350216860843 ± 0.03836995958772791
mu_2: 3.1207921699619593e-6 ± 4.6696494068317513e-7
P_2: 365.2564500650076 ± 5.156720116381704e-5
t02: 3624.4022746692162 ± 0.0005879222085177395
ecos2: 0.022059716463978075 ± 0.03001097552605122
esin2: 0.001094155987834888 ± 0.030378297959177743
mu_3: 0.0007332190433837112 ± 0.0006293487917326763
P_3: 4261.106242652286 ± 265.868467773244
t03: 482.2999019291922 ± 524.3182949647239
ecos3: 0.01493856435977409 ± 0.10294288865917882
esin3: -0.06225301464411822 ± 0.06854059749480251
Retrieved Earth masses:
[0.7815310570196067, 1.038968558582026, 244.10197512080796]
 ± [0.22818663436162498, 0.15546113451568086, 209.5216763504661]
Retrieved eccentricity:
[0.017204312705708484, 0.031197150205462848, 0.02112632031997587]
 ± [0.05494579776002357, 0.04244192860898866, 0.14558322929167417]
