Global Fit Results.
chi^2: 1.496133163456367
per 3 range=[4017.75 - 4748.25, length=100]
mu_1: 2.34751327963107e-6 ± 7.539528833481237e-7
P_1: 224.70079087524707 ± 2.437596833298253e-5
t01: 3503.7652819634054 ± 0.0004474546930516111
ecos1: 0.012164994169612758 ± 0.04273734571417293
esin1: -0.0016104237105298877 ± 0.042211583982215015
mu_2: 3.1207906104626764e-6 ± 5.136581122853681e-7
P_2: 365.25645006474616 ± 5.672752206640964e-5
t02: 3624.4022746718256 ± 0.000646749798337825
ecos2: 0.022059493660453382 ± 0.03301173810002621
esin2: 0.0010941019393737937 ± 0.03341955986130893
mu_3: 0.000733225211416614 ± 0.0006922855983018334
P_3: 4261.108961885128 ± 292.4685388684072
t03: 482.29750173045466 ± 576.8312493084092
ecos3: 0.014939368352771178 ± 0.11323640570761456
esin3: -0.06225235800322351 ± 0.07539449318627289
Retrieved Earth masses:
[0.7815299307227457, 1.0389680393963083, 244.10402857131194]
 ± [0.2510046481116719, 0.1710061418577574, 230.47448565071178]
Retrieved eccentricity:
[0.01720389974085599, 0.031196835113696485, 0.021127457337776403]
 ± [0.06043973392881103, 0.04668564773856569, 0.16014046070609067]
