Global Fit Results.
chi^2: 1.4359386795623656
per 3 range=[4017.75 - 4748.25, length=100]
mu_1: 2.383861311707672e-6 ± 8.095200081458559e-7
P_1: 224.7007882768015 ± 2.6834371004270136e-5
t01: 3503.765308581774 ± 0.0004623960677185774
ecos1: 0.01668872829414565 ± 0.05124467409329687
esin1: -0.0020380986479231174 ± 0.04631851085931401
mu_2: 3.1277161908330626e-6 ± 5.411921313946763e-7
P_2: 365.2564422256124 ± 7.489822004498699e-5
t02: 3624.4023401019163 ± 0.0007622632710045785
ecos2: 0.02571239122198243 ± 0.0396535715206879
esin2: 0.0005662356225809088 ± 0.036624609722322975
mu_3: 0.0006960097591014382 ± 0.0007332790612209244
P_3: 4307.797908663084 ± 404.8565198044195
t03: 411.2921045243547 ± 708.5414226126686
ecos3: 0.004671240368267405 ± 0.13498437349730077
esin3: -0.06688802122469811 ± 0.08719911930190599
Retrieved Earth masses:
[0.7936308526801283, 1.041273691250995, 231.71432661645616]
 ± [0.2695039561115221, 0.18017271835115992, 244.12195615204055]
Retrieved eccentricity:
[0.023601425892340384, 0.03636281238717047, 0.006606131481908456]
 ± [0.07247091310212962, 0.056078618641088346, 0.1908967317083181]
