Global Fit Results.
chi^2: 2.7041684323544146
per 3 range=[4017.75 - 4748.25, length=100]
mu_1: 2.381976317660104e-6 ± 5.676152080138007e-7
P_1: 224.70078337435626 ± 1.75661943449215e-5
t01: 3503.765365229466 ± 0.0003756738989844918
ecos1: 0.003865459411002878 ± 0.02517884675609018
esin1: -0.0012074591986294114 ± 0.027778800245341653
mu_2: 3.041033113071637e-6 ± 3.9277522322966714e-7
P_2: 365.25646592358964 ± 3.754574748011405e-5
t02: 3624.4021453379287 ± 0.0005010007614660511
ecos2: 0.016106526367737906 ± 0.019795382170585737
esin2: 0.0019100422543074955 ± 0.022358577326074547
mu_3: 0.0008790504872912398 ± 0.0005227412515328171
P_3: 4216.285134292023 ± 153.84189725988128
t03: 4761.396717749994 ± 282.52622405471215
ecos3: 0.0354585074160255 ± 0.06537459017837667
esin3: -0.05403334199466386 ± 0.044715338872585136
Retrieved Earth masses:
[0.793003303826543, 1.012415315732724, 292.6519191160812]
 ± [0.18896944185377262, 0.13076202621036281, 174.03008436253398]
Retrieved eccentricity:
[0.005466585123842986, 0.02277806803197481, 0.05014590208925023]
 ± [0.03560826656737654, 0.027994897938000907, 0.09245363206484322]
