Global Fit Results.
chi^2: 3.6668344013096146
per 3 range=[4017.75 - 4748.25, length=100]
mu_1: 2.3754930879915444e-6 ± 5.161304517665559e-7
P_1: 224.70078072321843 ± 1.4579329724168798e-5
t01: 3503.765400588193 ± 0.00032887380570525006
ecos1: 0.0017336298198740937 ± 0.0204144294002149
esin1: -0.004342197381401597 ± 0.022519081105746425
mu_2: 3.0627780819421833e-6 ± 3.4011331624950955e-7
P_2: 365.25646968485853 ± 3.1432651054451846e-5
t02: 3624.402121588027 ± 0.0004422973353534187
ecos2: 0.014804221946291276 ± 0.015934148888174227
esin2: -0.0007873384917207843 ± 0.018193725592471482
mu_3: 0.0009336992247499104 ± 0.00047037118789622725
P_3: 4234.638222004655 ± 126.58180237006083
t03: 555.9674730948404 ± 311.8495477229901
ecos3: 0.0367166135021795 ± 0.05304593483919433
esin3: -0.047559192135469025 ± 0.03535387786996411
Retrieved Earth masses:
[0.7908449185779087, 1.0196546119541439, 310.8454792423407]
 ± [0.17182922870468653, 0.1132299181404999, 156.59513625766866]
Retrieved eccentricity:
[0.002451722803400369, 0.02093633145682654, 0.051925132779193355]
 ± [0.02887036292589196, 0.022534289462528168, 0.07501828047834808]
