Global Fit Results.
chi^2: 0.8034220102008903
per 3 range=[4017.75 - 4748.25, length=100]
mu_1: 2.5877107067555368e-6 ± 8.805172184822157e-7
P_1: 224.70080485647873 ± 3.274766331081832e-5
t01: 3503.765161017918 ± 0.000460443973167033
ecos1: 0.022748000305194156 ± 0.053979992349122506
esin1: 0.001960579155905342 ± 0.04671558425604181
mu_2: 3.138747053569245e-6 ± 5.667742528077325e-7
P_2: 365.25642055060655 ± 7.746931915015528e-5
t02: 3624.4024772102625 ± 0.0007489570068672233
ecos2: 0.03113057560964812 ± 0.04226372402086827
esin2: 0.0036468758994818444 ± 0.03672802166208424
mu_3: 0.0006921552320392783 ± 0.0006633574338946894
P_3: 4334.1424157177535 ± 480.4769284603991
t03: 316.70153496713573 ± 774.1005315779959
ecos3: 0.004768419765846676 ± 0.12612222724960237
esin3: -0.07797607128166412 ± 0.08658104427061183
Retrieved Earth masses:
[0.8614960294064847, 1.044946066382937, 230.43108434728686]
 ± [0.2931402206460528, 0.1886894725476809, 220.8437727933155]
Retrieved eccentricity:
[0.03217053054847288, 0.04402528223164545, 0.006743563903948308]
 ± [0.07633923727692496, 0.05976993170670546, 0.1783637642930892]
