Global Fit Results.
chi^2: 3.8948458765802867
per 3 range=[4017.75 - 4748.25, length=100]
mu_1: 2.4340000706798472e-6 ± 5.550877907889333e-7
P_1: 224.7007771184852 ± 1.3899127267722116e-5
t01: 3503.7654559575312 ± 0.0003461993944838241
ecos1: 0.006414083245377737 ± 0.025357197712741447
esin1: -0.0022478207244922953 ± 0.02658267884630722
mu_2: 3.089809227865008e-6 ± 3.727667262978339e-7
P_2: 365.25645383696514 ± 2.807092788898707e-5
t02: 3624.4022871284496 ± 0.0004496879894697189
ecos2: 0.018469580168218286 ± 0.019773632922085435
esin2: 0.000660966203765185 ± 0.021373862013203467
mu_3: 0.00090176940761754 ± 0.0005172178324790933
P_3: 4270.756379455465 ± 130.8906220989836
t03: 526.441490641266 ± 345.37964629907907
ecos3: 0.032156224554763906 ± 0.05914971875507864
esin3: -0.036707473400679126 ± 0.034846177638558684
Retrieved Earth masses:
[0.8103229588190154, 1.0286537728039356, 300.21546151763874]
 ± [0.18479883647282067, 0.12410083312716141, 172.19123755052027]
Retrieved eccentricity:
[0.009070883515803234, 0.02611993076523145, 0.045475768880061856]
 ± [0.035860492909134976, 0.027964139855800357, 0.08365033447398644]
