Global Fit Results.
chi^2: 1.6192931058208002
per 3 range=[4017.75 - 4675.2, length=100]
mu_1: 2.5312536947317807e-6 ± 5.29918764916878e-7
P_1: 224.7008120394312 ± 2.824741763957733e-5
t01: 3503.765113044576 ± 0.00034815374900504557
ecos1: 0.020302392849349194 ± 0.03406718559188504
esin1: 1.4230014758046186e-5 ± 0.03098597221326654
mu_2: 3.1722094634360534e-6 ± 3.744978330958448e-7
P_2: 365.25641629310866 ± 0.00010573157147299308
t02: 3624.402483442529 ± 0.0008662273727176175
ecos2: 0.02842534615064119 ± 0.026756221058812934
esin2: 0.0019978025301876463 ± 0.024256015567064124
mu_3: 0.000695849751877407 ± 0.00048558967044476793
P_3: 4325.482068081858 ± 567.1611223896015
t03: 341.1175521155652 ± 727.7641351347188
ecos3: 0.0037886764700594375 ± 0.0847301652727227
esin3: -0.07655226685642953 ± 0.08317458178493542
Retrieved Earth masses:
[0.8427004617398033, 1.0560863121450965, 231.661057297046]
 ± [0.17641960930643047, 0.12467715011231423, 161.6616463026025]
Retrieved eccentricity:
[0.020302397836280947, 0.028495464880106732, 0.07664596290903247]
 ± [0.04605109779531066, 0.036114396804290134, 0.11873168053321664]
