Global Fit Results.
chi^2: 88.29370766680549
per 3 range=[4090.7999999999997 - 4383.0, length=200]
mu_1: 2.1620697242608297e-6 ± 1.6892915957449058e-7
P_1: 224.70077168982098 ± 5.269406130288364e-6
t01: 3503.7656529513933 ± 0.00011277151739423726
ecos1: 0.0004135589682743476 ± 0.006309134583886788
esin1: -0.011332784368507057 ± 0.007099051506686271
mu_2: 3.02373402857934e-6 ± 1.1308058292577262e-7
P_2: 365.256463192853 ± 1.1068732435952437e-5
t02: 3624.4020407731196 ± 0.00014731978698829818
ecos2: 0.01342743003752601 ± 0.00485197884439722
esin2: -0.004951137401796092 ± 0.005797317124824301
mu_3: 0.0009437111945661088 ± 0.00014643256365652255
P_3: 4140.8959510482155 ± 46.940809197157094
t03: 746.3632457666301 ± 98.16193113543733
ecos3: 0.05223127395211083 ± 0.013943398170752772
esin3: -0.03847638039751427 ± 0.010304139254497025
Retrieved Earth masses:
[0.7197923932872768, 1.0066561354025678, 314.1786463620945]
 ± [0.05623959426549091, 0.03764658581780451, 48.750067709104286]
Retrieved eccentricity:
[0.011340327709696842, 0.014311171824281894, 0.06487324430884177]
 ± [0.009497458159538317, 0.007559800562994984, 0.017337636468798687]
