Global Fit Results.
chi^2: 109.62309568983035
per 3 range=[4090.7999999999997 - 4346.475, length=200]
mu_1: 2.542212381541762e-6 ± 1.4588562640167915e-7
P_1: 224.70078014625247 ± 3.5370193805061083e-6
t01: 3503.7653490614966 ± 9.839404082231223e-5
ecos1: -0.0026348581610255747 ± 0.0075511797972767575
esin1: 0.007069584190492371 ± 0.007516689486231471
mu_2: 3.0256015835562095e-6 ± 1.0473355803791529e-7
P_2: 365.2564540142101 ± 7.893007958921759e-6
t02: 3624.402173466576 ± 0.00013408497150153558
ecos2: 0.012058812205771268 ± 0.0059900359558269735
esin2: 0.008296886284403504 ± 0.005980791912162464
mu_3: 0.0007712419920704964 ± 0.00014259048391927455
P_3: 4210.124349280342 ± 39.721114539417265
t03: 603.992164587136 ± 113.36688545801353
ecos3: 0.016166300438965824 ± 0.022693526244843134
esin3: -0.0424915317268965 ± 0.012857852682737989
Retrieved Earth masses:
[0.8463488081912292, 1.007277878471865, 256.7605073263117]
 ± [0.04856798233450967, 0.03486770919165252, 47.470969381126096]
Retrieved eccentricity:
[0.007544633732341335, 0.014637392999792725, 0.04546294687303891]
 ± [0.010654620460777727, 0.008464656085671048, 0.02608295437707118]
