Global Fit Results.
chi^2: 19.30539779050935
per 3 range=[4017.75 - 4748.25, length=100]
mu_1: 2.3838727089725563e-6 ± 2.2078172849592815e-7
P_1: 224.70078827686106 ± 7.318336989463201e-6
t01: 3503.7653085806746 ± 0.0001261072072480145
ecos1: 0.016689760353424593 ± 0.013976077846983102
esin1: -0.0020378069968785754 ± 0.012632331347670089
mu_2: 3.12772185040869e-6 ± 1.4759929170645372e-7
P_2: 365.25644222611373 ± 2.0427064955335808e-5
t02: 3624.4023400975975 ± 0.0002078908202941235
ecos2: 0.02571316473192092 ± 0.010814825940500601
esin2: 0.0005664166888166609 ± 0.009988540794760196
mu_3: 0.0006959939948722165 ± 0.0001999799205907891
P_3: 4307.793536677283 ± 110.41019898501102
t03: 4719.0902562203255 ± 117.54819296719643
ecos3: 0.004668827475990866 ± 0.03681467595505114
esin3: -0.06688935406925203 ± 0.02378247784765687
Retrieved Earth masses:
[0.7936346470372094, 1.0412755754268106, 231.70907841740296]
 ± [0.07350225895352037, 0.049138492728867444, 66.57695819715313]
Retrieved eccentricity:
[0.02360288544456984, 0.03636390629541612, 0.0066027191369264285]
 ± [0.01976515883998567, 0.015294473519760314, 0.052063814030004]
