Global Fit Results.
chi^2: 360.56546892926065
per 3 range=[4017.75 - 4748.25, length=200]
mu_1: 2.392461725914166e-6 ± 5.996235324187983e-8
P_1: 224.70078318747395 ± 1.7567238017783897e-6
t01: 3503.7653828277193 ± 3.758631390888421e-5
ecos1: 0.007689264213274083 ± 0.0027669043471927586
esin1: -0.0045709725754754125 ± 0.0030409282542208584
mu_2: 3.0942888368596617e-6 ± 3.9839443004748006e-8
P_2: 365.2564645589401 ± 3.7496630152662572e-6
t02: 3624.402162380171 ± 5.007942727361274e-5
ecos2: 0.01947928473109595 ± 0.002155398973195002
esin2: -0.0016189721094788479 ± 0.0024573326638860035
mu_3: 0.0008334806182862329 ± 5.175844117718828e-5
P_3: 4210.01062467489 ± 15.515038894135461
t03: 4795.993025538224 ± 29.024235662902626
ecos3: 0.03231103651031705 ± 0.006811345222498902
esin3: -0.05063992933665262 ± 0.004682540056085664
Retrieved Earth masses:
[0.7964940872259386, 1.0301451162342938, 277.4808796695548]
 ± [0.01996255960795414, 0.013263276251381507, 17.231327847432848]
Retrieved eccentricity:
[0.008945310191786857, 0.01954644735818707, 0.06007000519054591]
