Global Fit Results.
chi^2: 43.27606528297657
per 3 range=[4017.75 - 4748.25, length=100]
mu_1: 2.4340009137566674e-6 ± 1.6652785507251547e-7
P_1: 224.7007771184576 ± 4.1697342484780195e-6
t01: 3503.765455958148 ± 0.00010385981626728157
ecos1: 0.006414293502795285 ± 0.007607250839502766
esin1: -0.002248439693370577 ± 0.007975212401013712
mu_2: 3.0898105958321964e-6 ± 1.1183039204698677e-7
P_2: 365.25645383702204 ± 8.421280518670443e-6
t02: 3624.402287127289 ± 0.0001349062735490552
ecos2: 0.01846975043977968 ± 0.005932156968311569
esin2: 0.000660465998462777 ± 0.006412493082260673
mu_3: 0.0009017643791670699 ± 0.0001551655367410979
P_3: 4270.756043876189 ± 39.267439400228476
t03: 526.445603908952 ± 103.62181962182926
ecos3: 0.03215545285275933 ± 0.017745124901847435
esin3: -0.03670743445981718 ± 0.010454318853159643
Retrieved Earth masses:
[0.8103232394946455, 1.0286542282251299, 300.2137874548841]
 ± [0.05544015625704319, 0.037230374502040926, 51.65743351998668]
Retrieved eccentricity:
[0.009071180864694718, 0.026120171565582863, 0.045474677528620874]
 ± [0.010758277309598925, 0.008389336838712283, 0.02509539630219718]
