Global Fit Results.
chi^2: 115.59307254078539
per 3 range=[4090.7999999999997 - 4346.475, length=200]
mu_1: 2.4839336615563673e-6 ± 1.88788385452808e-7
P_1: 224.70077984690678 ± 4.301169868635321e-6
t01: 3503.7652774739636 ± 0.00010490441451538864
ecos1: 0.0073332713238707875 ± 0.008872843164607049
esin1: -0.011042065455629876 ± 0.009220418328912126
mu_2: 3.0776945927182484e-6 ± 1.1530343524046454e-7
P_2: 365.25646307452115 ± 8.91757521630995e-6
t02: 3624.4020768959444 ± 0.00013691034021472343
ecos2: 0.018503980749647462 ± 0.006881605685989812
esin2: -0.007987551736392163 ± 0.007427505514807573
mu_3: 0.0007686146205384906 ± 0.00015847628515625216
P_3: 4227.429749497522 ± 42.81894202382035
t03: 4864.710290889721 ± 92.78580338359828
ecos3: 0.01578982525733293 ± 0.02517787825220814
esin3: -0.0587680434248631 ± 0.015848650641149924
Retrieved Earth masses:
[0.8269467607617237, 1.0246205900956076, 255.88580748575785]
 ± [0.06285109229600597, 0.038386613842600635, 52.759641972644545]
Retrieved eccentricity:
[0.013255341483187834, 0.020154361471524353, 0.060852292558651426]
 ± [0.01279622834994174, 0.01012543011382451, 0.02975071899010573]
