Global Fit Results.
chi^2: 2.612922616654459
per 3 range=[4017.75 - 4748.25, length=100]
mu_1: 2.4541559551610194e-6 ± 5.684037480781313e-7
P_1: 224.700788877122 ± 1.7342894206742646e-5
t01: 3503.7653015427777 ± 0.00034863910974669506
ecos1: 0.014820030031395873 ± 0.03548954921739141
esin1: -0.0010367466475693224 ± 0.03344609684609668
mu_2: 3.167287583237018e-6 ± 4.202456537897715e-7
P_2: 365.25646017629697 ± 3.653334520367072e-5
t02: 3624.4021865691943 ± 0.0004624733168948535
ecos2: 0.02374064876192665 ± 0.027635591647100905
esin2: 0.0015083301059755532 ± 0.026620205695034226
mu_3: 0.0006742278894241331 ± 0.0005029503913491013
P_3: 4201.471937967943 ± 144.37286226491418
t03: 549.8070320255115 ± 362.1056954124353
ecos3: 0.00889119480195731 ± 0.09900792255769063
esin3: -0.06988692669867203 ± 0.06440816500580954
Retrieved Earth masses:
[0.8170332199020546, 1.0544477285748333, 224.46274544431833]
 ± [0.18923196120443858, 0.13990743291747051, 167.44134651703231]
Retrieved eccentricity:
[0.02095868746517661, 0.0335743474586527, 0.012574048274629192]
 ± [0.0501898018257424, 0.03908262851153472, 0.14001834686347117]
