Global Fit Results.
chi^2: 4.826349447627337
per 3 range=[4017.75 - 4748.25, length=100]
mu_1: 2.3838727089725563e-6 ± 4.415634569918563e-7
P_1: 224.70078827686106 ± 1.4636673978926402e-5
t01: 3503.7653085806746 ± 0.000252214414496029
ecos1: 0.016689760353424593 ± 0.027952155693966203
esin1: -0.0020378069968785754 ± 0.025264662695340178
mu_2: 3.12772185040869e-6 ± 2.9519858341290743e-7
P_2: 365.25644222611373 ± 4.0854129910671615e-5
t02: 3624.4023400975975 ± 0.000415781640588247
ecos2: 0.02571316473192092 ± 0.021629651881001202
esin2: 0.0005664166888166609 ± 0.01997708158952039
mu_3: 0.0006959939948722165 ± 0.0003999598411815782
P_3: 4307.793536677283 ± 220.82039797002204
t03: 4719.0902562203255 ± 235.09638593439286
ecos3: 0.004668827475990866 ± 0.07362935191010228
esin3: -0.06688935406925203 ± 0.04756495569531374
Retrieved Earth masses:
[0.7936346470372094, 1.0412755754268106, 231.70907841740296]
 ± [0.14700451790704075, 0.09827698545773489, 133.15391639430626]
Retrieved eccentricity:
[0.02360288544456984, 0.03636390629541612, 0.0066027191369264285]
 ± [0.03953031767997134, 0.030588947039520628, 0.104127628060008]
