Global Fit Results.
chi^2: 201.18860842618804
per 3 range=[4017.75 - 4748.25, length=100]
mu_1: 2.461840219385155e-6 ± 6.561496370810853e-8
P_1: 224.70079086036264 ± 2.0190171483089765e-6
t01: 3503.7652773108343 ± 3.9438039892989876e-5
ecos1: 0.016111597260098726 ± 0.004137040134191555
esin1: -0.00015020361223579885 ± 0.0038159088536462308
mu_2: 3.1470666965405385e-6 ± 4.793900697087036e-8
P_2: 365.2564603870428 ± 4.364317533614008e-6
t02: 3624.4021841045837 ± 5.315279414497074e-5
ecos2: 0.02485092541894711 ± 0.003233543451349249
esin2: 0.002146977408431212 ± 0.0030348323438523605
mu_3: 0.0006523788137094613 ± 5.537930427229158e-5
P_3: 4193.485249210859 ± 17.220190083904765
t03: 556.534338590872 ± 41.58629530059044
ecos3: 0.00492950225513687 ± 0.011634323730398603
esin3: -0.07198225519210376 ± 0.007480054396549851
Retrieved Earth masses:
[0.8195914514310739, 1.0477158270703035, 217.18879015818382]
 ± [0.021844416594411168, 0.01595976862918943, 18.43677912578189]
Retrieved eccentricity:
[0.022785239356724815, 0.03514451576499729, 0.006971368944963318]
 ± [0.005850658265855507, 0.004572921003420814, 0.016453418408568843]
