Global Fit Results.
chi^2: 79.66782768792208
per 3 range=[4017.75 - 4748.25, length=200]
mu_1: 2.3602351207316224e-6 ± 1.4984341580848567e-7
P_1: 224.70078073802088 ± 3.8824014071860305e-6
t01: 3503.7653839643417 ± 0.00010137427842267929
ecos1: -0.0030337262473294 ± 0.004245573683491969
esin1: -0.000670966352781299 ± 0.004418982097525488
mu_2: 3.1516244490466153e-6 ± 1.0224823597936903e-7
P_2: 365.25645673816297 ± 7.964848995439962e-6
t02: 3624.4022777637565 ± 0.0001316998381741101
ecos2: 0.010583033347256509 ± 0.003357885251685329
esin2: 0.004206078885533581 ± 0.0035312669884991245
mu_3: 0.0014031245111596278 ± 0.00015626565229077618
P_3: 4314.29745949133 ± 31.06661432938989
t03: 4727.703557275633 ± 53.49705135177239
ecos3: 0.07220391104257105 ± 0.007378718548202095
esin3: -0.03176979840106484 ± 0.005363005592438485
Retrieved Earth masses:
[0.7857652633533424, 1.049233185898998, 467.125707665563]
 ± [0.04988560251913449, 0.034040300208243224, 52.023682025069554]
Retrieved eccentricity:
[0.003107038910329248, 0.011388226131425153, 0.07888424976056892]
