Global Fit Results.
chi^2: 2.4838099801555655
per 3 range=[4017.75 - 4748.25, length=100]
mu_1: 2.4618424380088077e-6 ± 5.905296604907262e-7
P_1: 224.7007908603765 ± 1.817117108151909e-5
t01: 3503.765277310705 ± 0.00035494267815034666
ecos1: 0.016111817554411073 ± 0.03723380734846276
esin1: -0.00015044787879549948 ± 0.034344163670854085
mu_2: 3.1470680355338168e-6 ± 4.314518559832493e-7
P_2: 365.25646038704986 ± 3.927896709942517e-5
t02: 3624.4021841044428 ± 0.0004783765353293359
ecos2: 0.024851093153236893 ± 0.029102207038822644
esin2: 0.002146776362759537 ± 0.027314320010089307
mu_3: 0.0006523748167961978 ± 0.0004984136576501297
P_3: 4193.485563058709 ± 154.9800020684037
t03: 556.5336563355601 ± 374.2783027399109
ecos3: 0.00492858883661783 ± 0.10471023826159964
esin3: -0.07198276269186613 ± 0.06732153093293686
Retrieved Earth masses:
[0.8195921900513002, 1.0477162728455556, 217.18745951295463]
 ± [0.19659808046988972, 0.1436381817485528, 165.93098523208062]
Retrieved eccentricity:
[0.022785550899929053, 0.03514475297710478, 0.006970077176105569]
 ± [0.05265655533098305, 0.041156735889292737, 0.1480826390688724]
