Global Fit Results.
chi^2: 93.00402503533978
per 3 range=[4017.75 - 4748.25, length=200]
mu_1: 2.6579116359856943e-6 ± 9.338429658443831e-8
P_1: 224.70080737706147 ± 3.2868627230794528e-6
t01: 3503.7651370861386 ± 4.6286729103187943e-5
ecos1: 0.026339185930061067 ± 0.005976561968913718
esin1: 0.0029889968542243044 ± 0.004811087232853263
mu_2: 3.181416713397086e-6 ± 5.955155293495398e-8
P_2: 365.25642751821044 ± 7.981246828688934e-6
t02: 3624.4024258357567 ± 7.76271748752488e-5
ecos2: 0.03341244331838825 ± 0.004701021138788779
esin2: 0.004120268318431757 ± 0.003779052713491627
mu_3: 0.0006306707756474583 ± 6.505598175320249e-5
P_3: 4365.349541980835 ± 52.900992921047525
t03: 4634.567622050004 ± 42.709015317257844
ecos3: -0.008557417957774465 ± 0.014906054618283138
esin3: -0.08488755066561308 ± 0.010045497641654216
Retrieved Earth masses:
[0.8848671974565074, 1.0591515733671006, 209.9617888756223]
 ± [0.03108933332709334, 0.01982579670305458, 21.6583213197716]
Retrieved eccentricity:
[0.026508240561246038, 0.03366553102982901, 0.08531779216617756]
