Global Fit Results.
chi^2: 29.538928874659874
per 3 range=[4017.75 - 4748.25, length=200]
mu_1: 3.6625717223819322e-6 ± 3.900940704625628e-7
P_1: 224.70079001436415 ± 8.361799292979563e-6
t01: 3503.7653563685726 ± 0.0001319602034834244
ecos1: 0.09059327021780604 ± 0.017658661986406643
esin1: 0.010917516065803082 ± 0.013054999460871455
mu_2: 3.7218540987327386e-6 ± 2.082865608575513e-7
P_2: 365.2564476051764 ± 2.2197663176607303e-5
t02: 3624.4021556047364 ± 0.0002225219532358733
ecos2: 0.08521638127686575 ± 0.01406818084032183
esin2: 0.00981388210180645 ± 0.010296459949024365
mu_3: 0.0003069102653251486 ± 6.177077439189805e-5
P_3: 4223.614884466764 ± 133.96311900606207
t03: 401.17744624448085 ± 216.35146905758737
ecos3: -0.14423682960295614 ± 0.06295648023733967
esin3: -0.18195628172583725 ± 0.04879192419145935
Retrieved Earth masses:
[1.2193368400923759, 1.2390730230075186, 102.17601769450211]
 ± [0.12986942161701992, 0.06934239004733703, 20.564615949170406]
Retrieved eccentricity:
[0.09124874117380191, 0.08577962415301382, 0.23219033458222257]
