Global Fit Results.
chi^2: 4.204293692487246
per 3 range=[4017.75 - 4748.25, length=100]
mu_1: 2.4263399038533327e-6 ± 5.096432773420583e-7
P_1: 224.70077479638667 ± 1.1798612813665304e-5
t01: 3503.765487758096 ± 0.0003282269605433576
ecos1: 0.004100619152265445 ± 0.023584911673410123
esin1: -0.0024590254873139553 ± 0.025793041986911312
mu_2: 3.0787832615090874e-6 ± 3.4934625187273203e-7
P_2: 365.2564513100284 ± 2.61613841561052e-5
t02: 3624.40229413203 ± 0.00044498784058259245
ecos2: 0.016539392458166984 ± 0.018414282079526063
esin2: 0.00045683103648924396 ± 0.02075188083883485
mu_3: 0.0008651899292311876 ± 0.0004844865287848696
P_3: 4240.859694803046 ± 119.053291195472
t03: 578.9891891183072 ± 343.5324810885434
ecos3: 0.02600653168543403 ± 0.06133655889947439
esin3: -0.03723808083795911 ± 0.03681507997114625
Retrieved Earth masses:
[0.8077727497525978, 1.0249830277661702, 288.0374868679478]
 ± [0.16966953017494668, 0.11630373058731111, 161.29439035030677]
Retrieved eccentricity:
[0.005799151219260655, 0.023390233127751032, 0.03677878981982643]
 ± [0.03335410195590812, 0.0260417274582296, 0.08674299346493285]
