Global Fit Results.
chi^2: 4.083127842841174
per 3 range=[4017.75 - 4748.25, length=100]
mu_1: 2.4284639257050423e-6 ± 5.479091032679208e-7
P_1: 224.70077651849454 ± 1.2946354918612594e-5
t01: 3503.765462028109 ± 0.0003384179911235889
ecos1: 0.004724619037097573 ± 0.024941605037053987
esin1: -0.002246534342523679 ± 0.026652031463172146
mu_2: 3.0718675028532856e-6 ± 3.6413692197030597e-7
P_2: 365.25645097933926 ± 2.7099385878203996e-5
t02: 3624.4023038781784 ± 0.00044735858228938335
ecos2: 0.01730606497311737 ± 0.019514331058361662
esin2: 0.0007627675040268475 ± 0.02139673384486107
mu_3: 0.0008726630094218981 ± 0.0005039968217510441
P_3: 4251.414070229449 ± 130.16868136040273
t03: 559.5336961177056 ± 352.51281890694315
ecos3: 0.027761425358904843 ± 0.06203566345553336
esin3: -0.03695148871591731 ± 0.036250495988006635
Retrieved Earth masses:
[0.8084798753160711, 1.022680645739171, 290.5254113855247]
 ± [0.18240892063734607, 0.1212278140747181, 167.78972225855955]
Retrieved eccentricity:
[0.006681620319309501, 0.024474471796292557, 0.039260584253371596]
 ± [0.03527275611075485, 0.027597431643373575, 0.08773167660962826]
