Global Fit Results.
chi^2: 80.34220104122937
per 3 range=[4017.75 - 4748.25, length=100]
mu_1: 2.5877014330752434e-6 ± 8.804845794955867e-8
P_1: 224.70080485648322 ± 3.274777911967407e-6
t01: 3503.765161018123 ± 4.604428606522162e-5
ecos1: 0.022747092883622783 ± 0.005397973560589432
esin1: 0.0019606914008352245 ± 0.004671610060438642
mu_2: 3.138742157665945e-6 ± 5.667658544059193e-8
P_2: 365.2564205503796 ± 7.747672015040427e-6
t02: 3624.4024772128646 ± 7.489656063415024e-5
ecos2: 0.03112988827870778 ± 0.004226363848025616
esin2: 0.0036469892582188753 ± 0.003672846834750456
mu_3: 0.0006921668751408663 ± 6.633592207084145e-5
P_3: 4334.145562313688 ± 48.04679773071074
t03: 316.6978093936337 ± 77.40879244500012
ecos3: 0.004770327397959425 ± 0.01261192988971416
esin3: -0.07797482233618493 ± 0.008657872994363982
Retrieved Earth masses:
[0.8614929420293952, 1.0449444364475498, 230.43496054788451]
 ± [0.029312935453288513, 0.018868667656674047, 22.08443676561514]
Retrieved eccentricity:
[0.032169247260579854, 0.04402431019890779, 0.006746261703154176]
 ± [0.007633887418716961, 0.005976981073401169, 0.017835962297732377]
