Global Fit Results.
chi^2: 47.76743328654274
per 3 range=[4017.75 - 4748.25, length=200]
mu_1: 2.2041518048996588e-6 ± 2.1057004397322493e-7
P_1: 224.70080086367946 ± 8.852492288304342e-6
t01: 3503.7652933861273 ± 0.00013365440573769242
ecos1: -0.008920077644065404 ± 0.007456759297041696
esin1: -0.022456642983136117 ± 0.007822058060025179
mu_2: 3.1047439319478556e-6 ± 1.3379304439698114e-7
P_2: 365.2564474256449 ± 1.936815566140395e-5
t02: 3624.4022778048898 ± 0.00018911790750516817
ecos2: 0.009616346407836065 ± 0.005483081292707234
esin2: -0.01863454669248104 ± 0.006512896683982039
mu_3: 0.0010685067552810151 ± 0.00020682105942813908
P_3: 4170.0337861569105 ± 115.72608277530752
t03: 831.8037854683159 ± 174.0186674239803
ecos3: 0.0376361059055547 ± 0.017501426474063924
esin3: -0.03099308711648557 ± 0.010573962751744128
Retrieved Earth masses:
[0.7338022844566685, 1.0336258078286178, 355.7253616741181]
 ± [0.07010260317016948, 0.044542141518871765, 68.85449792739017]
Retrieved eccentricity:
[0.02416337309334506, 0.02096951236127721, 0.048754978379076254]
