Global Fit Results.
chi^2: 8.926911232468637
per 3 range=[4017.75 - 4748.25, length=100]
mu_1: 2.5877122358714917e-6 ± 2.641487094444482e-7
P_1: 224.70080485651658 ± 9.824371751237201e-6
t01: 3503.7651610167927 ± 0.00013813401469998829
ecos1: 0.022748094162806123 ± 0.016194054483350186
esin1: 0.0019606578975840177 ± 0.014015136463274434
mu_2: 3.1387471139966366e-6 ± 1.7003080801517665e-7
P_2: 365.2564205511527 ± 2.324368173611375e-5
t02: 3624.402477203401 ± 0.00022470159693931772
ecos2: 0.03113063190398157 ± 0.012679203994797123
esin2: 0.003646920310625977 ± 0.011018853032904502
mu_3: 0.0006921500486157939 ± 0.00019900499879761568
P_3: 4334.134413775882 ± 144.1454266222998
t03: 316.71288246264857 ± 232.23591004259958
ecos3: 0.004767939831880913 ± 0.037836838903831355
esin3: -0.07797649817619198 ± 0.025974425490490213
Retrieved Earth masses:
[0.8614965384770391, 1.0449460865003164, 230.42935869119293]
 ± [0.08793991684045595, 0.05660635309791187, 66.25238897401388]
Retrieved eccentricity:
[0.032170663283180655, 0.044025361843855304, 0.006742885174824882]
 ± [0.022901851480162657, 0.017931102249537218, 0.053509370735124254]
