Global Fit Results.
chi^2: 1.7491465437629585
per 3 range=[4017.75 - 4748.25, length=100]
mu_1: 2.454157298804012e-6 ± 6.947209729516495e-7
P_1: 224.7007888771125 ± 2.1197031525664102e-5
t01: 3503.7653015430656 ± 0.0004261158948425464
ecos1: 0.01482033439637577 ± 0.04337653227565144
esin1: -0.0010370851076198038 ± 0.040878834142470476
mu_2: 3.167289860708474e-6 ± 5.136337121425715e-7
P_2: 365.2564601762906 ± 4.465180139394215e-5
t02: 3624.4021865694876 ± 0.0005652462763037021
ecos2: 0.023740892205172136 ± 0.03377718960962517
esin2: 0.001508051652834148 ± 0.03253616298498999
mu_3: 0.0006742247565469232 ± 0.0006147178722510034
P_3: 4201.47250318494 ± 176.4537419375791
t03: 4751.281767252055 ± 362.16657214411094
ecos3: 0.0088902892586119 ± 0.12101054303680689
esin3: -0.0698867607656762 ± 0.07872165583874272
Retrieved Earth masses:
[0.8170336672252813, 1.054448486786565, 224.46170245242982]
 ± [0.23128526623196322, 0.17099801860577202, 204.65077675294862]
Retrieved eccentricity:
[0.02095911790225909, 0.033574691739392135, 0.012572767642948797]
 ± [0.06134368023294056, 0.047768159644779505, 0.1711347511527854]
