Global Fit Results.
chi^2: 4.723923534932062
per 3 range=[4163.85 - 4456.05, length=20]
mu_1: 2.0883398417774695e-6 ± 2.6713261053168563e-7
P_1: 224.7008021737302 ± 3.865391509998441e-5
t01: 3503.765149778215 ± 0.00033075292582109407
ecos1: -0.010332997335157516 ± 0.010666402961487919
esin1: -0.00951103433098579 ± 0.00943119202705113
mu_2: 2.953149604293192e-6 ± 1.8275226781794013e-7
P_2: 365.2565840593246 ± 0.00021293028417157428
t02: 3624.4018191014266 ± 0.000932680219485817
ecos2: 0.004558490800729161 ± 0.008680325374827842
esin2: -0.004871581521354235 ± 0.008000794882442045
mu_3: 0.001779126081865787 ± 0.0010751801864399293
P_3: 4665.825846981939 ± 516.5809999820303
t03: 4840.573915628555 ± 111.1733419902259
ecos3: 0.04185401020915562 ± 0.020875559452017804
esin3: -0.02830657206839573 ± 0.02052503115904653
Retrieved Earth masses:
[0.6952463724194109, 0.9831572948630469, 592.3034794189181]
 ± [0.0889333118641291, 0.06084155878752929, 357.94706846341]
Retrieved eccentricity:
[0.014613064971344809, 0.006446679514344169, 0.05919050887748986]
 ± [0.015084571729872761, 0.012275833870892853, 0.029522499299169433]
