Global Fit Results.
chi^2: 532.7630213823129
per 3 range=[4017.75 - 4748.25, length=200]
mu_1: 2.4835734797901334e-6 ± 5.288702840635757e-8
P_1: 224.70077642666266 ± 1.2185778074993773e-6
t01: 3503.7654261728194 ± 3.320878742860395e-5
ecos1: 0.0052833482540824254 ± 0.002476847961006867
esin1: -0.0022624519950281705 ± 0.0027528947183159173
mu_2: 3.0388530515704795e-6 ± 3.587355393142912e-8
P_2: 365.2564523528483 ± 2.6734896215096147e-6
t02: 3624.402252788461 ± 4.472718123249573e-5
ecos2: 0.01740530588400604 ± 0.0019325049155648473
esin2: 0.00033998811030686184 ± 0.0022138755763745684
mu_3: 0.0008422005377487397 ± 4.911668278559502e-5
P_3: 4236.612822098357 ± 12.055871621998977
t03: 599.9520979413171 ± 35.4363464224098
ecos3: 0.0198525194684784 ± 0.006703397533280641
esin3: -0.037038619190434906 ± 0.003918535316767074
Retrieved Earth masses:
[0.8268268496910368, 1.0116895335491878, 280.383899691879]
 ± [0.01760705509322967, 0.011942959540239363, 16.35183835926578]
Retrieved eccentricity:
[0.0057473870414060995, 0.017408626161502964, 0.04202358671960744]
