Global Fit Results.
chi^2: 4.2566245557001405
per 3 range=[4017.75 - 4748.25, length=100]
mu_1: 2.598596248057121e-6 ± 5.326204775230263e-7
P_1: 224.700788157083 ± 1.5231928310129974e-5
t01: 3503.765305513828 ± 0.00025606579876628796
ecos1: 0.025718113130933983 ± 0.03319326749242358
esin1: 0.0020814725325969206 ± 0.026884785339841726
mu_2: 3.1820533256080214e-6 ± 3.275478519261683e-7
P_2: 365.25643073916416 ± 4.363250684213247e-5
t02: 3624.402417262833 ± 0.0004305701639925468
ecos2: 0.03294820331522251 ± 0.02606360386134662
esin2: 0.0037591474617605877 ± 0.021053872828509727
mu_3: 0.0006320285177638557 ± 0.000364932993428997
P_3: 4324.374394637797 ± 219.15642273173077
t03: 4659.634558295884 ± 233.9201296183457
ecos3: -0.008827934203030272 ± 0.08354691102227906
esin3: -0.08102153083480756 ± 0.05673713491467417
Retrieved Earth masses:
[0.8651200243858205, 1.0593635131680066, 210.4138059574316]
 ± [0.17731905864468836, 0.10904664618743841, 121.49284076375092]
Retrieved eccentricity:
[0.03637090438841242, 0.046595795984213845, 0.012484584277662731]
 ± [0.0469423690672634, 0.03685950206503616, 0.11815317466208526]
