Global Fit Results.
chi^2: 95.8579197032396
per 3 range=[4090.7999999999997 - 4346.475, length=200]
mu_1: 2.550033468121459e-6 ± 1.4373061682130688e-7
P_1: 224.7007877090039 ± 4.157718743307033e-6
t01: 3503.7652369964435 ± 0.00010362459379013536
ecos1: -0.005905946556198439 ± 0.00703771065449612
esin1: 0.016353832545391935 ± 0.006295664826724049
mu_2: 2.87720942238968e-6 ± 1.0942514827240763e-7
P_2: 365.2564607113986 ± 8.495960378466576e-6
t02: 3624.4022184365813 ± 0.00013594240121971737
ecos2: 0.008111764242473672 ± 0.005744022183715537
esin2: 0.017386320215571273 ± 0.004796000054619311
mu_3: 0.0009618776409464492 ± 0.00014756334887580392
P_3: 4206.371000379473 ± 36.65963105401634
t03: 484.66684581180067 ± 96.3064326911035
ecos3: 0.040514067262952785 ± 0.015560985932900385
esin3: -0.044581986252395095 ± 0.009376205662894885
Retrieved Earth masses:
[0.8489525903746329, 0.957875425057628, 320.2265872637695]
 ± [0.04785054039172335, 0.036429625037989515, 49.12652670584579]
Retrieved eccentricity:
[0.017387583030639787, 0.019185537515635488, 0.06024071002566128]
 ± [0.009442709720565308, 0.007483007909318594, 0.018167485126919073]
