Global Fit Results.
chi^2: 2.027109913604463
per 4 range=[657.45 - 712.2375, length=100]
mu_1: 2.3222261038896877e-6 ± 4.5453398114902107e-7
P_1: 224.70077251019507 ± 1.220127114860721e-5
t01: 3503.7655397468257 ± 0.0003265990570683702
ecos1: -0.00035421399680121793 ± 0.018622370365557098
esin1: -0.0018070441560768227 ± 0.020099166923244427
mu_2: 3.0338915438562057e-6 ± 3.1436014966174087e-7
P_2: 365.256458345398 ± 2.5657829772560973e-5
t02: 3624.4021926928594 ± 0.00043415402128751447
ecos2: 0.012606311911065565 ± 0.014524113506952298
esin2: 0.0015201195503160914 ± 0.016224761675792926
mu_3: 2.2509421516155603e-7 ± 3.9747172679638264e-7
P_3: 688.0390665014061 ± 7.048219667361817
t03: 382.0440488969111 ± 111.49594714645953
ecos3: -0.08514384820615047 ± 0.26157730147080904
esin3: -0.16626218233545126 ± 0.36175153176049696
mu_4: 0.0010648756928055346 ± 0.0005249317460824549
P_4: 4340.273999861538 ± 121.4147463373508
t04: 367.5395925710176 ± 322.72406313860705
ecos4: 0.03189502094065371 ± 0.046272537191698764
esin4: -0.03526610257951682 ± 0.0286554479141294
Retrieved Earth masses:
[0.7731113693127578, 1.0100377572572872, 0.07493796431641424, 354.5165148362599]
 ± [0.15132264165694334, 0.10465621988973077, 0.1323255777944932, 174.7593398979472]
Retrieved eccentricity:
[0.0005009342382586624, 0.017828017276134412, 0.12041158488577411, 0.04510637118644635]
 ± [0.02633600873450566, 0.020540198302978197, 0.3699261673489739, 0.06543924966191383]
