Global Fit Results.
chi^2: 1.641959030027486
per 4 range=[657.45 - 712.2375, length=100]
mu_1: 2.3222282053805657e-6 ± 5.050364251630777e-7
P_1: 224.70077251014214 ± 1.3557028339710443e-5
t01: 3503.765539747012 ± 0.00036289025825724197
ecos1: -0.0003541824786520023 ± 0.020691324390676533
esin1: -0.0018068905356666142 ± 0.02233214501449496
mu_2: 3.0338915105942764e-6 ± 3.4928791122420763e-7
P_2: 365.2564583452824 ± 2.8508278953124264e-5
t02: 3624.4021926931555 ± 0.0004823880345562526
ecos2: 0.01260633059982013 ± 0.016137731491583582
esin2: 0.0015202524115353068 ± 0.018027254830009467
mu_3: 2.2510227319264643e-7 ± 4.416532962438448e-7
P_3: 688.0389835911917 ± 7.8313078681530035
t03: 382.0462394431664 ± 123.88099696583454
ecos3: -0.08514092520234574 ± 0.2906288801071757
esin3: -0.16625590465149762 ± 0.40192403154557826
mu_4: 0.0010648761573124725 ± 0.0005832486613861154
P_4: 4340.2739188078385 ± 134.9036979511304
t04: 4707.812492785647 ± 273.59169095579176
ecos4: 0.03189501100945818 ± 0.051413482034672095
esin4: -0.035266416724102724 ± 0.03184000704118277
Retrieved Earth masses:
[0.7731120689373496, 1.0100377461837848, 0.0749406469817412, 354.51666947908046]
 ± [0.16813582517079248, 0.11628430792274297, 0.1470344270304489, 194.1741032446307]
Retrieved eccentricity:
[0.0005008896648645808, 0.01782804370602458, 0.1204074511341506, 0.045106357141614935]
 ± [0.02926195157675597, 0.022822198741332896, 0.41101130386487206, 0.07270964358225875]
