Global Fit Results.
chi^2: 17.488024592875554
per 4 range=[657.45 - 712.2375, length=100]
mu_1: 2.357884064850108e-6 ± 1.7455320628911846e-7
P_1: 224.70077105371575 ± 6.01921091742622e-6
t01: 3503.7655519880213 ± 0.00012476233454632448
ecos1: -0.0005495829711880463 ± 0.0062955899215496516
esin1: -0.001789838581037351 ± 0.006653920479781738
mu_2: 3.0278002401056895e-6 ± 1.0770950326740302e-7
P_2: 365.2564615731789 ± 9.738223397079278e-6
t02: 3624.4021638192726 ± 0.00015018025290109124
ecos2: 0.012536672931945965 ± 0.004901124641216498
esin2: 0.0015458014194563955 ± 0.005360697915997024
mu_3: 2.3293762976839692e-7 ± 1.401673444996454e-7
P_3: 686.5128978189296 ± 3.584265177979019
t03: 390.17320807099037 ± 42.1914255306289
ecos3: -0.05943066236019274 ± 0.11745043893813933
esin3: -0.1781416140666228 ± 0.11871916834796784
mu_4: 0.0011136567598942766 ± 0.00020284969754617933
P_4: 4357.269265117813 ± 49.782897730652536
t04: 341.09176670808364 ± 118.17284678448686
ecos4: 0.032850446387139395 ± 0.015229911550909116
esin4: -0.03497423603690018 ± 0.009248081982856636
Retrieved Earth masses:
[0.7849825540259242, 1.0080098512856963, 0.07754917990675907, 370.75662061680634]
 ± [0.05811194185875154, 0.03585845556536493, 0.04666426213086852, 67.53235921856432]
Retrieved eccentricity:
[0.000777227691503437, 0.017729532887393658, 0.08404764873060079, 0.04645754681070277]
 ± [0.008903308650194886, 0.006931236938489341, 0.1661000036529897, 0.02153834746903833]
