Global Fit Results.
chi^2: 0.7901690323484653
per 4 range=[657.45 - 803.5500000000001, length=100]
mu_1: 2.6249299733054954e-6 ± 1.204856463212391e-6
P_1: 224.7007626478926 ± 7.292097932868619e-5
t01: 3503.7656583825496 ± 0.0018064566378098146
ecos1: -0.003966317669889392 ± 0.02861736126841544
esin1: 0.001328823186482225 ± 0.03145025050041678
mu_2: 3.013640790638039e-6 ± 4.7231036533304173e-7
P_2: 365.25644902495105 ± 5.783827543995619e-5
t02: 3624.4022448246064 ± 0.0006666232920711133
ecos2: 0.010005956769300502 ± 0.022916991327537346
esin2: 0.0038958235364782517 ± 0.024773595103037005
mu_3: 3.6163716297502987e-7 ± 7.338556487910221e-7
P_3: 677.006875080506 ± 10.674370614902653
t03: 448.0067254343616 ± 146.9603213627404
ecos3: 0.08586191669661587 ± 0.6176367065597496
esin3: -0.16258678353619044 ± 0.5151830080767884
mu_4: 0.0011985499577041405 ± 0.0011164411465498852
P_4: 4305.213480774958 ± 306.9753501968926
t04: 350.3854389364655 ± 660.6124169742218
ecos4: 0.02847627505846603 ± 0.07039869724738226
esin4: -0.03439177263820203 ± 0.046860938844537965
Retrieved Earth masses:
[0.8738870011895762, 1.0032959126436694, 0.12039559877210278, 399.01911249655507]
 ± [0.4011186630531935, 0.15724072374848402, 0.24431391265666355, 371.6835936520367]
Retrieved eccentricity:
[0.00560922024143763, 0.014150559767663648, 0.12142708708370306, 0.04027153439354936]
 ± [0.040471060425123634, 0.03240951994418991, 0.8734702070362494, 0.09955879242064547]
