Global Fit Results.
chi^2: 1.9005009150739756
per 4 range=[657.45 - 712.2375, length=100]
mu_1: 2.3646535582118644e-6 ± 5.271845810143905e-7
P_1: 224.70077011263334 ± 1.8614348731201863e-5
t01: 3503.7655698586896 ± 0.00038194103003189516
ecos1: -0.0004968862092411641 ± 0.01889527058791129
esin1: -0.001386286695995812 ± 0.020158153530337876
mu_2: 3.0397087125299717e-6 ± 3.290539412074857e-7
P_2: 365.2564603058714 ± 3.2309426787832436e-5
t02: 3624.4021788239256 ± 0.0004749519501819966
ecos2: 0.012638011259263828 ± 0.014726820858653393
esin2: 0.0019359285785377023 ± 0.01624946427697355
mu_3: 2.406432395532048e-7 ± 4.2006773130209446e-7
P_3: 686.7265660450306 ± 10.589744215900788
t03: 388.6570342645597 ± 124.03740912004065
ecos3: -0.06790888315489932 ± 0.33134128607376306
esin3: -0.17877838548535396 ± 0.35687952606182355
mu_4: 0.001115694418511195 ± 0.000609485937723461
P_4: 4366.228438309804 ± 162.64275730330476
t04: 4693.230751389214 ± 255.1881657038158
ecos4: 0.03226879088736156 ± 0.046553488080629354
esin4: -0.03337296913452948 ± 0.029429658538395926
Retrieved Earth masses:
[0.7872362416723145, 1.0119743986684595, 0.08011451776173548, 371.43499428631213]
 ± [0.17550934968215687, 0.10954805074259188, 0.13984819928046627, 202.90897044908877]
Retrieved eccentricity:
[0.0007027032160650098, 0.017872846924274783, 0.09603766356326844, 0.045634961714288054]
 ± [0.026721947930133595, 0.020826869788946618, 0.4685873405396592, 0.06583657421940026]
