Global Fit Results.
chi^2: 14.438850264158956
per 4 range=[657.45 - 730.5, length=100]
mu_1: 2.490080876366076e-6 ± 2.1092272905025715e-7
P_1: 224.70076920277657 ± 9.190935224458359e-6
t01: 3503.765558750174 ± 0.00016785101071355147
ecos1: -0.0021622395529564647 ± 0.006709041377538789
esin1: 0.003223827713175885 ± 0.007322930959069246
mu_2: 3.0152248230734004e-6 ± 1.1524151153890483e-7
P_2: 365.2564585767981 ± 1.2611124171079445e-5
t02: 3624.4021850297613 ± 0.00016648426222160042
ecos2: 0.011644284000186068 ± 0.005194927029813669
esin2: 0.005578875820743383 ± 0.005840100994736583
mu_3: 2.838269000327656e-7 ± 1.7195654718894278e-7
P_3: 684.1157381961187 ± 3.5500911895161553
t03: 402.75935170857736 ± 46.182782236161174
ecos3: -0.02081747113160999 ± 0.1395764226647735
esin3: -0.19204081777983026 ± 0.11120117486627784
mu_4: 0.0012230055470463092 ± 0.000261459369364718
P_4: 4380.998839412849 ± 59.503111501784865
t04: 4638.021872849654 ± 88.68496842709817
ecos4: 0.03359076487695348 ± 0.015094392896081657
esin4: -0.03421659825901688 ± 0.011245779972782964
Retrieved Earth masses:
[0.8289932805433389, 1.0038232658945379, 0.0944911449253738, 407.16082364690584]
 ± [0.07022001845646905, 0.03836599831441173, 0.057247466746180586, 87.04458654160806]
Retrieved eccentricity:
[0.0030578685008905704, 0.016467504357187173, 0.02944035000863323, 0.04750451525947342]
 ± [0.009488017306637628, 0.007346736261101071, 0.19739086992004212, 0.02134669514942678]
