Global Fit Results.
chi^2: 0.44933030845090677
per 4 range=[657.45 - 1314.9, length=100]
mu_1: 2.541950638505103e-6 ± 9.065893426305743e-7
P_1: 224.700787621203 ± 3.6897916363713943e-5
t01: 3503.7653957028915 ± 0.0005555901896809178
ecos1: 0.014645209874861849 ± 0.052938756723484054
esin1: 0.013480586149797774 ± 0.03247004710401822
mu_2: 3.0985171187498237e-6 ± 6.223157014357333e-7
P_2: 365.25627107163604 ± 0.0003043868455676903
t02: 3624.4038457810607 ± 0.002630439422290238
ecos2: 0.024249026315154902 ± 0.043760244462394474
esin2: 0.012967002303404099 ± 0.024599256219527913
mu_3: 9.137153747216438e-6 ± 1.7607230342434165e-5
P_3: 1246.5365014984889 ± 36.545227805953104
t03: 712.1508047071055 ± 184.1544361412494
ecos3: 0.22471036077398313 ± 0.27592082731927536
esin3: 0.11772152196119992 ± 0.2892033168159517
mu_4: 0.0016571589438172756 ± 0.003002247649932295
P_4: 4904.9252815791515 ± 658.2847798776656
t04: -670.6013958885011 ± 1150.363318109053
ecos4: 0.034736609753377765 ± 0.09365576752998148
esin4: -0.04234120225461779 ± 0.0649152454808303
Retrieved Earth masses:
[0.8462616691666782, 1.0315527882936457, 3.0419249156227974, 551.6983975322312]
 ± [0.3018201056785514, 0.20718023248293638, 5.861767696540818, 999.5029285767702]
Retrieved eccentricity:
[0.020711454428830007, 0.03429330188923414, 0.3177884398123181, 0.04912498462408837]
 ± [0.07486670773352101, 0.0618863312114804, 0.39021097613612404, 0.13244925663536156]
