Global Fit Results.
chi^2: 162.75189251132153
per 4 range=[657.45 - 712.2375, length=100]
mu_1: 2.322680001000624e-6 ± 5.523521507962226e-8
P_1: 224.7007731070118 ± 1.5546278101283407e-6
t01: 3503.7655314149956 ± 3.724003393608858e-5
ecos1: -0.00014744973410668334 ± 0.002100129124628272
esin1: -0.002157216860948441 ± 0.002262358621185103
mu_2: 3.0363323471951235e-6 ± 3.526733849812351e-8
P_2: 365.2564581180684 ± 3.05971088476903e-6
t02: 3624.4021959994047 ± 4.959172194561006e-5
ecos2: 0.012863608095003237 ± 0.0016483020660249047
esin2: 0.0012914732622064393 ± 0.00182308994150866
mu_3: 2.2046879210913138e-7 ± 4.479590705774972e-8
P_3: 688.1662158535577 ± 1.0506769065123112
t03: 379.6750875977205 ± 13.315879075547382
ecos3: -0.08169940933636068 ± 0.0321010735268775
esin3: -0.16758254209838852 ± 0.04176661564440317
mu_4: 0.0010654651257528407 ± 5.867556981352494e-5
P_4: 4340.631543194261 ± 15.452748582290459
t04: 4710.685190156644 ± 27.95485360769823
ecos4: 0.03233761021208847 ± 0.005201668342785739
esin4: -0.0349814405397234 ± 0.0031935072725459415
Retrieved Earth masses:
[0.7732624799287202, 1.010850345148024, 0.07339807673022221, 354.712747800934]
 ± [0.018388809208958905, 0.011741139380283185, 0.01491337341657453, 19.534165965906066]
Retrieved eccentricity:
[0.0002085254137419783, 0.018191889029005908, 0.11554041272135233, 0.04573228693667021]
 ± [0.0029700310907840384, 0.002331051136660013, 0.04539777354844609, 0.007356269917334373]
