Global Fit Results.
chi^2: 1.5739221823556677
per 4 range=[657.45 - 712.2375, length=100]
mu_1: 2.3579236403226705e-6 ± 5.818472440178632e-7
P_1: 224.70077105200596 ± 2.006635009225445e-5
t01: 3503.765551999473 ± 0.0004159031850388206
ecos1: -0.0005509466314114676 ± 0.020984384072552053
esin1: -0.0017886984537413314 ± 0.022177691003160915
mu_2: 3.027791632351124e-6 ± 3.5902498685472906e-7
P_2: 365.2564615749605 ± 3.245923980377707e-5
t02: 3624.4021638014706 ± 0.0005005884944071313
ecos2: 0.01253567466353591 ± 0.016336300074341104
esin2: 0.001546816314784365 ± 0.017867389528268846
mu_3: 2.329398535080351e-7 ± 4.672534605286728e-7
P_3: 686.5113330889931 ± 11.947107077729655
t03: 390.17558102582655 ± 140.65354800742833
ecos3: -0.05939073424830894 ± 0.3916246482292539
esin3: -0.1781674291372321 ± 0.3957303869669623
mu_4: 0.0011137244227649194 ± 0.0006762322841427549
P_4: 4357.293494872842 ± 165.9392850844389
t04: 341.0357768692355 ± 393.88648326850836
ecos4: 0.03285094622856624 ± 0.05076339285863376
esin4: -0.03497436118114602 ± 0.030826356674847216
Retrieved Earth masses:
[0.7849957294216071, 1.0080069856074114, 0.07754992023019, 370.7791468189219]
 ± [0.19370754587593458, 0.11952595776088977, 0.15555718802763346, 225.13004495617957]
Retrieved eccentricity:
[0.0007791561982858681, 0.01772812112266927, 0.08399118185325477, 0.04645825369322766]
 ± [0.029676400553449073, 0.02310301712412979, 0.5538408888854034, 0.07179027865275338]
