Global Fit Results.
chi^2: 1.7214008693036167
per 4 range=[657.45 - 730.5, length=100]
mu_1: 2.554826787469541e-6 ± 6.59734405245702e-7
P_1: 224.7007711944721 ± 3.5408003065273835e-5
t01: 3503.765529236618 ± 0.0005460880931049612
ecos1: 0.0013596672359161843 ± 0.023258488209328847
esin1: 0.004136152969491765 ± 0.02295767050917322
mu_2: 3.076090261509664e-6 ± 3.442397104362818e-7
P_2: 365.25645724907065 ± 3.543553042573036e-5
t02: 3624.402190177897 ± 0.0004447978438408327
ecos2: 0.014014771672588446 ± 0.017953344883585784
esin2: 0.006037284436009849 ± 0.018299066447172434
mu_3: 2.879667210024269e-7 ± 5.133221311590169e-7
P_3: 682.576148226055 ± 13.24265977648547
t03: 414.24770484090607 ± 144.9929810233235
ecos3: 0.0015447640794730502 ± 0.4068680671105189
esin3: -0.18351774520761782 ± 0.29865331178197574
mu_4: 0.0011021041671786696 ± 0.0007523149303318425
P_4: 4351.29598995006 ± 179.4202160679672
t04: 4640.160843466508 ± 262.99908166188857
ecos4: 0.025216266782095393 ± 0.052435247141959664
esin4: -0.03944465487798169 ± 0.03574792324095611
Retrieved Earth masses:
[0.8505483736958787, 1.024086479013391, 0.09586936673297627, 366.9105520714069]
 ± [0.2196376005626329, 0.1146036699275099, 0.17089428762090186, 250.45934371725218]
Retrieved eccentricity:
[0.0019228598453470064, 0.019819880172936843, 0.0021846263118575774, 0.03566118647565747]
 ± [0.032892469465927575, 0.025389863824328632, 0.5753983386042225, 0.07415463765454443]
