Global Fit Results.
chi^2: 0.9146564587224247
per 4 range=[657.45 - 803.5500000000001, length=100]
mu_1: 2.606200583315668e-6 ± 1.0944253726775717e-6
P_1: 224.70076388750007 ± 6.481285203112182e-5
t01: 3503.7656066684103 ± 0.0017045153861748002
ecos1: -0.0038996434054985865 ± 0.028221184782246025
esin1: 0.0006811898994333589 ± 0.02953287193166856
mu_2: 2.997389276586935e-6 ± 4.34301893298129e-7
P_2: 365.2564567260216 ± 6.930095509633388e-5
t02: 3624.4021767606278 ± 0.0007251770554912093
ecos2: 0.00982444607604813 ± 0.022546289599843075
esin2: 0.003193536028394319 ± 0.02327243447688167
mu_3: 3.8602677182408466e-7 ± 6.607782752933661e-7
P_3: 676.9803945437152 ± 10.476868764510414
t03: 451.6949890832141 ± 127.01815537566709
ecos3: 0.08814693845407542 ± 0.479862289165968
esin3: -0.13730337482156033 ± 0.45601852370950724
mu_4: 0.0011605012319811274 ± 0.0010192977761484636
P_4: 4268.980339103864 ± 370.57852524050475
t04: 4682.989618576861 ± 436.8606557384341
ecos4: 0.0250449285820994 ± 0.06980479092811968
esin4: -0.03506526857891801 ± 0.047395292627153356
Retrieved Earth masses:
[0.8676516461062901, 0.9978854875948723, 0.12851534381446192, 386.3519986461625]
 ± [0.3643541415128177, 0.14458701108408065, 0.21998512391558395, 339.34279617977336]
Retrieved eccentricity:
[0.005514928592474904, 0.013893864883550402, 0.12465859584341997, 0.03541887766947054]
 ± [0.039910782265289525, 0.03188526853328954, 0.6786277574099119, 0.09871888204916525]
