Global Fit Results.
chi^2: 1.0547369599509318
per 4 range=[657.45 - 730.5, length=100]
mu_1: 2.3629750691816447e-6 ± 7.154711660816008e-7
P_1: 224.7007703314235 ± 2.7195376922741726e-5
t01: 3503.7655659092375 ± 0.0005457598295570324
ecos1: -0.0008395681329855122 ± 0.025202764426912848
esin1: -0.0011842840620603012 ± 0.02678239494793398
mu_2: 3.0466226252613905e-6 ± 4.440802940867602e-7
P_2: 365.2564593018861 ± 4.703447089838215e-5
t02: 3624.4021880209166 ± 0.0006609644329852847
ecos2: 0.012497030384903091 ± 0.019505846750304024
esin2: 0.0019720970179802656 ± 0.02165215419026588
mu_3: 2.363413612142179e-7 ± 5.757614145314713e-7
P_3: 686.510985814672 ± 14.027480137018422
t03: 385.4114600400362 ± 179.65481688443987
ecos3: -0.05481008155272312 ± 0.5181545559818236
esin3: -0.1909581932673855 ± 0.5127803320499484
mu_4: 0.0011353034652885961 ± 0.0008612113372755556
P_4: 4375.154443571854 ± 236.93752795904848
t04: 316.2800708568771 ± 505.91387922458654
ecos4: 0.03210982944582487 ± 0.061788173832538644
esin4: -0.03184362834984697 ± 0.045422063143760065
Retrieved Earth masses:
[0.7866774421004915, 1.014276166153608, 0.07868234410401095, 377.96320313712204]
 ± [0.23819338348950778, 0.1478424188200996, 0.19168146238658462, 286.71294113590073]
Retrieved eccentricity:
[0.0011873286402043696, 0.017673469859718613, 0.07751316068663643, 0.04541015628777249]
 ± [0.03564209126183433, 0.027585433019851113, 0.732781200474904, 0.08738167342824253]
