Global Fit Results.
chi^2: 1.3601192054646825
per 4 range=[657.45 - 730.5, length=100]
mu_1: 2.554814976080528e-6 ± 7.422133446421576e-7
P_1: 224.70077119466464 ± 3.9834339058478286e-5
t01: 3503.7655292409327 ± 0.0006143385168211707
ecos1: 0.0013602344867905901 ± 0.026164921454283226
esin1: 0.0041363498168644555 ± 0.025827764581931277
mu_2: 3.0760947393406383e-6 ± 3.872610681970061e-7
P_2: 365.2564572485749 ± 3.98653055608318e-5
t02: 3624.4021901834126 ± 0.0005004038700158785
ecos2: 0.014015224469529268 ± 0.020196902731188553
esin2: 0.006037405331981903 ± 0.020586676294008698
mu_3: 2.8794167510277655e-7 ± 5.775084021032919e-7
P_3: 682.5765071972914 ± 14.898962277887751
t03: 414.24085259761375 ± 163.13262183479802
ecos3: 0.001545190636972757 ± 0.4577929823127728
esin3: -0.1835324350497402 ± 0.33603694410347323
mu_4: 0.0011020874924745601 ± 0.0008463186367980526
P_4: 4351.296750785874 ± 201.84851451921327
t04: 288.8652908686501 ± 394.62243510720305
ecos4: 0.02521606087812892 ± 0.05898986329865347
esin4: -0.039444000010347265 ± 0.040216236064298326
Retrieved Earth masses:
[0.8505444414693322, 1.024087969764886, 0.09586102849677183, 366.9050007586793]
 ± [0.24709634184086235, 0.12892626355970496, 0.19226306637060683, 281.75488987653284]
Retrieved eccentricity:
[0.0019236620592268591, 0.019820520524511557, 0.0021852295552587946, 0.03566089528347553]
 ± [0.03700278677907411, 0.028562733760377056, 0.6474170443459497, 0.08342426471949062]
