Global Fit Results.
chi^2: 0.9121165604671233
per 4 range=[657.45 - 1314.9, length=100]
mu_1: 2.296112774707072e-6 ± 6.66339396281745e-7
P_1: 224.7007957632995 ± 2.55184445579132e-5
t01: 3503.7652516895946 ± 0.00039789355732495465
ecos1: -0.0020503253842580247 ± 0.03025375754678567
esin1: -0.0013756352927505363 ± 0.030945192733876678
mu_2: 3.000492187857889e-6 ± 4.2930758023290863e-7
P_2: 365.2637348419603 ± 0.023637142581064943
t02: 3624.34724536862 ± 0.18446871371670293
ecos2: 0.011252277346092122 ± 0.023343031815862045
esin2: 0.0003423661533187473 ± 0.024755314852695078
mu_3: 3.5842205032072294e-6 ± 4.669405131712002e-6
P_3: 735.3837723214609 ± 8.913641339378117
t03: 110.02826394961356 ± 101.13053186052862
ecos3: 0.08553081048066585 ± 0.03289560159363773
esin3: 0.0038619076950123636 ± 0.0967320779065811
mu_4: 0.000918722878692481 ± 0.0007125244358626579
P_4: 4213.871581497223 ± 398.4481271093091
t04: 4796.051210407807 ± 395.20289957271575
ecos4: 0.022511955840464948 ± 0.07529248498185455
esin4: -0.039637472053848974 ± 0.05295177033308426
Retrieved Earth masses:
[0.7644177663738057, 0.9989185032764742, 1.1932522920623552, 305.8595808458119]
 ± [0.22183652238838475, 0.14292431329330063, 1.554530021519975, 237.21236332495687]
Retrieved eccentricity:
[0.002899597965695526, 0.015913123230427016, 0.1209588321825205, 0.03183671326512973]
 ± [0.042785274235411674, 0.03301203218089876, 0.04652140591614448, 0.10647965340611128]
