Global Fit Results.
chi^2: 214.327042800995
per 4 range=[657.45 - 712.2375, length=200]
mu_1: 2.2784291789846113e-6 ± 5.086937730791393e-8
P_1: 224.70077387419732 ± 1.2234178520909626e-6
t01: 3503.7655092623345 ± 3.377434877724568e-5
ecos1: 0.002217757526496125 ± 0.002068704781880941
esin1: -0.00403319368030826 ± 0.0022526047059287266
mu_2: 3.0392833435975374e-6 ± 3.4618316184146486e-8
P_2: 365.2564580743313 ± 2.779223229454114e-6
t02: 3624.402219944727 ± 4.786090822299114e-5
ecos2: 0.014425393285991978 ± 0.0016056699353534922
esin2: -0.0004359138601924204 ± 0.0018318937378441933
mu_3: 2.6764253607403674e-7 ± 4.516816898862182e-8
P_3: 690.0306062183168 ± 0.77683202313709
t03: 371.8361599742598 ± 9.799099593998017
ecos3: -0.08517913699147554 ± 0.017578775819915446
esin3: -0.1234656629068499 ± 0.027192138868487266
mu_4: 0.0010785094627249418 ± 5.587167799338759e-5
P_4: 4341.618323913285 ± 12.428788434937466
t04: 387.980976683255 ± 34.16889908872942
ecos4: 0.03451451203317016 ± 0.0048128777260252305
esin4: -0.03217223545762302 ± 0.0030935682900571893
Retrieved Earth masses:
[0.7585305752512592, 1.0118327856027607, 0.08910307536546702, 359.05544518142864]
 ± [0.01693534229106092, 0.011525068030024543, 0.015037306194109621, 18.60069930611771]
Retrieved eccentricity:
[0.004602727420694028, 0.014431978116289199, 0.14999751763159433, 0.04718372892458357]
