Global Fit Results.
chi^2: 2.9333301331441577
per 4 range=[657.45 - 803.5500000000001, length=100]
mu_1: 2.618114496226117e-6 ± 5.820074691774647e-7
P_1: 224.70076923958334 ± 3.2781701115966536e-5
t01: 3503.7655431062703 ± 0.0005033077727139503
ecos1: 0.000995741992882299 ± 0.018335623007054755
esin1: 0.004219655738643923 ± 0.01751813178659668
mu_2: 3.056231382058213e-6 ± 2.638253199966231e-7
P_2: 365.25645618794505 ± 2.895066589715754e-5
t02: 3624.402193317365 ± 0.0003449363045230145
ecos2: 0.01378933576605656 ± 0.014389460878667274
esin2: 0.006101516658743544 ± 0.013892754735879002
mu_3: 3.103694853053216e-7 ± 4.104186892115738e-7
P_3: 680.9193953828571 ± 9.564255023760005
t03: 425.15214332165294 ± 105.19286385365876
ecos3: 0.023081465564884465 ± 0.31915007826686953
esin3: -0.18162639112252474 ± 0.22288406302829067
mu_4: 0.0011062273616312904 ± 0.0005983770755519079
P_4: 4332.681362092626 ± 146.00624894658287
t04: 305.96661945918424 ± 290.77235599613937
ecos4: 0.02430687401284488 ± 0.04159353278911849
esin4: -0.04012799301239419 ± 0.026690355417571737
Retrieved Earth masses:
[0.8716180047259966, 1.01747509631469, 0.10332765503556295, 368.2832386086348]
 ± [0.19376088775006578, 0.08783225460273905, 0.13663585741131587, 199.21062788435282]
Retrieved eccentricity:
[0.0014081918309585611, 0.01950106565647358, 0.032642121641307184, 0.03437511088785936]
 ± [0.025930486731136987, 0.02034977072984833, 0.45134636911744164, 0.0588221381773814]
