Global Fit Results.
chi^2: 1.0930015370547221
per 4 range=[657.45 - 712.2375, length=100]
mu_1: 2.357884064850108e-6 ± 6.982128251564739e-7
P_1: 224.70077105371575 ± 2.407684366970488e-5
t01: 3503.7655519880213 ± 0.0004990493381852979
ecos1: -0.0005495829711880463 ± 0.025182359686198606
esin1: -0.001789838581037351 ± 0.02661568191912695
mu_2: 3.0278002401056895e-6 ± 4.308380130696121e-7
P_2: 365.2564615731789 ± 3.895289358831711e-5
t02: 3624.4021638192726 ± 0.000600721011604365
ecos2: 0.012536672931945965 ± 0.019604498564865992
esin2: 0.0015458014194563955 ± 0.021442791663988096
mu_3: 2.3293762976839692e-7 ± 5.606693779985816e-7
P_3: 686.5128978189296 ± 14.337060711916076
t03: 390.17320807099037 ± 168.7657021225156
ecos3: -0.05943066236019274 ± 0.46980175575255734
esin3: -0.1781416140666228 ± 0.47487667339187134
mu_4: 0.0011136567598942766 ± 0.0008113987901847173
P_4: 4357.269265117813 ± 199.13159092261014
t04: 341.09176670808364 ± 472.69138713794746
ecos4: 0.032850446387139395 ± 0.06091964620363646
esin4: -0.03497423603690018 ± 0.036992327931426545
Retrieved Earth masses:
[0.7849825540259242, 1.0080098512856963, 0.07754917990675907, 370.75662061680634]
 ± [0.23244776743500617, 0.14343382226145973, 0.1866570485234741, 270.1294368742573]
Retrieved eccentricity:
[0.000777227691503437, 0.017729532887393658, 0.08404764873060079, 0.04645754681070277]
 ± [0.035613234600779545, 0.027724947753957365, 0.6644000146119587, 0.08615338987615331]
