Global Fit Results.
chi^2: 105.79699283785632
per 4 range=[657.45 - 803.5500000000001, length=300]
mu_1: 2.3556273049490342e-6 ± 6.509613687992664e-8
P_1: 224.70079928568495 ± 2.5725516651043723e-6
t01: 3503.765249193176 ± 4.3062531880807154e-5
ecos1: 0.005169685431205042 ± 0.0028586028517781662
esin1: 0.019828566087092398 ± 0.0031930383402694763
mu_2: 2.954397182050964e-6 ± 4.817741708177144e-8
P_2: 365.23223852865084 ± 0.014079766734579044
t02: 3624.660635063935 ± 0.15162416980961635
ecos2: 0.01444114016799397 ± 0.002461149302959212
esin2: 0.019008154450440143 ± 0.0023942256094048125
mu_3: 4.0583725499761515e-6 ± 5.156191441762322e-7
P_3: 729.036785377973 ± 0.601066600178938
t03: 171.61663880658088 ± 7.098492181539058
ecos3: 0.07665722704412628 ± 0.008274584659066265
esin3: 0.059507527784101434 ± 0.008720983703567503
mu_4: -0.0009434596171426297 ± 7.426886854308904e-5
P_4: 4253.507911108095 ± 30.75056914905382
t04: 3839.3365123788662 ± 31.628869079265076
ecos4: 0.07690741420312146 ± 0.005109617833044949
esin4: 0.08209205322645353 ± 0.0073631688824824845
Retrieved Earth masses:
[0.7842312375479952, 0.9835726362232271, 1.3511061451070547, -314.0948916553378]
 ± [0.02167168969288335, 0.016039139697746452, 0.17165900509440454, 24.72545914477598]
Retrieved eccentricity:
[0.020491405040353003, 0.023871666572810462, 0.09704368254075238, 0.11248935755148293]
