Global Fit Results.
chi^2: 28.606985675079944
per 4 range=[657.45 - 1314.9, length=300]
mu_1: 1.7856595153934397e-6 ± 2.2289169585769544e-7
P_1: 224.70079741053013 ± 1.2336413421358244e-5
t01: 3503.7654357061606 ± 0.00017753121039994714
ecos1: -0.07390739463312819 ± 0.022090027126211328
esin1: -0.005141504963996343 ± 0.015722824693701027
mu_2: 2.6650280981359377e-6 ± 1.4907162938191734e-7
P_2: 365.2564356535794 ± 4.280611585320515e-5
t02: 3624.4026636862172 ± 0.00031416456375900527
ecos2: -0.04464118214861323 ± 0.017183914678304314
esin2: -0.005067978572374494 ± 0.012232215845473628
mu_3: 1.6263594973153646e-9 ± 1.2235929861751382e-6
P_3: 930.5212299607449 ± 12.759671342730678
t03: 651.5097803472268 ± 190218.77778635552
ecos3: -361.5421796874378 ± 272014.50440486113
esin3: -0.2717933796930721 ± 642.1252047155886
mu_4: 0.001459260721297883 ± 0.0005107828338567073
P_4: 5501.122937592014 ± 357.5242619675405
t04: 11.639135885812701 ± 504.7017849667287
ecos4: 0.0336584133856591 ± 0.025322268708490074
esin4: 0.04739869016414082 ± 0.026294096325882987
Retrieved Earth masses:
[0.5944785784467075, 0.8872363973326184, 0.0005414447007801003, 485.8144745411578]
 ± [0.07420470552128947, 0.04962866075964698, 0.4073563928330916, 170.04890929568515]
Retrieved eccentricity:
[0.07408601794368318, 0.044927937304484744, 361.5422818492808, 0.05813367888682201]
