Global Fit Results.
chi^2: 1.365743910960268
per 4 range=[657.45 - 712.2375, length=100]
mu_1: 2.3333044968737708e-6 ± 5.411601828663918e-7
P_1: 224.7007725488334 ± 1.4324797232437264e-5
t01: 3503.765538178795 ± 0.000395327569661393
ecos1: -0.000631250175526623 ± 0.022229533255120566
esin1: -0.00194986026544368 ± 0.023808464898583976
mu_2: 3.0311274980597773e-6 ± 3.7782421115385343e-7
P_2: 365.25645783378724 ± 3.079796245918743e-5
t02: 3624.4021942731893 ± 0.000529134815950312
ecos2: 0.012341803045945869 ± 0.017258012151109538
esin2: 0.0014169331711643507 ± 0.019277203855396566
mu_3: 2.2751956375085613e-7 ± 4.820226539198744e-7
P_3: 687.995353265713 ± 8.655735422066423
t03: 382.3138625607748 ± 133.51579965491024
ecos3: -0.0804274226572035 ± 0.3212649888537812
esin3: -0.16484568458381585 ± 0.42732914499204794
mu_4: 0.0010766743058859217 ± 0.0006323749414405289
P_4: 4337.4968810167975 ± 144.76439561779173
t04: 371.23488083568543 ± 387.9156001420887
ecos4: 0.032747535468098936 ± 0.05481870511760394
esin4: -0.035447403414052885 ± 0.03449801312413491
Retrieved Earth masses:
[0.776799568129989, 1.0091175560645864, 0.07574540703949528, 358.4444880423533]
 ± [0.18016208210415183, 0.1257845619577721, 0.16047412152829107, 210.5291367095003]
Retrieved eccentricity:
[0.0008927225594801471, 0.017453945251714224, 0.11374155190853034, 0.04631200879327948]
 ± [0.03143730741461524, 0.02440651484369878, 0.45433730435265857, 0.07752535624904688]
