Global Fit Results.
chi^2: 15.457120280635555
per 4 range=[657.45 - 730.5, length=100]
mu_1: 2.4645429385045313e-6 ± 2.0971579599798414e-7
P_1: 224.70076729836455 ± 8.723329306300193e-6
t01: 3503.7655942236147 ± 0.0001566789137734488
ecos1: -0.002094477853689345 ± 0.006367253377895156
esin1: 0.0020528194593406298 ± 0.006882369681623988
mu_2: 3.0396622845253623e-6 ± 1.1163042202323582e-7
P_2: 365.25645721335076 ± 1.2096699343662349e-5
t02: 3624.4022018662463 ± 0.00016553255660221923
ecos2: 0.011904622318629548 ± 0.00489188726576055
esin2: 0.004514627246217902 ± 0.005490924294263507
mu_3: 2.69798009938139e-7 ± 1.571311258188807e-7
P_3: 684.7298846507197 ± 3.4662891236556232
t03: 396.2390598558004 ± 45.735729101181775
ecos3: -0.037231614131632895 ± 0.13779929681358064
esin3: -0.2037560302876835 ± 0.11876982244919014
mu_4: 0.0012225353213607564 ± 0.0002482901440047545
P_4: 4385.409982557182 ± 54.798042717551965
t04: 265.4935914150411 ± 125.18058931472876
ecos4: 0.034781086530356706 ± 0.014517993720508804
esin4: -0.03152509045419531 ± 0.01059075549396407
Retrieved Earth masses:
[0.8204912358559191, 1.0119589419400394, 0.08982067187676399, 407.00427695102866]
 ± [0.06981820845909252, 0.03716380083868202, 0.05231181392716819, 82.6603115419531]
Retrieved eccentricity:
[0.0029620389867775626, 0.016835678337935346, 0.052653453653997026, 0.04918788428530263]
 ± [0.00900465608208523, 0.006918173316838807, 0.19487763443924136, 0.02053154361799098]
