Global Fit Results.
chi^2: 184.7754397927875
per 4 range=[657.45 - 712.2375, length=300]
mu_1: 2.3209882586315654e-6 ± 5.72603798422231e-8
P_1: 224.70077426426138 ± 1.9823115228689136e-6
t01: 3503.765504697042 ± 4.079953814448033e-5
ecos1: 0.002041857501682515 ± 0.0023211395476526397
esin1: -0.002323244495276164 ± 0.0023473096448868537
mu_2: 3.028623202637179e-6 ± 3.657278712010704e-8
P_2: 365.2564631114692 ± 3.256219246897359e-6
t02: 3624.40211870806 ± 5.000871747701801e-5
ecos2: 0.014685781327899267 ± 0.001806185466853722
esin2: 0.0014047578487280975 ± 0.0018920338399557343
mu_3: 2.225324493050412e-7 ± 5.0524524216020035e-8
P_3: 686.8553803698554 ± 1.248103050481925
t03: 374.83292700956326 ± 15.885867728620749
ecos3: -0.009986275195140679 ± 0.05290437074355115
esin3: -0.18220041032173215 ± 0.03910126821078152
mu_4: 0.0010994487005030944 ± 6.984393532277743e-5
P_4: 4374.747574590869 ± 15.789017317464086
t04: 4693.330441223816 ± 27.78542982201145
ecos4: 0.03234924494977838 ± 0.005104015800560227
esin4: -0.03112477638593106 ± 0.003055701587678202
Retrieved Earth masses:
[0.7726992680789885, 1.0082838305026847, 0.07408510580023811, 366.02649884580603]
 ± [0.01906302344678691, 0.012175747005276571, 0.016820534415273435, 23.25231827561489]
Retrieved eccentricity:
[0.003092999683480126, 0.014752813895133292, 0.1824738754279106, 0.044891261442456414]
