Global Fit Results.
chi^2: 153.9405744365877
per 4 range=[657.45 - 712.2375, length=100]
mu_1: 2.364659083331614e-6 ± 5.857609599762621e-8
P_1: 224.7007701121979 ± 2.068318479320859e-6
t01: 3503.765569863909 ± 4.243835952801077e-5
ecos1: -0.0004969988019761685 ± 0.002099462491587132
esin1: -0.0013862966466431643 ± 0.002239794273924297
mu_2: 3.039707908224092e-6 ± 3.656150453096956e-8
P_2: 365.2564603060786 ± 3.589835871200031e-6
t02: 3624.402178822028 ± 5.2771550165311136e-5
ecos2: 0.012637923187432608 ± 0.001636303937005014
esin2: 0.0019359474850192968 ± 0.001805494689645386
mu_3: 2.4066084327007e-7 ± 4.667340850197962e-8
P_3: 686.7262895398696 ± 1.1766296114801198
t03: 388.66291434315747 ± 13.780904048734918
ecos3: -0.06790920918198695 ± 0.03681140761980461
esin3: -0.1787667198163245 ± 0.03964658175391705
mu_4: 0.0011157038617179667 ± 6.772132819281774e-5
P_4: 4366.229535459243 ± 18.07135803180934
t04: 4693.230401522072 ± 28.35451128938387
ecos4: 0.032269093479035796 ± 0.005172560853048697
esin4: -0.03337310216251628 ± 0.003269933106334993
Retrieved Earth masses:
[0.7872380810853191, 1.0119741309003818, 0.08012037835973145, 371.43813810185435]
 ± [0.019501049320678705, 0.012171990825840442, 0.015538427846030815, 22.54566369878127]
Retrieved eccentricity:
[0.0007028624462378778, 0.017872722371896608, 0.09603812463519745, 0.045635389643537624]
 ± [0.002969088329296132, 0.002314083219876981, 0.05205919190597197, 0.007315105710581614]
