Global Fit Results.
chi^2: 1.1302214761996991
per 4 range=[657.45 - 712.2375, length=100]
mu_1: 2.3226749185660243e-6 ± 6.628288245630754e-7
P_1: 224.70077310722766 ± 1.865506746213578e-5
t01: 3503.7655314130534 ± 0.0004468782380770071
ecos1: -0.00014718603690682004 ± 0.02520159502095292
esin1: -0.0021574655844258253 ± 0.027148501888552314
mu_2: 3.036334157011338e-6 ± 4.232079571152656e-7
P_2: 365.2564581178809 ± 3.6716822739043484e-5
t02: 3624.402196002243 ± 0.0005951076073389932
ecos2: 0.012863818731508804 ± 0.019779626557136647
esin2: 0.0012912381370637322 ± 0.021877301174371762
mu_3: 2.2046217015265883e-7 ± 5.375592360187038e-7
P_3: 688.1664770718213 ± 12.608378603273914
t03: 379.67225357120003 ± 159.79255889453546
ecos3: -0.081702634100233 ± 0.3852310575841684
esin3: -0.16758511862419362 ± 0.5012357401460893
mu_4: 0.0010654562821760536 ± 0.000704099798580356
P_4: 4340.629358945278 ± 185.4323716704716
t04: 4710.6898724838975 ± 335.4596934663583
ecos4: 0.032337323638569 ± 0.062420622121411064
esin4: -0.03498113224595457 ± 0.03832235037728134
Retrieved Earth masses:
[0.7732607878936655, 1.0108509476688077, 0.07339587216029363, 354.7098036131359]
 ± [0.22066778911820692, 0.14089363765285629, 0.17896326130734164, 234.40764811898524]
Retrieved eccentricity:
[0.0002081524895855718, 0.018192186914008816, 0.11554497322615602, 0.045731881660512355]
 ± [0.03564043747206588, 0.027972616135777697, 0.5447989862828617, 0.08827609037586556]
