Global Fit Results.
chi^2: 1.875087929187156
per 4 range=[657.45 - 730.5, length=100]
mu_1: 2.3629836930252692e-6 ± 5.3660666275802e-7
P_1: 224.70077033073773 ± 2.0397945716816946e-5
t01: 3503.765565917395 ± 0.00040933314627495575
ecos1: -0.0008399363962929712 ± 0.018901993319631626
esin1: -0.0011838327110252165 ± 0.020086188158043604
mu_2: 3.0466206611428784e-6 ± 3.3305959433292344e-7
P_2: 365.25645930199516 ± 3.527503297944518e-5
t02: 3624.4021880209098 ± 0.0004957068238871716
ecos2: 0.012496754012808184 ± 0.014629329908437315
esin2: 0.001972481520529017 ± 0.016238533138108302
mu_3: 2.363497795882265e-7 ± 4.3182536534341325e-7
P_3: 686.5106382448502 ± 10.52082759893738
t03: 385.41411472074714 ± 134.73986235755655
ecos3: -0.054807090753357796 ± 0.38862458500782643
esin3: -0.19095913983232302 ± 0.3845660567872491
mu_4: 0.0011353250053953916 ± 0.000645933279151204
P_4: 4375.162125680467 ± 177.68953038167797
t04: 316.2635593501734 ± 379.41549067927133
ecos4: 0.03211025003638482 ± 0.04634062461632602
esin4: -0.031843285335017645 ± 0.034065750510809394
Retrieved Earth masses:
[0.7866803131351173, 1.014275512262779, 0.07868514673405902, 377.9703742310271]
 ± [0.17864613231774648, 0.11088160563098624, 0.14376252981802104, 215.04295429838518]
Retrieved eccentricity:
[0.0011878494431683026, 0.017673079010553733, 0.07750893105761165, 0.04541075109264658]
 ± [0.026731455308508685, 0.0206889967649424, 0.549598158789684, 0.06553553982124877]
