Global Fit Results.
chi^2: 54.98685826453172
per 4 range=[657.45 - 730.5, length=200]
mu_1: 2.3340217555894513e-6 ± 1.9662076858811877e-7
P_1: 224.70075400009264 ± 9.184443807530553e-6
t01: 3503.765788376333 ± 0.00020626532326073908
ecos1: -0.007526895652642655 ± 0.004955360879327825
esin1: -0.00422179308853119 ± 0.005368881597545915
mu_2: 2.9820480675972895e-6 ± 1.1072321077520218e-7
P_2: 365.25645572549814 ± 1.2137987700778527e-5
t02: 3624.4020324043568 ± 0.00016084637971574458
ecos2: 0.007483337839751575 ± 0.0038193585019191166
esin2: 0.0011799256372605953 ± 0.004373941031139178
mu_3: 3.5594826130622147e-7 ± 1.9704994693225322e-7
P_3: 682.5272911289302 ± 2.2730516505289216
t03: 403.3787436852367 ± 36.61333354354153
ecos3: 0.15520072962187234 ± 0.17843938215763847
esin3: -0.14314754859279266 ± 0.13182139829784165
mu_4: 0.001516035807455684 ± 0.00025956834402622364
P_4: 4365.0825342133885 ± 59.10854093117616
t04: 338.1929678110405 ± 114.28081431987161
ecos4: 0.043075657771239936 ± 0.010268469271613031
esin4: -0.02058796209630148 ± 0.008099378252625097
Retrieved Earth masses:
[0.7770383566213002, 0.9927781196822337, 0.11850165978326302, 504.7159348807805]
 ± [0.06545863530854025, 0.0368617736893668, 0.06560151659678233, 86.41502976141352]
Retrieved eccentricity:
[0.008630046062921138, 0.00757578839021541, 0.21113618151157196, 0.047742815959092]
