Global Fit Results.
chi^2: 1.0559988456776666
per 4 range=[657.45 - 803.5500000000001, length=100]
mu_1: 2.618096907414854e-6 ± 9.70063043527837e-7
P_1: 224.70076924063343 ± 5.46381972994335e-5
t01: 3503.765543098326 ± 0.0008388304396764516
ecos1: 0.0009962435932918464 ± 0.030559154169374856
esin1: 0.00421970801503555 ± 0.029197157974481885
mu_2: 3.0562354457519855e-6 ± 4.3970830119797737e-7
P_2: 365.2564561878835 ± 4.825154901701734e-5
t02: 3624.4021933203226 ± 0.0005749016277615792
ecos2: 0.01378973889853942 ± 0.023982113354148356
esin2: 0.006101525792381492 ± 0.023154694103462357
mu_3: 3.1035714061191347e-7 ± 6.840401776541796e-7
P_3: 680.9198795836378 ± 15.941388173005011
t03: 425.1471998207582 ± 175.32935357918998
ecos3: 0.023082374677293176 ± 0.531915994930883
esin3: -0.18162868106032062 ± 0.37148227248650023
mu_4: 0.001106213966645282 ± 0.0009972738973803327
P_4: 4332.688001960232 ± 243.34851148632495
t04: 4638.64790480566 ± 354.29583366908525
ecos4: 0.024305906674039226 ± 0.0693212275069015
esin4: -0.040127786526831334 ± 0.04448400179572453
Retrieved Earth masses:
[0.871612149090347, 1.017476449192367, 0.1033235452622689, 368.27877917380306]
 ± [0.3229516568801489, 0.1463869027516121, 0.2277294349268439, 332.0106457731062]
Retrieved eccentricity:
[0.0014089012010606349, 0.01950163577189827, 0.0326434073204053, 0.034373742864201]
 ± [0.04321717028098024, 0.03391582995980552, 0.7522428140744333, 0.09803502010061096]
