Global Fit Results.
chi^2: 8.209049044864352
per 4 range=[657.45 - 1314.9, length=100]
mu_1: 2.2961139407405987e-6 ± 2.2211448591045842e-7
P_1: 224.70079576331327 ± 8.506169122805686e-6
t01: 3503.7652516891417 ± 0.00013263137229263191
ecos1: -0.002050332689469249 ± 0.010084589471929896
esin1: -0.0013755668722359345 ± 0.010315120166430287
mu_2: 3.000492509735448e-6 ± 1.4310284983397187e-7
P_2: 365.26373479950587 ± 0.007879146109291971
t02: 3624.347245006804 ± 0.06149057450471105
ecos2: 0.01125227799509855 ± 0.0077810250234713685
esin2: 0.0003424388346117969 ± 0.008251816156765563
mu_3: 3.584197938552065e-6 ± 1.556444160355986e-6
P_3: 735.383772321452 ± 2.971318802544158
t03: 110.02937395288959 ± 33.710670356442805
ecos3: 0.08553090828450446 ± 0.010965194916266024
esin3: 0.0038608859460663256 ± 0.03224393994619417
mu_4: 0.0009187250780665666 ± 0.00023750939326687545
P_4: 4213.874514928783 ± 132.81375819382595
t04: 4796.0490137664765 ± 131.7350061490604
ecos4: 0.02251218623121623 ± 0.025098165615584363
esin4: -0.03963755001596311 ± 0.017650665603115217
Retrieved Earth masses:
[0.7644181545676059, 0.9989186104353766, 1.193244779877636, 305.8603130575065]
 ± [0.07394595817298197, 0.04764154532686943, 0.5181686115990807, 79.07120325003413]
Retrieved eccentricity:
[0.0028996082968243153, 0.01591312414826071, 0.12095897049803553, 0.03183703908685485]
 ± [0.014261763202168187, 0.01100403111735764, 0.015507127364647925, 0.03549416620424549]
