Global Fit Results.
chi^2: 1.1497031616890023
per 4 range=[657.45 - 730.5, length=100]
mu_1: 2.464533053693728e-6 ± 7.689688873052318e-7
P_1: 224.7007672985668 ± 3.198747513345933e-5
t01: 3503.7655942302795 ± 0.000574482011029198
ecos1: -0.002094118726484056 ± 0.023346701047871815
esin1: 0.0020526550733766854 ± 0.025237182980091515
mu_2: 3.0396639421630493e-6 ± 4.093090834257631e-7
P_2: 365.2564572126964 ± 4.4355141261541924e-5
t02: 3624.4022018754004 ± 0.000606964517937853
ecos2: 0.011904867634596961 ± 0.01793696576428072
esin2: 0.004514493315553312 ± 0.020134848632115974
mu_3: 2.698046919030576e-7 ± 5.761144323496513e-7
P_3: 684.7302553956077 ± 12.710629565749514
t03: 396.239834331447 ± 167.68795044101753
ecos3: -0.03724868260130071 ± 0.5051892117212297
esin3: -0.2037455613991463 ± 0.43546818634562456
mu_4: 0.0012225192128663207 ± 0.0009104297375466317
P_4: 4385.4095503163235 ± 200.942643521421
t04: 265.4956788115988 ± 459.05812322524736
ecos4: 0.03478108153654209 ± 0.05323325964173212
esin4: -0.03152510836263377 ± 0.038833137759474105
Retrieved Earth masses:
[0.8204879450223509, 1.0119594937978194, 0.08982289642459731, 406.99891413981493]
 ± [0.256003749345372, 0.13626644943375996, 0.19179898844847318, 303.0986430988662]
Retrieved eccentricity:
[0.0029615311042132256, 0.01683602526710353, 0.0526775921152902, 0.04918787722298227]
 ± [0.03301722125857047, 0.025366700251667686, 0.714445434780736, 0.0752831977546659]
