Global Fit Results.
chi^2: 4.276127069757981
per 4 range=[657.45 - 712.2375, length=100]
mu_1: 2.364657634833921e-6 ± 3.514553868126197e-7
P_1: 224.7007701123776 ± 1.2409574112926817e-5
t01: 3503.765569862907 ± 0.00025462552240788276
ecos1: -0.0004968905825530864 ± 0.012596709445983244
esin1: -0.0013862971815801753 ± 0.013438845930153915
mu_2: 3.039708494676627e-6 ± 2.193695262716125e-7
P_2: 365.25646030578446 ± 2.1539070848363734e-5
t02: 3624.4021788248956 ± 0.0003166280293992576
ecos2: 0.012638003357449116 ± 0.009817771593808849
esin2: 0.001935945031489338 ± 0.010833004723201669
mu_3: 2.4066205853992213e-7 ± 2.8003587737436457e-7
P_3: 686.726449177804 ± 7.059678015041814
t03: 388.66177188855687 ± 82.68412613049377
ecos3: -0.06790852923956 ± 0.22085741975836826
esin3: -0.1787634574546355 ± 0.23787127558491822
mu_4: 0.001115698498052546 ± 0.00040632260884795093
P_4: 4366.228758382892 ± 108.4280400576259
t04: 4693.2301965508095 ± 170.12653655981472
ecos4: 0.03226898734750284 ± 0.031035651877310964
esin4: -0.03337327323364789 ± 0.019619968038592426
Retrieved Earth masses:
[0.7872375988540528, 1.011974326141113, 0.08012078294520135, 371.4363524399367]
 ± [0.11700590002667395, 0.0730321111097947, 0.093229044428948, 135.27219764819836]
Retrieved eccentricity:
[0.0007027094008620428, 0.017872835749421247, 0.09603716305139565, 0.04563523955088432]
 ± [0.01781443733978278, 0.01388442574024579, 0.31233955837301197, 0.043891039801983174]
