Global Fit Results.
chi^2: 0.6105904254189031
per 4 range=[657.45 - 1314.9, length=100]
mu_1: 2.2961109360126833e-6 ± 8.14417461471919e-7
P_1: 224.70079576328604 ± 3.11892290654936e-5
t01: 3503.765251689746 ± 0.00048631492744406947
ecos1: -0.00205037003161102 ± 0.03697651196019126
esin1: -0.0013758153577051375 ± 0.03782193006883354
mu_2: 3.0004924322998285e-6 ± 5.247116752016316e-7
P_2: 365.26373481857473 ± 0.028890500412626835
t02: 3624.3472451746334 ± 0.22546518916453615
ecos2: 0.01125225326139409 ± 0.02853015959522742
esin2: 0.000342235506540017 ± 0.03025656577206753
mu_3: 3.584204161423059e-6 ± 5.707028174370533e-6
P_3: 735.383772418259 ± 10.89461541035693
t03: 110.02888638337448 ± 123.59950169523158
ecos3: 0.08553085313929137 ± 0.04020538864444242
esin3: 0.0038607895291700037 ± 0.11822576942791564
mu_4: 0.0009187260683714056 ± 0.000870867357816319
P_4: 4213.872137384495 ± 486.9829422647264
t04: 4796.052785974488 ± 483.0234420658742
ecos4: 0.0225122770444387 ± 0.09202511213493485
esin4: -0.03963722950490753 ± 0.06471861906332406
Retrieved Earth masses:
[0.7644171542389518, 0.9989185846556484, 1.1932468515847394, 305.86064274802584]
 ± [0.27113440753083745, 0.17468607429313196, 1.8999736327155168, 289.92760625824934]
Retrieved eccentricity:
[0.0028996611065876562, 0.015913089169520413, 0.12095889251092727, 0.03183716751614571]
 ± [0.052292684703353444, 0.04034773863623951, 0.056859005901451695, 0.13014316166012974]
