Global Fit Results.
chi^2: 1.1543975224427327
per 4 range=[657.45 - 1314.9, length=100]
mu_1: 2.296117093134156e-6 ± 5.923031105235911e-7
P_1: 224.7007957632988 ± 2.26830774695969e-5
t01: 3503.765251689227 ± 0.0003536839210422263
ecos1: -0.002050215099102194 ± 0.02689228682586139
esin1: -0.0013753062298293166 ± 0.027507172539802636
mu_2: 3.0004930823333956e-6 ± 3.8160851810832997e-7
P_2: 365.2637347658079 ± 0.021012498544846814
t02: 3624.347245639394 ± 0.16398597924121974
ecos2: 0.011252364562173859 ± 0.02074949258112435
esin2: 0.00034264295519469167 ± 0.02200497019146406
mu_3: 3.5841936746154677e-6 ± 4.150665203029783e-6
P_3: 735.3837723215344 ± 7.923909755538929
t03: 110.02874368191979 ± 89.89915449176516
ecos3: 0.08553094121578118 ± 0.029240948374006506
esin3: 0.0038622432470766647 ± 0.08598449184430731
mu_4: 0.0009187233991254114 ± 0.0006333613963469545
P_4: 4213.875897201238 ± 354.16760729978455
t04: 4796.044964313791 ± 351.2925066530719
ecos4: 0.022512163409223088 ± 0.06692936031083399
esin4: -0.03963799180112679 ± 0.04706826069028977
Retrieved Earth masses:
[0.7644192040568419, 0.9989188010636632, 1.1932433603354753, 305.85975410741406]
 ± [0.19718849428920704, 0.12704442667403495, 1.3818320504184654, 210.85754551611674]
Retrieved eccentricity:
[0.002899441998932422, 0.015913246572592667, 0.12095901706989369, 0.031837006811682625]
 ± [0.03803143675236049, 0.029344213820585975, 0.0413529457671715, 0.09465240907253698]
