Global Fit Results.
chi^2: 139.11408262619543
per 4 range=[657.45 - 730.5, length=100]
mu_1: 2.4645304715671732e-6 ± 6.990529474892711e-8
P_1: 224.70076729897934 ± 2.9077542534811324e-6
t01: 3503.765594217376 ± 5.222540693336391e-5
ecos1: -0.002094344726624557 ± 0.0021223958343410485
esin1: 0.002052069027890199 ± 0.002294305049450671
mu_2: 3.0396629259804406e-6 ± 3.720997419596977e-8
P_2: 365.2564572136 ± 4.032248637492431e-6
t02: 3624.402201862587 ± 5.517783807419862e-5
ecos2: 0.011904715655636788 ± 0.0016306175421225196
esin2: 0.00451404121312795 ± 0.0018304647601602368
mu_3: 2.697958271727054e-7 ± 5.2376779037419704e-8
P_3: 684.7300552114224 ± 1.1554638588936317
t03: 396.23885838510375 ± 15.245138720997462
ecos3: -0.037233085925143496 ± 0.045930289780353226
esin3: -0.20375077424519458 ± 0.039589871105644936
mu_4: 0.0012225223971835339 ± 8.27639101605478e-5
P_4: 4385.404406034547 ± 18.26837625866338
t04: 265.5094666200389 ± 41.73314743887474
ecos4: 0.03478097295363743 ± 0.004839361504182432
esin4: -0.03152529063102028 ± 0.0035301926060546927
Retrieved Earth masses:
[0.8204870853853874, 1.011959155492119, 0.0898199451943921, 406.9999742570175]
 ± [0.023272745946241524, 0.012387878189188208, 0.017437183784122526, 27.553613236335693]
Retrieved eccentricity:
[0.002961850716677021, 0.016835810336396858, 0.05265553508434073, 0.049187723663565865]
 ± [0.0030015209736492716, 0.002306041443113149, 0.0649552387311019, 0.006843890672441057]
