Global Fit Results.
chi^2: 1.493913326187572
per 4 range=[657.45 - 803.5500000000001, length=100]
mu_1: 2.6249260175189033e-6 ± 8.762511070109955e-7
P_1: 224.7007626483495 ± 5.3034033144274144e-5
t01: 3503.765658384501 ± 0.0013138344483092773
ecos1: -0.003966099233768341 ± 0.020812927647858408
esin1: 0.0013287911416692258 ± 0.02287451951699413
mu_2: 3.013642675091588e-6 ± 3.434992791561757e-7
P_2: 365.2564490249131 ± 4.206465887768704e-5
t02: 3624.4022448252617 ± 0.00048482142731481084
ecos2: 0.010006144485860392 ± 0.016667120073608967
esin2: 0.0038957888893354506 ± 0.018018249595552142
mu_3: 3.6163580308722546e-7 ± 5.33704355406824e-7
P_3: 677.0069876595272 ± 7.76355933107005
t03: 448.0059977840311 ± 106.8863271554146
ecos3: 0.08585961842902337 ± 0.44918683756847344
esin3: -0.16258599862897619 ± 0.37471114767269387
mu_4: 0.0011985416994674109 ± 0.000811922396493567
P_4: 4305.214611994547 ± 223.26376262913396
t04: 350.3852943716475 ± 480.48232259419945
ecos4: 0.028475777515958412 ± 0.0511995609910624
esin4: -0.03439190236515976 ± 0.03408044212648971
Retrieved Earth masses:
[0.873885684236165, 1.003296540012581, 0.12039514604068233, 399.016363179124]
 ± [0.29171995443010096, 0.11435716686741336, 0.17767990133503067, 270.3037549519576]
Retrieved eccentricity:
[0.005608911326112729, 0.014150825238968526, 0.12142383684250378, 0.04027083076218723]
 ± [0.02943392455229132, 0.023570867253798658, 0.6352461177288157, 0.0724071135411089]
