Global Fit Results.
chi^2: 10.623383653992889
per 4 range=[657.45 - 803.5500000000001, length=100]
mu_1: 2.6249320784866765e-6 ± 3.285996340208658e-7
P_1: 224.7007626482272 ± 1.9887323475429413e-5
t01: 3503.765658392973 ± 0.0004926487454762638
ecos1: -0.003965976727741953 ± 0.007804857837001013
esin1: 0.0013288159764075725 ± 0.008578056966962929
mu_2: 3.0136436406286515e-6 ± 1.288125342979673e-7
P_2: 365.2564490247952 ± 1.5773508915708186e-5
t02: 3624.402244827126 ± 0.0001817984129433426
ecos2: 0.010006254250088805 ± 0.00625016851152743
esin2: 0.0038958078484063585 ± 0.006756932945369141
mu_3: 3.6164259087894245e-7 ± 2.0013806225024215e-7
P_3: 677.0070669124499 ± 2.9112007813622287
t03: 448.0065941380606 ± 40.07878348456055
ecos3: 0.08584901544609345 ± 0.16843412925334408
esin3: -0.16258841239967026 ± 0.14049777060800245
mu_4: 0.0011985436789951954 ± 0.00030447046052179213
P_4: 4305.216439689074 ± 83.70613487999148
t04: 350.3825246479017 ± 180.15466138416087
ecos4: 0.02847584286514354 ± 0.0191994994277065
esin4: -0.03439210475367455 ± 0.012780469478993787
Retrieved Earth masses:
[0.8738877020427371, 1.0032968614574564, 0.12039740582018449, 399.0170221999806]
 ± [0.10939680360496476, 0.04288403898696279, 0.06662960643613397, 101.3637622344419]
Retrieved eccentricity:
[0.005608738076428738, 0.01415098046902901, 0.12140884196024268, 0.04027092317989113]
 ± [0.011037735805480772, 0.008839073076119352, 0.23820182995658207, 0.02715219248143701]
