Global Fit Results.
chi^2: 54.368967284106965
per 4 range=[657.45 - 1314.9, length=100]
mu_1: 2.541950674143348e-6 ± 8.241551452299881e-8
P_1: 224.7007876212937 ± 3.354307657812583e-6
t01: 3503.7653957009225 ± 5.05081449077415e-5
ecos1: 0.0146453018986248 ± 0.0048124945849523605
esin1: 0.013480396961481358 ± 0.0029518407462571705
mu_2: 3.0985186561913566e-6 ± 5.6572279892965795e-8
P_2: 365.25627107348663 ± 2.7670050445810348e-5
t02: 3624.403845764557 ± 0.00023911873507953112
ecos2: 0.02424911485441195 ± 0.003978081474865635
esin2: 0.0129668537095885 ± 0.0022363084348786524
mu_3: 9.137077387597159e-6 ± 1.600559794973545e-6
P_3: 1246.536416207727 ± 3.3223590537564824
t03: 712.1507323743772 ± 16.741526243059482
ecos3: 0.22470918362499465 ± 0.025083999711903872
esin3: 0.11771997806513794 ± 0.026290894921020422
mu_4: 0.001657140253454363 ± 0.000272914614463397
P_4: 4904.918286409312 ± 59.84461725778873
t04: 4234.330536308165 ± 53.13197449817915
ecos4: 0.034736071259140966 ± 0.008513993051018043
esin4: -0.04234141584974492 ± 0.005901175757281885
Retrieved Earth masses:
[0.8462616810312993, 1.0315533001359365, 3.0418994941146495, 551.6921751699729]
 ± [0.027437625982572187, 0.01883394243994468, 0.5328555099291592, 90.85824629214615]
Retrieved eccentricity:
[0.02071158457008363, 0.03429342710265226, 0.3177867750722536, 0.04912422307823543]
 ± [0.006805895110886707, 0.005625856773980146, 0.03547413259113726, 0.012040604442700003]
