Global Fit Results.
chi^2: 165.2550135544076
per 4 range=[657.45 - 712.2375, length=100]
mu_1: 2.333305668275201e-6 ± 4.919679271577832e-8
P_1: 224.70077254869375 ± 1.3022545484908351e-6
t01: 3503.765538181919 ± 3.5938709599613715e-5
ecos1: -0.0006314150188854751 ± 0.0020208239151244902
esin1: -0.0019494084752827478 ± 0.0021644124386953414
mu_2: 3.031126287865534e-6 ± 3.434740544136139e-8
P_2: 365.2564578335154 ± 2.7998169539985077e-6
t02: 3624.402194276811 ± 4.8103347946661606e-5
ecos2: 0.01234165987954674 ± 0.0015688764877801699
esin2: 0.0014173217336457228 ± 0.0017524561958991809
mu_3: 2.2752861243908364e-7 ± 4.381806798549332e-8
P_3: 687.9953458138342 ± 0.7868929049119764
t03: 382.31486709060897 ± 12.136419627982665
ecos3: -0.08042543122468832 ± 0.029204145011415075
esin3: -0.16483880899012607 ± 0.03884320269331423
mu_4: 0.0010766811033034475 ± 5.7486662836644626e-5
P_4: 4337.499826086052 ± 13.160364530405097
t04: 371.2248840898302 ± 35.2655922591055
ecos4: 0.03274807378287842 ± 0.004983372804107854
esin4: -0.03544768501324905 ± 0.0031362359554535043
Retrieved Earth masses:
[0.7767999581108621, 1.009117153168879, 0.07574841951262799, 358.44675102646255]
 ± [0.01637850841422547, 0.011434876909114608, 0.01458783297809035, 19.138357177372573]
Retrieved eccentricity:
[0.0008929556831939028, 0.0174537427838509, 0.11373873559765882, 0.046312770085341445]
 ± [0.0028578765879369505, 0.0022187264067069835, 0.041300897952653765, 0.007047553405930568]
