Global Fit Results.
chi^2: 2.0304633202609907
per 4 range=[657.45 - 730.5, length=100]
mu_1: 2.490070451236327e-6 ± 5.62458006997737e-7
P_1: 224.70076920304436 ± 2.450854570569046e-5
t01: 3503.7655587527947 ± 0.0004475865183232497
ecos1: -0.0021619989451025206 ± 0.017890463178726917
esin1: 0.0032232716784274438 ± 0.01952703257346112
mu_2: 3.0152268356774993e-6 ± 3.073043360782871e-7
P_2: 365.2564585768759 ± 3.363059355496835e-5
t02: 3624.4021850288896 ± 0.0004439659199806341
ecos2: 0.011644473960237375 ± 0.013852812688110774
esin2: 0.005578431746770716 ± 0.015572931405754303
mu_3: 2.8382675341397427e-7 ± 4.585117359913278e-7
P_3: 684.1159564357547 ± 9.467211403741517
t03: 402.7595235169392 ± 123.14817674801057
ecos3: -0.0208270561638399 ± 0.3721828014575592
esin3: -0.19203575280856117 ± 0.29651237929090923
mu_4: 0.001222991541593493 ± 0.0006971970164822637
P_4: 4380.994140525808 ± 158.67009904653983
t04: 257.03817157041885 ± 332.13759127719794
ecos4: 0.03359076485524995 ± 0.04025111675670028
esin4: -0.0342163676781396 ± 0.029989504925701172
Retrieved Earth masses:
[0.8289898098277518, 1.0038239359271017, 0.0944910961133075, 407.1561609765542]
 ± [0.18725251569715426, 0.10230721102621719, 0.15264690869871642, 232.10958622441564]
Retrieved eccentricity:
[0.003057528230000309, 0.01646777300126804, 0.029453905291208553, 0.04750451522877999]
 ± [0.02530093566449208, 0.01959083558054035, 0.5263459655032932, 0.05692367521798849]
