Global Fit Results.
chi^2: 182.96826912651431
per 4 range=[657.45 - 730.5, length=200]
mu_1: 2.335772957649333e-6 ± 5.846784203101365e-8
P_1: 224.7007675241551 ± 2.374334327808986e-6
t01: 3503.76556014249 ± 4.697190851626963e-5
ecos1: -0.0030941624000911136 ± 0.0020101211818994895
esin1: 0.0024346500221381563 ± 0.0020838715295033406
mu_2: 3.057266571292602e-6 ± 3.6939150706918576e-8
P_2: 365.2564610947804 ± 3.930952499330703e-6
t02: 3624.4021505178807 ± 5.432398491055983e-5
ecos2: 0.01162825108079255 ± 0.00157572275964321
esin2: 0.0048866600782460435 ± 0.0016664569006644638
mu_3: 1.7231450927850394e-7 ± 6.014074268893164e-8
P_3: 685.4030958502975 ± 0.9751712326830749
t03: 356.00233180342366 ± 30.704160556542913
ecos3: 0.05213519094626814 ± 0.11762854578685888
esin3: -0.3205746181131952 ± 0.09851390117535118
mu_4: 0.001210012395448703 ± 7.462750248829754e-5
P_4: 4403.332552979057 ± 18.632386227506366
t04: 4637.131818509341 ± 26.52786848321675
ecos4: 0.033228304568481234 ± 0.004830438446933268
esin4: -0.033419046694471904 ± 0.0035509602917133815
Retrieved Earth masses:
[0.7776213636851648, 1.0178197296667806, 0.05736663884607178, 402.8351668099217]
 ± [0.01946500960334834, 0.012297716116635615, 0.020021948704239883, 24.844854917650018]
Retrieved eccentricity:
[0.003937176867812129, 0.01261331320146601, 0.32478633578619776, 0.04712698702933431]
