Global Fit Results.
chi^2: 0.37756227291618094
per 4 range=[657.45 - 1314.9, length=100]
mu_1: 2.5419465419608156e-6 ± 9.889887442961113e-7
P_1: 224.70078762116168 ± 4.0251855407942265e-5
t01: 3503.76539570294 ± 0.0006061009255444234
ecos1: 0.014645154079115676 ± 0.05774927747439874
esin1: 0.013480368684459287 ± 0.03542193623562901
mu_2: 3.098517303278723e-6 ± 6.788687450938743e-7
P_2: 365.25627107175796 ± 0.00033204499455854883
t02: 3624.4038457800334 ± 0.0028694612235054613
ecos2: 0.024248978668477163 ± 0.047736474672173304
esin2: 0.012966838377078297 ± 0.02683563033488298
mu_3: 9.137119087836471e-6 ± 1.9206849608880633e-5
P_3: 1246.536215294858 ± 39.86764240374227
t03: 712.1517607096395 ± 200.8961290152758
ecos3: 0.22471111643043407 ± 0.30101244594875537
esin3: 0.1177186348188607 ± 0.31549601503930147
mu_4: 0.0016571543754482206 ± 0.0032750189348738313
P_4: 4904.923118122542 ± 718.1466888688345
t04: 4234.327582606733 ± 637.5925455728154
ecos4: 0.03473617823053527 ± 0.10216803567020294
esin4: -0.04234114241643007 ± 0.07081354641033244
Retrieved Earth masses:
[0.8462603053524664, 1.0315528497266777, 3.041913376883886, 551.69687663896]
 ± [0.32925236739737895, 0.22600777082992007, 6.394310087391595, 1090.3134578603429]
Retrieved eccentricity:
[0.020711375521729046, 0.03429323450665628, 0.3177895084719195, 0.04912437435863204]
 ± [0.08166981142154177, 0.06750956990126723, 0.42569588350382803, 0.14448742168581913]
