Global Fit Results.
chi^2: 58.14900036785162
per 4 range=[657.45 - 712.2375, length=300]
mu_1: 2.375749067817221e-6 ± 1.5640844452935658e-7
P_1: 224.7007812262124 ± 3.907317093822935e-6
t01: 3503.7653718105507 ± 0.0001020256371234229
ecos1: 0.0008072642730148457 ± 0.005065905909868143
esin1: -0.0037417182723338926 ± 0.0050663593359265326
mu_2: 3.169116595303859e-6 ± 1.0477647333712465e-7
P_2: 365.2564009090373 ± 3.801458564999236e-5
t02: 3624.4030554370984 ± 0.0005163449305885568
ecos2: 0.013540709452702079 ± 0.004059168133531472
esin2: 0.001334957813810118 ± 0.004072363820203962
mu_3: 8.863666828852604e-7 ± 2.886502277373723e-7
P_3: 705.9158799534823 ± 3.221734389116622
t03: 151.34835961154903 ± 45.71772716227906
ecos3: -0.029372718563518557 ± 0.015535806767587241
esin3: -0.016122701693025963 ± 0.011973486328387462
mu_4: 0.0013311315983854655 ± 0.0001731234251619951
P_4: 4334.929350014503 ± 33.5264497050065
t04: 371.18699920407 ± 80.47140142662133
ecos4: 0.07309175223807036 ± 0.008138303137901207
esin4: -0.04218528795405003 ± 0.007473223206166989
Retrieved Earth masses:
[0.7909301389245468, 1.0550566400073234, 0.29508761389376853, 443.1579556527769]
 ± [0.052071220162252324, 0.034881996476461105, 0.09609691857510873, 57.63594167808162]
Retrieved eccentricity:
[0.0038278102403336975, 0.013606356045876065, 0.03350668747718834, 0.08439195912524831]
