Global Fit Results.
chi^2: 78.72205308328196
per 4 range=[657.45 - 712.2375, length=300]
mu_1: 2.692447180591308e-6 ± 1.978736551676779e-7
P_1: 224.70075583689078 ± 9.43586788076035e-6
t01: 3503.7655969655143 ± 0.00019216212646559552
ecos1: -0.006582552017759873 ± 0.005570438947296808
esin1: -0.007502929210327633 ± 0.0059855595407960534
mu_2: 3.0037242474631205e-6 ± 1.0627680942925618e-7
P_2: 365.2564671663638 ± 9.854853459651867e-6
t02: 3624.4019758156965 ± 0.0001488215470788452
ecos2: 0.008231668910665981 ± 0.004239968476354362
esin2: -0.0038797416786431438 ± 0.004925029253678391
mu_3: 6.392244520900745e-7 ± 1.6531119945378935e-7
P_3: 681.4974837611708 ± 1.9139780523617136
t03: 439.2865832587988 ± 20.970465641636565
ecos3: -0.01468391004712886 ± 0.04455580770833675
esin3: -0.12233408323334319 ± 0.026919793333575043
mu_4: 0.0012933482467991809 ± 0.0002405534027220972
P_4: 4377.288554164059 ± 50.989217310285625
t04: 4739.174682260676 ± 83.81477571429656
ecos4: 0.01834961944238421 ± 0.015981204881960625
esin4: -0.03954881110654216 ± 0.010772712529289305
Retrieved Earth masses:
[0.8963647093203548, 0.9999945147909928, 0.21280946356850974, 430.5791896862888]
 ± [0.06587574407219342, 0.0353814856901403, 0.05503510944019797, 80.08460944428268]
Retrieved eccentricity:
[0.009981179178919804, 0.009100152116740994, 0.12321219556040186, 0.04359835998774813]
