Global Fit Results.
chi^2: 203.29854604520034
per 4 range=[657.45 - 730.5, length=300]
mu_1: 2.512163759512317e-6 ± 5.998577446419577e-8
P_1: 224.70077992568147 ± 1.6568198903173717e-6
t01: 3503.7654391149445 ± 3.71997413435708e-5
ecos1: 0.008563240123901037 ± 0.002822266543387338
esin1: -0.0020185770749769167 ± 0.003146837410849699
mu_2: 3.0181554766591285e-6 ± 4.0028528767586997e-8
P_2: 365.20861738330285 ± 0.02083368083367019
t02: 3625.2882703163245 ± 0.4457251219421246
ecos2: 0.01973999468015286 ± 0.0022230057098634663
esin2: 0.0003079258499924594 ± 0.0025757588932537826
mu_3: 3.13521621536742e-6 ± 3.826441631527886e-7
P_3: 729.7281753551541 ± 0.20181930670551676
t03: 176.80577228899915 ± 5.348556691482853
ecos3: 0.1011242416460192 ± 0.004185640661743373
esin3: -0.01071464074995824 ± 0.010361664060242666
mu_4: 0.0008006866198642042 ± 5.162018691807579e-5
P_4: 4259.30075742137 ± 17.066397525930626
t04: 471.95487905208864 ± 40.401576227915534
ecos4: 0.02538794346810764 ± 0.007475766589436225
esin4: -0.05727259533364283 ± 0.005419755285335577
Retrieved Earth masses:
[0.8363450745822432, 1.0047989338550556, 1.043770586031363, 266.5631602524711]
 ± [0.019970356959480472, 0.013326226346026098, 0.12738921177360052, 17.185300486274194]
Retrieved eccentricity:
[0.00879793923752665, 0.019742396214784994, 0.10169029341526727, 0.06264740896310905]
