Global Fit Results.
chi^2: 0.33764189284581014
per 4 range=[657.45 - 1314.9, length=100]
mu_1: 2.544144747591163e-6 ± 8.403533836583551e-7
P_1: 224.70079621478564 ± 3.8328360863321344e-5
t01: 3503.7653103534085 ± 0.0005314453789933665
ecos1: 0.015802394306070063 ± 0.053174598885804905
esin1: 0.011636719229305145 ± 0.03624563553208805
mu_2: 3.0558644604926963e-6 ± 6.014555982414681e-7
P_2: 365.2562905533299 ± 0.0002977978780717778
t02: 3624.4036419865024 ± 0.002488377201913702
ecos2: 0.024930974291300062 ± 0.0438592426443313
esin2: 0.011993742624453475 ± 0.027667658806263217
mu_3: 8.904541572195868e-6 ± 1.7165880131739915e-5
P_3: 1252.4468842715935 ± 54.05943761939648
t03: 688.8776490797305 ± 221.3988759972683
ecos3: 0.2207728681370383 ± 0.2564418621762829
esin3: 0.11565596937484171 ± 0.2700235813121982
mu_4: 0.0015375733959675727 ± 0.0025957361950353784
P_4: 4811.554038508276 ± 690.0221695871745
t04: -546.7798063971198 ± 1112.1632380176575
ecos4: 0.03950099065204833 ± 0.08855659400403061
esin4: -0.046420995898716066 ± 0.06718287649183577
Retrieved Earth masses:
[0.8469921280471051, 1.0173529414420563, 2.964484085529745, 511.88619040337187]
 ± [0.27976894844929456, 0.20023552416297088, 5.71483417221053, 864.1678606390419]
Retrieved eccentricity:
[0.022347960345611657, 0.03525772196593151, 0.31221998432340653, 0.0558628367072996]
 ± [0.07520023891805457, 0.062026335783025736, 0.3626635594499113, 0.125237936278068]
