Global Fit Results.
chi^2: 0.9024281415099348
per 4 range=[657.45 - 730.5, length=100]
mu_1: 2.490080876366076e-6 ± 8.436909162010286e-7
P_1: 224.70076920277657 ± 3.6763740897833434e-5
t01: 3503.765558750174 ± 0.0006714040428542059
ecos1: -0.0021622395529564647 ± 0.026836165510155156
esin1: 0.003223827713175885 ± 0.029291723836276984
mu_2: 3.0152248230734004e-6 ± 4.609660461556193e-7
P_2: 365.2564585767981 ± 5.044449668431778e-5
t02: 3624.4021850297613 ± 0.0006659370488864017
ecos2: 0.011644284000186068 ± 0.020779708119254676
esin2: 0.005578875820743383 ± 0.023360403978946332
mu_3: 2.838269000327656e-7 ± 6.878261887557711e-7
P_3: 684.1157381961187 ± 14.200364758064621
t03: 402.75935170857736 ± 184.7311289446447
ecos3: -0.02081747113160999 ± 0.558305690659094
esin3: -0.19204081777983026 ± 0.44480469946511136
mu_4: 0.0012230055470463092 ± 0.001045837477458872
P_4: 4380.998839412849 ± 238.01244600713946
t04: 4638.021872849654 ± 354.7398737083927
ecos4: 0.03359076487695348 ± 0.06037757158432663
esin4: -0.03421659825901688 ± 0.04498311989113186
Retrieved Earth masses:
[0.8289932805433389, 1.0038232658945379, 0.0944911449253738, 407.16082364690584]
 ± [0.2808800738258762, 0.15346399325764692, 0.22898986698472235, 348.1783461664322]
Retrieved eccentricity:
[0.0030578685008905704, 0.016467504357187173, 0.02944035000863323, 0.04750451525947342]
 ± [0.03795206922655051, 0.029386945044404283, 0.7895634796801685, 0.08538678059770712]
