Global Fit Results.
chi^2: 4.3720061482188886
per 4 range=[657.45 - 712.2375, length=100]
mu_1: 2.357884064850108e-6 ± 3.4910641257823693e-7
P_1: 224.70077105371575 ± 1.203842183485244e-5
t01: 3503.7655519880213 ± 0.00024952466909264895
ecos1: -0.0005495829711880463 ± 0.012591179843099303
esin1: -0.001789838581037351 ± 0.013307840959563475
mu_2: 3.0278002401056895e-6 ± 2.1541900653480604e-7
P_2: 365.2564615731789 ± 1.9476446794158557e-5
t02: 3624.4021638192726 ± 0.0003003605058021825
ecos2: 0.012536672931945965 ± 0.009802249282432996
esin2: 0.0015458014194563955 ± 0.010721395831994048
mu_3: 2.3293762976839692e-7 ± 2.803346889992908e-7
P_3: 686.5128978189296 ± 7.168530355958038
t03: 390.17320807099037 ± 84.3828510612578
ecos3: -0.05943066236019274 ± 0.23490087787627867
esin3: -0.1781416140666228 ± 0.23743833669593567
mu_4: 0.0011136567598942766 ± 0.00040569939509235866
P_4: 4357.269265117813 ± 99.56579546130507
t04: 341.09176670808364 ± 236.34569356897373
ecos4: 0.032850446387139395 ± 0.03045982310181823
esin4: -0.03497423603690018 ± 0.018496163965713273
Retrieved Earth masses:
[0.7849825540259242, 1.0080098512856963, 0.07754917990675907, 370.75662061680634]
 ± [0.11622388371750308, 0.07171691113072987, 0.09332852426173704, 135.06471843712865]
Retrieved eccentricity:
[0.000777227691503437, 0.017729532887393658, 0.08404764873060079, 0.04645754681070277]
 ± [0.017806617300389772, 0.013862473876978683, 0.3322000073059794, 0.04307669493807666]
