Global Fit Results.
chi^2: 214.32704280960786
per 4 range=[657.45 - 712.2375, length=300]
mu_1: 2.2784266279029064e-6 ± 5.086889089970879e-8
P_1: 224.7007738741608 ± 1.2234147488144903e-6
t01: 3503.7655092642667 ± 3.3774214026242135e-5
ecos1: 0.002217838312843114 ± 0.0020686976873661327
esin1: -0.004032992036849958 ± 0.0022523852965860166
mu_2: 3.039283200153773e-6 ± 3.4618408872900146e-8
P_2: 365.2564580740472 ± 2.779236834501042e-6
t02: 3624.4022199505916 ± 4.786134116925589e-5
ecos2: 0.014425424059096312 ± 0.0016056608988454359
esin2: -0.00043573829525346666 ± 0.0018317062293283122
mu_3: 2.676625737197954e-7 ± 4.51680896221649e-8
P_3: 690.0307161397777 ± 0.7767897927261664
t03: 371.8404299930857 ± 9.798523325094159
ecos3: -0.08518607690425814 ± 0.017575655590678353
esin3: -0.12345191047744007 ± 0.027188567868771413
mu_4: 0.0010785075640989906 ± 5.587070785699826e-5
P_4: 4341.616045122212 ± 12.428202804766492
t04: 387.98372925511944 ± 34.16478296963736
ecos4: 0.034514996913534046 ± 0.0048128065568690485
esin4: -0.03217222346557199 ± 0.003093512214612224
Retrieved Earth masses:
[0.7585297259496917, 1.0118327378477188, 0.08910974626272562, 359.054813094266]
 ± [0.01693518035690951, 0.01152509888779896, 0.015037279771570452, 18.600376330042682]
Retrieved eccentricity:
[0.00460258965705286, 0.014432003573541172, 0.14999013933878472, 0.04718407543504445]
