Global Fit Results.
chi^2: 70.94386261615365
per 4 range=[657.45 - 730.5, length=300]
mu_1: 2.5038245405767855e-6 ± 1.808196457354077e-7
P_1: 224.70076264528885 ± 7.257383522083362e-6
t01: 3503.7657422168927 ± 0.00015360880433404778
ecos1: 0.000675635959608482 ± 0.006940299906595615
esin1: 0.008461366086032256 ± 0.007036586103912898
mu_2: 3.029240072816661e-6 ± 1.1394744244076665e-7
P_2: 365.2564589078216 ± 1.1378249919390745e-5
t02: 3624.4021958409876 ± 0.00016084889132687464
ecos2: 0.0127030052633346 ± 0.005602130860787503
esin2: 0.008986093779685662 ± 0.005487567538204755
mu_3: 3.008458723519785e-7 ± 1.388742817985284e-7
P_3: 685.0369958650517 ± 3.258811251805266
t03: 426.63331225106737 ± 37.22015796208566
ecos3: -0.09634578340227816 ± 0.07521073438935365
esin3: -0.1334964980280088 ± 0.0938581790640936
mu_4: 0.0010914985274629303 ± 0.00020797781725704603
P_4: 4362.240755392721 ± 54.96102893355582
t04: 4572.507576062549 ± 83.12922410497984
ecos4: 0.03099983264584486 ± 0.017257874294245724
esin4: -0.0434738119534472 ± 0.012364693959048535
Retrieved Earth masses:
[0.8335687966998058, 1.008489197821719, 0.10015707081086958, 363.37974142840403]
 ± [0.06019815369356015, 0.03793517914018439, 0.04623377800454104, 69.23960367896689]
Retrieved eccentricity:
[0.008488297826524048, 0.015560084322959562, 0.1646323934259016, 0.053394399985710835]
