Global Fit Results.
chi^2: 77.38852754064551
per 4 range=[657.45 - 712.2375, length=300]
mu_1: 2.4797432646168424e-6 ± 1.42329001552626e-7
P_1: 224.70077540770214 ± 4.195699667294584e-6
t01: 3503.7654467135444 ± 0.0001100207480697324
ecos1: -0.00591685166338399 ± 0.006351801695197099
esin1: 0.005920372205490785 ± 0.006304686481400827
mu_2: 2.978150537417523e-6 ± 1.0292051057140456e-7
P_2: 365.2564548149327 ± 8.4329395530704e-6
t02: 3624.402156488645 ± 0.00014385604124223604
ecos2: 0.008847329207593553 ± 0.005070401105082481
esin2: 0.008152049268329872 ± 0.004970540042929089
mu_3: 3.9885467435250823e-7 ± 1.1647935956181657e-7
P_3: 687.2013753157837 ± 2.0054457399762344
t03: 418.791946217515 ± 20.685510214692417
ecos3: -0.10250950169138612 ± 0.035179183954741386
esin3: -0.07880337696311002 ± 0.04648680030148861
mu_4: 0.0010011234682683347 ± 0.0001767559760524737
P_4: 4355.604509557177 ± 45.70277198575808
t04: 266.97252288780214 ± 118.70472479025372
ecos4: 0.026285726164548374 ± 0.018259071938338728
esin4: -0.045583012923914666 ± 0.011099252693826736
Retrieved Earth masses:
[0.8255517012925128, 0.9914805608919118, 0.1327859862263049, 333.29223804162166]
 ± [0.047383917138369806, 0.034264112665407576, 0.038778100468629804, 58.845284036404195]
Retrieved eccentricity:
[0.00837018163829422, 0.01203042565252018, 0.12929876317198982, 0.052618917389275446]
