Global Fit Results.
per 4 range=[584.4 - 803.5500000000001, length=20]
mu_1: 2.4797389067201182e-6 ± 1.4232678479204387e-7
P_1: 224.70077540752104 ± 4.195680316902101e-6
t01: 3503.7654450093955 ± 0.00011002063223728184
ecos1: -0.005918331490674986 ± 0.006351202555642559
esin1: 0.005921277866256316 ± 0.006304304280187429
mu_2: 2.9781416826798643e-6 ± 1.0292039538364875e-7
P_2: 365.25645481501635 ± 8.432864716707121e-6
t02: 3624.4021537753806 ± 0.00014385677583260417
ecos2: 0.00884611997335365 ± 0.005069922129320114
esin2: 0.008152820742031256 ± 0.004970269992605154
mu_3: 3.9884778698390973e-7 ± 1.1647736355254998e-7
P_3: 687.2012858566667 ± 2.0054179213766985
t03: 418.79078297027706 ± 20.685419105786128
ecos3: -0.10251174099188076 ± 0.03518026581387181
esin3: -0.0788081010649434 ± 0.046487949715629716
mu_4: 0.001001155872959359 ± 0.00017675653755982605
P_4: 4355.613475167371 ± 45.696994069623415
t04: 266.94200982275527 ± 118.68443002886802
ecos4: 0.026288265414894468 ± 0.018258235396363957
esin4: -0.04558314102673859 ± 0.011098609718398851
Retrieved Earth masses:
[0.8255502504693143, 0.9914776129884562, 0.13278369329584508, 333.3030261535148]
 ± [0.047383179138393745, 0.03426407431730553, 0.038777435960787664, 58.84547097242965]
Retrieved eccentricity:
[0.008369784660732342, 0.012510302840696255, 0.14497349441319574, 0.037177221481007335]
 ± [0.00898195679156837, 0.007169952635459986, 0.04975240904186807, 0.02582104412253841]
