Global Fit Results.
chi^2: 53.04414303771476
per 4 range=[657.45 - 1314.9, length=300]
mu_1: 2.5553078161919617e-6 ± 8.500032777747417e-8
P_1: 224.7007882484077 ± 3.3791153222512277e-6
t01: 3503.7653984281906 ± 5.1482856226226475e-5
ecos1: 0.01591449475530167 ± 0.005107332526569496
esin1: 0.012369533949111902 ± 0.0032648690509335656
mu_2: 3.1221131930859307e-6 ± 5.763038690417508e-8
P_2: 365.25627791058355 ± 2.6940419326076916e-5
t02: 3624.4037201840233 ± 0.00023420189526374605
ecos2: 0.024862344667201233 ± 0.004209720969474594
esin2: 0.011790964250864773 ± 0.002515020226831818
mu_3: 8.401376905259808e-6 ± 1.5682968734181366e-6
P_3: 1241.724367713801 ± 3.4800514980183883
t03: 735.5114942316807 ± 16.982831933758828
ecos3: 0.1996561964709224 ± 0.027668365734728737
esin3: 0.12933549352552537 ± 0.026994484276090244
mu_4: 0.0014668184195504419 ± 0.000250975274986085
P_4: 4826.661397778124 ± 65.4328180138095
t04: -558.3732406135471 ± 115.67989226669536
ecos4: 0.024580794852362267 ± 0.010667569811919981
esin4: -0.049730641887688734 ± 0.007103117492819383
Retrieved Earth masses:
[0.8507085169195066, 1.0394083512424206, 2.7969714027667862, 488.33056995284136]
 ± [0.028298157397337535, 0.019186205537386074, 0.5221145956745339, 83.55424055527504]
Retrieved eccentricity:
[0.02015630207738404, 0.027516595361997107, 0.23788708807904388, 0.05547388771427022]
