Global Fit Results.
chi^2: 2.1736575410343035
per 4 range=[657.45 - 730.5, length=100]
mu_1: 2.4645304715671732e-6 ± 5.592423579914169e-7
P_1: 224.70076729897934 ± 2.326203402784906e-5
t01: 3503.765594217376 ± 0.00041780325546691125
ecos1: -0.002094344726624557 ± 0.016979166674728388
esin1: 0.002052069027890199 ± 0.018354440395605368
mu_2: 3.0396629259804406e-6 ± 2.976797935677582e-7
P_2: 365.2564572136 ± 3.225798909993945e-5
t02: 3624.402201862587 ± 0.00044142270459358895
ecos2: 0.011904715655636788 ± 0.013044940336980157
esin2: 0.00451404121312795 ± 0.014643718081281894
mu_3: 2.697958271727054e-7 ± 4.1901423229935763e-7
P_3: 684.7300552114224 ± 9.243710871149053
t03: 396.23885838510375 ± 121.96110976797969
ecos3: -0.037233085925143496 ± 0.3674423182428258
esin3: -0.20375077424519458 ± 0.3167189688451595
mu_4: 0.0012225223971835339 ± 0.0006621112812843823
P_4: 4385.404406034547 ± 146.14701006930704
t04: 265.5094666200389 ± 333.8651795109979
ecos4: 0.03478097295363743 ± 0.03871489203345946
esin4: -0.03152529063102028 ± 0.02824154084843754
Retrieved Earth masses:
[0.8204870853853874, 1.011959155492119, 0.0898199451943921, 406.9999742570175]
 ± [0.1861819675699322, 0.09910302551350567, 0.1394974702729802, 220.42890589068554]
Retrieved eccentricity:
[0.002961850716677021, 0.016835810336396858, 0.05265553508434073, 0.049187723663565865]
 ± [0.024012167789194173, 0.018448331544905192, 0.5196419098488152, 0.054751125379528455]
