Global Fit Results.
chi^2: 2.5407123859980123
per 4 range=[657.45 - 803.5500000000001, length=100]
mu_1: 2.6061807990629943e-6 ± 6.566637240958845e-7
P_1: 224.7007638883829 ± 3.888743970033654e-5
t01: 3503.7656066369564 ± 0.0010227870066280747
ecos1: -0.0038998598224831895 ± 0.016932695595752275
esin1: 0.0006810567745869456 ± 0.01771961741548756
mu_2: 2.997387871295755e-6 ± 2.6058086063545303e-7
P_2: 365.25645672669935 ± 4.158021018301726e-5
t02: 3624.402176753111 ± 0.0004351042000742709
ecos2: 0.009824234492294855 ± 0.013527791545953747
esin2: 0.0031934199031561617 ± 0.013963383028556308
mu_3: 3.8602682592139545e-7 ± 3.964680859648658e-7
P_3: 676.9802401943989 ± 6.286219832963086
t03: 451.6961333724446 ± 76.2114241490398
ecos3: 0.08815804740200424 ± 0.2879101574208922
esin3: -0.1372909981810634 ± 0.27363294065129906
mu_4: 0.0011604959961062451 ± 0.0006115703166686569
P_4: 4268.973526123092 ± 222.34329498732805
t04: 4682.997264596392 ± 262.11862409691673
ecos4: 0.02504426240475172 ± 0.04188278540591082
esin4: -0.03506479928195356 ± 0.028437377150022
Retrieved Earth masses:
[0.8676450595682049, 0.9978850197478412, 0.12851536182444206, 386.35025552804274]
 ± [0.21861531487542876, 0.08675211498360705, 0.1319914474803724, 203.60289816688842]
Retrieved eccentricity:
[0.005515234652309658, 0.013893565658936942, 0.12467430626824459, 0.0354179355524305]
 ± [0.023946447759048042, 0.019131186273243887, 0.40716644936959856, 0.05923120315100101]
