Global Fit Results.
chi^2: 1.4291507174506939
per 4 range=[657.45 - 803.5500000000001, length=100]
mu_1: 2.606183306049573e-6 ± 8.755578353236202e-7
P_1: 224.70076388812348 ± 5.1849961596575496e-5
t01: 3503.7656066609325 ± 0.0013636872596563701
ecos1: -0.003900122015151128 ± 0.02257674721669077
esin1: 0.0006808414061380548 ± 0.023626039082989016
mu_2: 2.997386538491793e-6 ± 3.47440605434817e-7
P_2: 365.2564567269431 ± 5.544048623761163e-5
t02: 3624.4021767505287 ± 0.0005801414484164487
ecos2: 0.009824049435335297 ± 0.01803692926588465
esin2: 0.0031932741032294834 ± 0.01861774151212399
mu_3: 3.860288610336528e-7 ± 5.286239215227999e-7
P_3: 676.9802264690258 ± 8.381665799836442
t03: 451.6958283557372 ± 101.61546713430776
ecos3: 0.08815519589811195 ± 0.383877491908882
esin3: -0.13729369717840628 ± 0.36483899336920367
mu_4: 0.0011604998059336095 ± 0.0008154354602067722
P_4: 4268.971438159128 ± 296.46720878087575
t04: 4682.998641171744 ± 349.49302967696894
ecos4: 0.025044698257232934 ± 0.055844057474787726
esin4: -0.03506447173080238 ± 0.037915647497302016
Retrieved Earth masses:
[0.8676458941897017, 0.9978845760331252, 0.1285160393503821, 386.3515238889683]
 ± [0.2914891516574361, 0.11566930617679627, 0.17598853235498094, 271.473317852508]
Retrieved eccentricity:
[0.005515605448736611, 0.013893303948874924, 0.12467027363276696, 0.03541855194092063]
 ± [0.031928342108113114, 0.025508069991378265, 0.542884755347309, 0.07897542345878741]
