Global Fit Results.
chi^2: 0.1361974801094962
per 4 range=[584.4 - 1095.75, length=20]
mu_1: 2.1430352621378587e-6 ± 4.779127603387485e-7
P_1: 224.70083548511334 ± 5.5836868075593076e-5
t01: 3503.7648926824654 ± 0.0003953773444894778
ecos1: 0.0008822031028286726 ± 0.045893549973667104
esin1: -0.006909968052339454 ± 0.037240199015228286
mu_2: 3.0116401802138285e-6 ± 4.171519101001266e-7
P_2: 365.2564744743533 ± 0.0007091060024088108
t02: 3624.4021374219024 ± 0.003322329916719735
ecos2: 0.01343960711332547 ± 0.03677288638780784
esin2: -0.001240395654762736 ± 0.028666815201386957
mu_3: 5.845220935113882e-7 ± 1.5275105725458232e-6
P_3: 584.3999760074331 ± 55.522962108173616
t03: 502.19304491034546 ± 521.4065083965653
ecos3: -0.0016839674137579643 ± 0.10537044963567352
esin3: 0.0019429204081037362 ± 0.10225409153941047
mu_4: 0.00046603329841688834 ± 0.0015456599313319456
P_4: 4070.932292018065 ± 1161.9477619341903
t04: 4392.052574748883 ± 864.158024638671
ecos4: -0.058911755910283185 ± 0.5897914804879825
esin4: -0.21561784398664693 ± 0.6606778747409777
Retrieved Earth masses:
[0.713455474133981, 1.0026298729923484, 0.19459805199468885, 155.15097383537838]
 ± [0.15910586309345914, 0.13887746929067385, 0.5085360931920321, 514.5783453223416]
Retrieved eccentricity:
[0.0012476235927879348, 0.019006474652630802, 0.0023814895551308585, 0.08331380419153582]
 ± [0.06490328079820742, 0.05200471465724282, 0.14901631894812065, 0.8340911106782114]
