Global Fit Results.
chi^2: 18.36166814295204
per 4 range=[584.4 - 1095.75, length=20]
mu_1: 2.3333022196349514e-6 ± 1.4759087918861327e-7
P_1: 224.7007725489429 ± 3.906710722913451e-6
t01: 3503.7655381779214 ± 0.00010781607654311444
ecos1: -0.0006309024480857472 ± 0.006062569171228469
esin1: -0.001950194181853581 ± 0.0064932912589380845
mu_2: 3.0311301697613443e-6 ± 1.0304180186588178e-7
P_2: 365.25645783387955 ± 8.39961748954097e-6
t02: 3624.402194272284 ± 0.00014431205234250567
ecos2: 0.01234208142041316 ± 0.004706709755344219
esin2: 0.0014166349632074148 ± 0.005257429343652724
mu_3: 2.275193889774278e-7 ± 1.31459630305394e-7
P_3: 687.9954975642811 ± 2.360658418766506
t03: 382.3140648381973 ± 36.41133728094078
ecos3: -0.08043150241158306 ± 0.08761087574070506
esin3: -0.1648422735034648 ± 0.1165398586607285
mu_4: 0.0010766628150897925 ± 0.00017245904660616578
P_4: 4337.492501305776 ± 39.48065384592178
t04: 371.2490285674579 ± 105.79376492327455
ecos4: 0.032747041185107205 ± 0.014950540988135683
esin4: -0.03544700361174902 ± 0.009408707847168418
Retrieved Earth masses:
[0.776798809995706, 1.009118445522703, 0.0757453488542375, 358.44066254701715]
 ± [0.049135692048444424, 0.03430449274665889, 0.04376530546466543, 57.41475795519654]
Retrieved eccentricity:
[0.0008922307986172513, 0.017454338932661285, 0.11374732155250507, 0.04631130977156892]
 ± [0.008573767544776316, 0.006656292770161548, 0.12390048868388907, 0.021143257830236337]
