Global Fit Results.
chi^2: 1.717457809425728
per 4 range=[657.45 - 730.5, length=100]
mu_1: 2.464535987930858e-6 ± 6.291147041333032e-7
P_1: 224.70076729845957 ± 2.616931094928284e-5
t01: 3503.7655942306706 ± 0.0004700181230061369
ecos1: -0.002094155233878824 ± 0.019101946482124155
esin1: 0.002052723922062765 ± 0.020649988847965987
mu_2: 3.039663767864449e-6 ± 3.3489123128812664e-7
P_2: 365.25645721280915 ± 3.6290639666272445e-5
t02: 3624.4022018740534 ± 0.0004965997591149857
ecos2: 0.011904844378643661 ± 0.014675881148795377
esin2: 0.004514546857148741 ± 0.016475004608243214
mu_3: 2.6980729544950433e-7 ± 4.713766333541773e-7
P_3: 684.7301929496535 ± 10.398804350504866
t03: 396.2408064226837 ± 137.19960644150996
ecos3: -0.03724920492039987 ± 0.41333642721236796
esin3: -0.20374451610770716 ± 0.35630084459521116
mu_4: 0.0012225205131385466 ± 0.0007448884654431512
P_4: 4385.409516424341 ± 164.40613906166112
t04: 265.4954757252191 ± 375.60425259998306
ecos4: 0.03478102047291116 ± 0.043554912459618976
esin4: -0.03152515233199576 ± 0.03177230077985791
Retrieved Earth masses:
[0.8204889218833387, 1.0119594357706403, 0.08982376319263301, 406.9993470241234]
 ± [0.20944374432473123, 0.11149139093662429, 0.15692986736480036, 247.98693828281483]
Retrieved eccentricity:
[0.002961582733466034, 0.016835992378218968, 0.05267833078604412, 0.04918779086596724]
 ± [0.02701423178274501, 0.02075483016040206, 0.5845459811865704, 0.061595947908366054]
