Global Fit Results.
chi^2: 1.6499981985868248
per 4 range=[657.45 - 803.5500000000001, length=100]
mu_1: 2.6181116438415225e-6 ± 7.760118349382923e-7
P_1: 224.70076923966735 ± 4.370762429225414e-5
t01: 3503.765543110301 ± 0.0006710613100977154
ecos1: 0.000995976057986169 ± 0.02444665205506108
esin1: 0.004219825317973168 ± 0.023357526251452928
mu_2: 3.0562332322163004e-6 ± 3.5176508886441e-7
P_2: 365.2564561877781 ± 3.860205488989036e-5
t02: 3624.402193320753 ± 0.00045992761905989715
ecos2: 0.013789527590385067 ± 0.019185225062659617
esin2: 0.006101641510840823 ± 0.01852348305315224
mu_3: 3.103678944515282e-7 ± 5.472361176308965e-7
P_3: 680.9196514734458 ± 12.75249767560782
t03: 425.1506909547728 ± 140.26253079009993
ecos3: 0.023073493182636576 ± 0.42553259095499324
esin3: -0.18162876096783798 ± 0.2971761077342164
mu_4: 0.0011062246065358294 ± 0.0007977941010229835
P_4: 4332.685925304846 ± 194.68459556761775
t04: 305.9598336577946 ± 387.7090609612642
ecos4: 0.02430685615921656 ± 0.0554549201865449
esin4: -0.04012781542616537 ± 0.03558751335313814
Retrieved Earth masses:
[0.8716170551152088, 1.0174757122660179, 0.10332712541135773, 368.2823213871718]
 ± [0.2583484748996465, 0.11710900548093506, 0.18218487146035325, 265.6001880430237]
Retrieved eccentricity:
[0.0014085228490029324, 0.019501336937040547, 0.032630846990207796, 0.034375085639016055]
 ± [0.03457278689088347, 0.02713200548079344, 0.601793961360314, 0.07842510022812932]
