Global Fit Results.
chi^2: 0.8495151132413428
per 4 range=[657.45 - 1314.9, length=100]
mu_1: 2.5419546228070567e-6 ± 6.593342861269447e-7
P_1: 224.70078762139084 ± 2.6834779567090986e-5
t01: 3503.7653956993445 ± 0.0004040706305218069
ecos1: 0.014645343475012043 ± 0.038499957733128344
esin1: 0.013480389903934183 ± 0.023614843377755056
mu_2: 3.0985193854958065e-6 ± 4.5258092678006416e-7
P_2: 365.2562710747906 ± 0.0002213634588765955
t02: 3624.4038457529546 ± 0.0019129753327775184
ecos2: 0.024249168798633827 ± 0.0318246615966442
esin2: 0.012966845510951699 ± 0.01789058949433827
mu_3: 9.13707741750873e-6 ± 1.2804519067261456e-5
P_3: 1246.5365082142607 ± 26.579099067221456
t03: 712.15007511188 ± 133.9339764469609
ecos3: 0.22470620865341273 ± 0.2006730728655919
esin3: 0.11772104901328088 ± 0.21032347027756126
mu_4: 0.001657129707106092 ± 0.0021833209980211495
P_4: 4904.915022794973 ± 478.7669095331203
t04: 4234.332857427777 ± 425.06451718855794
ecos4: 0.03473593820307386 ± 0.0681123668814469
esin4: -0.04234160269678493 ± 0.04720987666875528
Retrieved Earth masses:
[0.8462629956133727, 1.0315535429346723, 3.0418995040727563, 551.6886640985318]
 ± [0.21950439361983237, 0.1506724342826496, 4.262857631692554, 726.8673294138503]
Retrieved eccentricity:
[0.020711643367974347, 0.03429350339130245, 0.3177825678270948, 0.04912403490854077]
 ± [0.05444716237698102, 0.04500686804790843, 0.2837945812496044, 0.09632543300907423]
