Global Fit Results.
chi^2: 0.7333325332860394
per 4 range=[657.45 - 803.5500000000001, length=100]
mu_1: 2.618114496226117e-6 ± 1.1640149383549294e-6
P_1: 224.70076923958334 ± 6.556340223193307e-5
t01: 3503.7655431062703 ± 0.0010066155454279005
ecos1: 0.000995741992882299 ± 0.03667124601410951
esin1: 0.004219655738643923 ± 0.03503626357319336
mu_2: 3.056231382058213e-6 ± 5.276506399932462e-7
P_2: 365.25645618794505 ± 5.790133179431508e-5
t02: 3624.402193317365 ± 0.000689872609046029
ecos2: 0.01378933576605656 ± 0.028778921757334548
esin2: 0.006101516658743544 ± 0.027785509471758004
mu_3: 3.103694853053216e-7 ± 8.208373784231476e-7
P_3: 680.9193953828571 ± 19.12851004752001
t03: 425.15214332165294 ± 210.38572770731753
ecos3: 0.023081465564884465 ± 0.6383001565337391
esin3: -0.18162639112252474 ± 0.44576812605658134
mu_4: 0.0011062273616312904 ± 0.0011967541511038158
P_4: 4332.681362092626 ± 292.01249789316574
t04: 305.96661945918424 ± 581.5447119922787
ecos4: 0.02430687401284488 ± 0.08318706557823698
esin4: -0.04012799301239419 ± 0.05338071083514347
Retrieved Earth masses:
[0.8716180047259966, 1.01747509631469, 0.10332765503556295, 368.2832386086348]
 ± [0.38752177550013156, 0.1756645092054781, 0.27327171482263174, 398.42125576870563]
Retrieved eccentricity:
[0.0014081918309585611, 0.01950106565647358, 0.032642121641307184, 0.03437511088785936]
 ± [0.051860973462273974, 0.04069954145969666, 0.9026927382348833, 0.1176442763547628]
