Global Fit Results.
chi^2: 151.88212242479628
per 4 range=[657.45 - 730.5, length=100]
mu_1: 2.3629764686739225e-6 ± 5.962441689422906e-8
P_1: 224.70077033093634 ± 2.2663592425763443e-6
t01: 3503.7655659193397 ± 4.5480832817646245e-5
ecos1: -0.0008395609739788949 ± 0.002100200729730989
esin1: -0.0011836898582931504 ± 0.002231640710001698
mu_2: 3.0466216693527303e-6 ± 3.700623793657007e-8
P_2: 365.2564593014514 ± 3.91952788306267e-6
t02: 3624.4021880290443 ± 5.508097531280417e-5
ecos2: 0.012496992672772515 ± 0.0016254575764314478
esin2: 0.0019725833489028844 ± 0.0018041449090929471
mu_3: 2.3635784543076366e-7 ± 4.797993252631439e-8
P_3: 686.5110407983843 ± 1.1689558407699365
t03: 385.41679404342256 ± 14.969706038522437
ecos3: -0.0548294464666409 ± 0.0431728670251744
esin3: -0.19094549812007636 ± 0.042727988547444494
mu_4: 0.0011353066445899448 ± 7.176618573942325e-5
P_4: 4375.15769002267 ± 19.744185968415593
t04: 316.269483601122 ± 42.15548043442817
ecos4: 0.032110371498717774 ± 0.005148943402997592
esin4: -0.031843609826896706 ± 0.0037851156625967777
Retrieved Earth masses:
[0.7866779080169626, 1.014275847914203, 0.0786878319999589, 377.96426158445195]
 ± [0.019850054442313626, 0.012320050677379889, 0.015973393492055375, 23.892270453090568]
Retrieved eccentricity:
[0.0011873185158401184, 0.017673416526712084, 0.07754054681053314, 0.045410922866325164]
 ± [0.0029701323556914363, 0.0022987441496514554, 0.06105565407353181, 0.007281705592410672]
