Global Fit Results.
chi^2: 139.37217304643153
per 4 range=[657.45 - 803.5500000000001, length=300]
mu_1: 2.4253725530794055e-6 ± 7.106022857973035e-8
P_1: 224.700790285465 ± 2.100158718828533e-6
t01: 3503.7652823065173 ± 4.0747005437837045e-5
ecos1: -0.007795861865407621 ± 0.0020195203147058975
esin1: 0.002969310790022003 ± 0.001987869653160101
mu_2: 3.107299414630335e-6 ± 4.052062170529758e-8
P_2: 365.2564677969415 ± 4.931486311462247e-6
t02: 3624.4021053352926 ± 5.864630587242254e-5
ecos2: 0.00693464807436276 ± 0.0015289457488712902
esin2: 0.005306335750238665 ± 0.0015585018910460032
mu_3: 1.445908448587578e-7 ± 1.758183162106562e-7
P_3: 789.0766731833173 ± 1.6030933494085147
t03: 480.67972223319435 ± 131.91760416736363
ecos3: 0.848698985636167 ± 0.8527584868366915
esin3: 0.40549697993982814 ± 0.5768046638070352
mu_4: 0.0013592900724202518 ± 9.80647548207935e-5
P_4: 4301.954289657839 ± 27.123178722553845
t04: 402.85576065658887 ± 48.709485818557965
ecos4: 0.03272407163544124 ± 0.004847187257483928
esin4: -0.0348659722736927 ± 0.0035386590135734345
Retrieved Earth masses:
[0.8074507010596718, 1.0344765745617095, 0.04813692597443684, 452.53242456531206]
 ± [0.0236572444556254, 0.013490053048458446, 0.05853311999559745, 32.64754312848124]
Retrieved eccentricity:
[0.008342198079179006, 0.008731926649344008, 0.9405943700449095, 0.04781737013880415]
