Global Fit Results.
chi^2: 0.7650670528510282
per 4 range=[657.45 - 730.5, length=100]
mu_1: 2.554832866230372e-6 ± 9.896271750374082e-7
P_1: 224.70077119372678 ± 5.3112506503093416e-5
t01: 3503.7655292498634 ± 0.0008191317025146821
ecos1: 0.0013597256429608347 ± 0.034886502876773404
esin1: 0.0041368334361978855 ± 0.03443649591252531
mu_2: 3.07609030476372e-6 ± 5.163473526603988e-7
P_2: 365.25645724850517 ± 5.3152880097989694e-5
t02: 3624.4021901857805 ± 0.0006671947850361673
ecos2: 0.014014826108853809 ± 0.02692919019747799
esin2: 0.006037814298767096 ± 0.02744860517882186
mu_3: 2.879622324591363e-7 ± 7.700160323614773e-7
P_3: 682.5762421818782 ± 19.864296710364407
t03: 414.2459885919008 ± 217.4959742386547
ecos3: 0.0015363860522546273 ± 0.6103705758465975
esin3: -0.18352734499462076 ± 0.4480129934680642
mu_4: 0.0011021090780424989 ± 0.0011284540469717432
P_4: 4351.301503086132 ± 269.120911009419
t04: 288.8498491535727 ± 526.141626535015
ecos4: 0.025216906229768025 ± 0.07865272573208308
esin4: -0.03944415674632177 ± 0.05362105369678547
Retrieved Earth masses:
[0.850550397426084, 1.0240864934134541, 0.09586787241515607, 366.91218698742705]
 ± [0.329464912620167, 0.1719014389630947, 0.2563523630083341, 375.6829070173478]
Retrieved eccentricity:
[0.0019229424453816892, 0.019819957157441608, 0.0021727779921393527, 0.035662090791228535]
 ± [0.04933696551210094, 0.03808362600099798, 0.863194346435734, 0.11123175144792322]
