Global Fit Results.
chi^2: 33.764189238608814
per 4 range=[657.45 - 1314.9, length=100]
mu_1: 2.5441478489805057e-6 ± 8.403544702427866e-8
P_1: 224.70079621512585 ± 3.832759672819628e-6
t01: 3503.765310348177 ± 5.3143695446137434e-5
ecos1: 0.015803050427857637 ± 0.00531777683588207
esin1: 0.011636126009689465 ± 0.0036245621055034432
mu_2: 3.0558687136144883e-6 ± 6.014458136505094e-8
P_2: 365.2562905584326 ± 2.9780456677962966e-5
t02: 3624.403641941797 ± 0.00024884662072773744
ecos2: 0.024931502915187358 ± 0.0043861534155777565
esin2: 0.01199327763995173 ± 0.0027667983214849415
mu_3: 8.904235182211465e-6 ± 1.71666509704766e-6
P_3: 1252.4470859199082 ± 5.406577371299608
t03: 688.8764881894432 ± 22.14227322699889
ecos3: 0.2207732865864029 ± 0.025644575573556795
esin3: 0.11565555148722412 ± 0.02700375252535673
mu_4: 0.0015375286975372025 ± 0.00025958699458566244
P_4: 4811.538943339232 ± 69.00472830419878
t04: -546.7500540022328 ± 111.2151633216508
ecos4: 0.03949989593924247 ± 0.00885630233114201
esin4: -0.046421893868506016 ± 0.0067189710919779684
Retrieved Earth masses:
[0.8469931605561091, 1.0173543573837713, 2.9643820827230467, 511.87130948172023]
 ± [0.02797693101930439, 0.02002322666944145, 0.5715090798466793, 86.42123887237048]
Retrieved eccentricity:
[0.022348888241942214, 0.03525846955300232, 0.3122205761001731, 0.05586128854960264]
 ± [0.007520472122977908, 0.006202957646959138, 0.03626690657742582, 0.012524702869177487]
