Global Fit Results.
chi^2: 1.1803759604022437
per 4 range=[657.45 - 803.5500000000001, length=100]
mu_1: 2.624929439536468e-6 ± 9.858309735180758e-7
P_1: 224.70076264811965 ± 5.966535655700609e-5
t01: 3503.7656583881144 ± 0.0014780426031778724
ecos1: -0.003966187223354148 ± 0.02341449647965297
esin1: 0.001328842254130547 ± 0.025733233285855008
mu_2: 3.0136418564971656e-6 ± 3.8643668587952826e-7
P_2: 365.25644902485334 ± 4.732205797715426e-5
t02: 3624.402244825923 ± 0.0005454189717012484
ecos2: 0.01000606613143689 ± 0.018750492536424995
esin2: 0.0038958298970630397 ± 0.020270020142574965
mu_3: 3.616380600369795e-7 ± 6.00404671847181e-7
P_3: 677.0069499253797 ± 8.733697812592276
t03: 448.00642718571106 ± 120.23997162339568
ecos3: 0.08585820023371306 ± 0.5053183662112095
esin3: -0.16258686176645998 ± 0.42154334459473
mu_4: 0.0011985444035369883 ± 0.000913405438492946
P_4: 4305.214752551104 ± 251.1721114272065
t04: 4655.598260091565 ± 368.59393321708455
ecos4: 0.02847591070164872 ± 0.05759698740378184
esin4: -0.03439198990733719 ± 0.03834154137650978
Retrieved Earth masses:
[0.8738868234881443, 1.003296267487587, 0.12039589742036579, 399.01726341314094]
 ± [0.32820108798660425, 0.12865181167009998, 0.19988565162369776, 304.0893081462606]
Retrieved eccentricity:
[0.005609035762178324, 0.01415071442908014, 0.12142183121146184, 0.040271019115196774]
 ± [0.03311309847766232, 0.026517200846187725, 0.7146280868121068, 0.0814544407382606]
