Global Fit Results.
chi^2: 157.39221840242507
per 4 range=[657.45 - 712.2375, length=100]
mu_1: 2.3579291517909817e-6 ± 5.818439338474029e-8
P_1: 224.70077105179175 ± 2.006666807983458e-6
t01: 3503.765552001743 ± 4.159095694103657e-5
ecos1: -0.0005509253159528883 ± 0.002098488516507752
esin1: -0.0017883024939756168 ± 0.0022178155097406227
mu_2: 3.027791163658637e-6 ± 3.590274149814779e-8
P_2: 365.2564615749104 ± 3.2459961371482e-6
t02: 3624.4021638029403 ± 5.0059118596258414e-5
ecos2: 0.01253566760919902 ± 0.0016336686555350718
esin2: 0.0015471355613711354 ± 0.001786774790525766
mu_3: 2.3295042380739366e-7 ± 4.6725715572664195e-8
P_3: 686.5112053948961 ± 1.1947222875885661
t03: 390.1795683493458 ± 14.064353436438257
ecos3: -0.059394939492883825 ± 0.03916143809456649
esin3: -0.17815990885974992 ± 0.039571982935677645
mu_4: 0.0011137257288349153 ± 6.762630168125751e-5
P_4: 4357.29460067696 ± 16.594272698760147
t04: 4698.32468475059 ± 27.951474950980796
ecos4: 0.03285098592644749 ± 0.005076381751871974
esin4: -0.03497482819635933 ± 0.0030826252331641606
Retrieved Earth masses:
[0.7849975642897993, 1.0080068295711453, 0.07755343927538438, 370.7795816334136]
 ± [0.01937064438598936, 0.011952676612851277, 0.01555584182263454, 22.5140276421758]
Retrieved eccentricity:
[0.000779126053675257, 0.017728111146330366, 0.08399712896716567, 0.046458309834509715]
 ± [0.0029677109205294592, 0.0023103563690815188, 0.05538263687537031, 0.0071790879212806375]
