Global Fit Results.
chi^2: 54.986858324652694
per 4 range=[657.45 - 730.5, length=300]
mu_1: 2.3340564646695586e-6 ± 1.9662492007485635e-7
P_1: 224.7007539985769 ± 9.184821405041433e-6
t01: 3503.765788354873 ± 0.00020628918706115876
ecos1: -0.007528049413709737 ± 0.0049550310322594455
esin1: -0.004221116491349306 ± 0.0053683758198868085
mu_2: 2.982038967267943e-6 ± 1.1072235321348667e-7
P_2: 365.2564557261454 ± 1.2138315981369154e-5
t02: 3624.402032397727 ± 0.00016084834892913103
ecos2: 0.0074824668322471585 ± 0.003819118465995405
esin2: 0.0011805459684881773 ± 0.004373498316465042
mu_3: 3.560093224606814e-7 ± 1.9704208009376072e-7
P_3: 682.5265317612373 ± 2.2727661370862164
t03: 403.39025464517795 ± 36.606784224935204
ecos3: 0.15518996501693305 ± 0.17838693148644286
esin3: -0.14312520458682174 ± 0.13180158597038164
mu_4: 0.0015161237609544289 ± 0.0002595695230176686
P_4: 4365.090949007149 ± 59.10870019395602
t04: 338.16868248829024 ± 114.27909123321857
ecos4: 0.04307552252619776 ± 0.010268040174090725
esin4: -0.020588140156634384 ± 0.008098903704371895
Retrieved Earth masses:
[0.7770499119062935, 0.992775090016832, 0.11852198815381114, 504.74521620258486]
 ± [0.06546001741409448, 0.03686148819145123, 0.0655988975829538, 86.41542226914086]
Retrieved eccentricity:
[0.008630721430378609, 0.00757502466526628, 0.2111131199854156, 0.0477427707199131]
