Global Fit Results.
chi^2: 73.8814414363349
per 4 range=[657.45 - 1314.9, length=100]
mu_1: 2.296117093134156e-6 ± 7.403788881544888e-8
P_1: 224.7007957632988 ± 2.8353846836996124e-6
t01: 3503.765251689227 ± 4.421049013027829e-5
ecos1: -0.002050215099102194 ± 0.003361535853232674
esin1: -0.0013753062298293166 ± 0.0034383965674753296
mu_2: 3.0004930823333956e-6 ± 4.7701064763541246e-8
P_2: 365.2637347658079 ± 0.002626562318105852
t02: 3624.347245639394 ± 0.020498247405152468
ecos2: 0.011252364562173859 ± 0.002593686572640544
esin2: 0.00034264295519469167 ± 0.0027506212739330073
mu_3: 3.5841936746154677e-6 ± 5.188331503787229e-7
P_3: 735.3837723215344 ± 0.9904887194423662
t03: 110.02874368191979 ± 11.237394311470645
ecos3: 0.08553094121578118 ± 0.003655118546750813
esin3: 0.0038622432470766647 ± 0.010748061480538414
mu_4: 0.0009187233991254114 ± 7.917017454336932e-5
P_4: 4213.875897201238 ± 44.27095091247307
t04: 4796.044964313791 ± 43.911563331633985
ecos4: 0.022512163409223088 ± 0.008366170038854249
esin4: -0.03963799180112679 ± 0.005883532586286221
Retrieved Earth masses:
[0.7644192040568419, 0.9989188010636632, 1.1932433603354753, 305.85975410741406]
 ± [0.02464856178615088, 0.01588055333425437, 0.17272900630230817, 26.357193189514593]
Retrieved eccentricity:
[0.002899441998932422, 0.015913246572592667, 0.12095901706989369, 0.031837006811682625]
 ± [0.004753929594045061, 0.003668026727573247, 0.005169118220896438, 0.011831551134067123]
