Global Fit Results.
chi^2: 0.9378941454003491
per 4 range=[657.45 - 1314.9, length=100]
mu_1: 2.5441462001082764e-6 ± 5.042323250983546e-7
P_1: 224.70079621497817 ± 2.2997250787765483e-5
t01: 3503.765310350678 ± 0.0003188716032030046
ecos1: 0.015802714231350892 ± 0.031904795424074976
esin1: 0.011636627138546782 ± 0.021747202333819056
mu_2: 3.0558663476612615e-6 ± 3.608674655228612e-7
P_2: 365.25629055566594 ± 0.0001786807114854377
t02: 3624.4036419647873 ± 0.0014930549373072268
ecos2: 0.02493123026977707 ± 0.026315802509581484
esin2: 0.01199366364171013 ± 0.016600590199391387
mu_3: 8.904418438863694e-6 ± 1.029927723040787e-5
P_3: 1252.447255677875 ± 32.43691280663616
t03: 688.8761303255304 ± 132.84634828226604
ecos3: 0.2207735006826842 ± 0.15387208644067438
esin3: 0.11565584190160641 ± 0.16201570781007746
mu_4: 0.0015375514406886087 ± 0.001557483822553536
P_4: 4811.546513488482 ± 414.0291972151129
t04: -546.7680260759618 ± 667.3150424230014
ecos4: 0.039500711838167515 ± 0.05313598200418538
esin4: -0.04642155379355415 ± 0.040311061785257625
Retrieved Earth masses:
[0.8469926116165098, 1.0173535697148466, 2.9644430922005918, 511.87888109108957]
 ± [0.16786812561257064, 0.12013935247024354, 3.428816991246162, 518.5147340820828]
Retrieved eccentricity:
[0.02234841278828275, 0.03525808397416537, 0.31222087887803773, 0.055862442404927964]
 ± [0.045120194393465894, 0.037216164813782066, 0.21760799151504692, 0.07514562640033168]
