Global Fit Results.
chi^2: 4.218947839803727
per 4 range=[657.45 - 730.5, length=100]
mu_1: 2.3629750691816447e-6 ± 3.577355830408004e-7
P_1: 224.7007703314235 ± 1.3597688461370863e-5
t01: 3503.7655659092375 ± 0.0002728799147785162
ecos1: -0.0008395681329855122 ± 0.012601382213456424
esin1: -0.0011842840620603012 ± 0.01339119747396699
mu_2: 3.0466226252613905e-6 ± 2.220401470433801e-7
P_2: 365.2564593018861 ± 2.3517235449191074e-5
t02: 3624.4021880209166 ± 0.00033048221649264233
ecos2: 0.012497030384903091 ± 0.009752923375152012
esin2: 0.0019720970179802656 ± 0.01082607709513294
mu_3: 2.363413612142179e-7 ± 2.8788070726573565e-7
P_3: 686.510985814672 ± 7.013740068509211
t03: 385.4114600400362 ± 89.82740844221993
ecos3: -0.05481008155272312 ± 0.2590772779909118
esin3: -0.1909581932673855 ± 0.2563901660249742
mu_4: 0.0011353034652885961 ± 0.0004306056686377778
P_4: 4375.154443571854 ± 118.46876397952424
t04: 316.2800708568771 ± 252.95693961229327
ecos4: 0.03210982944582487 ± 0.030894086916269322
esin4: -0.03184362834984697 ± 0.022711031571880032
Retrieved Earth masses:
[0.7866774421004915, 1.014276166153608, 0.07868234410401095, 377.96320313712204]
 ± [0.11909669174475389, 0.0739212094100498, 0.09584073119329231, 143.35647056795037]
Retrieved eccentricity:
[0.0011873286402043696, 0.017673469859718613, 0.07751316068663643, 0.04541015628777249]
 ± [0.017821045630917166, 0.013792716509925557, 0.366390600237452, 0.043690836714121266]
