Global Fit Results.
chi^2: 51.217042484594934
per 4 range=[657.45 - 730.5, length=200]
mu_1: 2.389313141519667e-6 ± 1.826197868678094e-7
P_1: 224.7007701178829 ± 7.94503999090254e-6
t01: 3503.765641783685 ± 0.0001470444102205272
ecos1: -0.007769156271417012 ± 0.005026252094995544
esin1: 0.0012640751348199013 ± 0.005241188491417514
mu_2: 2.90204491083282e-6 ± 1.0794083763293612e-7
P_2: 365.2564650083565 ± 1.2265997192870733e-5
t02: 3624.401927513717 ± 0.0001687224882232001
ecos2: 0.00697116944285563 ± 0.0038543396978540883
esin2: 0.004163585700713557 ± 0.004212089313780852
mu_3: 9.993455255452594e-8 ± 1.9831868360270688e-7
P_3: 686.2583144061798 ± 2.7140267141453953
t03: 393.5884939985251 ± 82.50255572970794
ecos3: 0.560388318844884 ± 1.3612977581645396
esin3: 0.23921155398619928 ± 0.5071552868538318
mu_4: 0.0014146186884134535 ± 0.00023529590985359522
P_4: 4386.044968009566 ± 58.76363497135626
t04: 273.9908599447828 ± 123.47855820321342
ecos4: 0.04395601054193311 ± 0.011545491774872409
esin4: -0.03064433089749234 ± 0.008759564351690279
Retrieved Earth masses:
[0.7954458661295731, 0.9661436115385512, 0.03327003285238989, 470.95232863969835]
 ± [0.06079745346609143, 0.035935470989404326, 0.06602390214440355, 78.3342943031724]
Retrieved eccentricity:
[0.007871319782359769, 0.008119892196833064, 0.6093088178077581, 0.05358363443176973]
