Global Fit Results.
chi^2: 165.25501329025832
per 4 range=[584.4 - 1095.75, length=20]
mu_1: 2.3333034749680653e-6 ± 4.9197931156841064e-8
P_1: 224.70077254892166 ± 1.3022453683207615e-6
t01: 3503.7655381775808 ± 3.593883479367021e-5
ecos1: -0.0006310304546488416 ± 0.0020208779668436402
esin1: -0.0019501199590560433 ± 0.002164399293545588
mu_2: 3.031129466592661e-6 ± 3.4347539688009975e-8
P_2: 365.2564578339451 ± 2.799871680337182e-6
t02: 3624.402194270863 ± 4.810376312257661e-5
ecos2: 0.01234199133349718 ± 0.001568917502495007
esin2: 0.0014167045312952723 ± 0.0017524561159059473
mu_3: 2.2751488260199474e-7 ± 4.382055804981451e-8
P_3: 687.9954249981729 ± 0.7869029930904938
t03: 382.3123996129047 ± 12.13761291845849
ecos3: -0.08042617251615308 ± 0.029205837588087553
esin3: -0.16484759531499837 ± 0.03884856898899237
mu_4: 0.0010766671022932161 ± 5.748809861848566e-5
P_4: 4337.493891255304 ± 13.16007829002819
t04: 371.24522626095944 ± 35.26553186840227
ecos4: 0.03274713392784075 ± 0.004983540984205083
esin4: -0.03544705213537514 ± 0.0031362781794219904
Retrieved Earth masses:
[0.7767992279189656, 1.00911821142504, 0.07574384859977225, 358.4420898351283]
 ± [0.016378887421991953, 0.011434921602269223, 0.014588661965859373, 19.138835175300205]
Retrieved eccentricity:
[0.000892411827234852, 0.017454211530522915, 0.11373978394210196, 0.04631144092960052]
 ± [0.0028579530286112417, 0.002218784410272963, 0.04130329161753934, 0.00704779124850499]
