Global Fit Results.
chi^2: 18.36166812947192
per 4 range=[657.45 - 712.2375, length=100]
mu_1: 2.3333047007578237e-6 ± 1.4759040715153338e-7
P_1: 224.70077254887434 ± 3.906726472332928e-6
t01: 3503.7655381774007 ± 0.00010781688888148372
ecos1: -0.0006312525251391721 ± 0.006062654547596518
esin1: -0.001949969303217028 ± 0.006493028618516115
mu_2: 3.0311276584337857e-6 ± 1.030416953996411e-7
P_2: 365.25645783397476 ± 8.399480792433519e-6
t02: 3624.4021942699974 ± 0.00014431150595906254
ecos2: 0.0123418145781188 ± 0.004706756959744706
esin2: 0.0014168423318145964 ± 0.005257240693016567
mu_3: 2.2751490310941376e-7 ± 1.3145574574216618e-7
P_3: 687.9953167323054 ± 2.360657172092402
t03: 382.3127282652229 ± 36.4126148012859
ecos3: -0.08042431429543756 ± 0.08762174410312881
esin3: -0.16484962493831015 ± 0.11654168095420984
mu_4: 0.001076672981916309 ± 0.0001724663158816025
P_4: 4337.49549848485 ± 39.482485442526425
t04: 371.2391906601335 ± 105.79597195779834
ecos4: 0.032747337355332744 ± 0.014950495167116353
esin4: -0.03544732031085843 ± 0.00940849523380643
Retrieved Earth masses:
[0.7767996360067039, 1.009117609456015, 0.07574385542706558, 358.44404726875314]
 ± [0.04913553489870238, 0.03430445730210809, 0.0437640122228096, 57.417178029399224]
Retrieved eccentricity:
[0.0008927258823340803, 0.017453961560669588, 0.11373715602116419, 0.04631172861951865]
 ± [0.008573888285193917, 0.006656359527264919, 0.12391585886942953, 0.02114319302952936]
