Global Fit Results.
chi^2: 1.2552241512549616
per 4 range=[657.45 - 730.5, length=100]
mu_1: 2.3629829187186077e-6 ± 6.558459830793262e-7
P_1: 224.70077033086568 ± 2.4929417339400825e-5
t01: 3503.7655659132624 ± 0.0005002811346221606
ecos1: -0.0008399473013528349 ± 0.02310265711730495
esin1: -0.0011838841099465075 ± 0.0245504642533239
mu_2: 3.046621140347074e-6 ± 4.070700543499779e-7
P_2: 365.2564593022483 ± 4.311461830836663e-5
t02: 3624.4021880169134 ± 0.0006058753686412248
ecos2: 0.012496762844814104 ± 0.01788050470085949
esin2: 0.001972424958575038 ± 0.01984765368395557
mu_3: 2.3633925318128607e-7 ± 5.278030570158529e-7
P_3: 686.5105587697645 ± 12.858346254011982
t03: 385.41183471975285 ± 164.6941996932372
ecos3: -0.054800229556017196 ± 0.47503805480932615
esin3: -0.19096865789089967 ± 0.47007652210192996
mu_4: 0.0011353253399666043 ± 0.000789486058131107
P_4: 4375.1609525425265 ± 217.18383369467017
t04: 316.26787643091336 ± 463.7427081307187
ecos4: 0.03211006871417529 ± 0.05663829135506628
esin4: -0.03184304896545142 ± 0.041635619479475354
Retrieved Earth masses:
[0.7866800553543257, 1.0142756717985844, 0.07868164230145014, 377.97048561587803]
 ± [0.21834307399587116, 0.1355210358705363, 0.17571525160857857, 262.83428923339045]
Retrieved eccentricity:
[0.0011878648652518602, 0.017673091500896288, 0.07749922785927844, 0.0454104946643187]
 ± [0.03267209102214797, 0.025286852250031373, 0.6718052597546827, 0.08009863978397357]
