Global Fit Results.
chi^2: 2.655845913498222
per 4 range=[657.45 - 803.5500000000001, length=100]
mu_1: 2.6249320784866765e-6 ± 6.571992680417316e-7
P_1: 224.7007626482272 ± 3.977464695085883e-5
t01: 3503.765658392973 ± 0.0009852974909525275
ecos1: -0.003965976727741953 ± 0.015609715674002026
esin1: 0.0013288159764075725 ± 0.017156113933925857
mu_2: 3.0136436406286515e-6 ± 2.576250685959346e-7
P_2: 365.2564490247952 ± 3.154701783141637e-5
t02: 3624.402244827126 ± 0.0003635968258866852
ecos2: 0.010006254250088805 ± 0.01250033702305486
esin2: 0.0038958078484063585 ± 0.013513865890738282
mu_3: 3.6164259087894245e-7 ± 4.002761245004843e-7
P_3: 677.0070669124499 ± 5.822401562724457
t03: 448.0065941380606 ± 80.1575669691211
ecos3: 0.08584901544609345 ± 0.33686825850668817
esin3: -0.16258841239967026 ± 0.2809955412160049
mu_4: 0.0011985436789951954 ± 0.0006089409210435843
P_4: 4305.216439689074 ± 167.41226975998296
t04: 350.3825246479017 ± 360.30932276832175
ecos4: 0.02847584286514354 ± 0.038398998855413
esin4: -0.03439210475367455 ± 0.025560938957987573
Retrieved Earth masses:
[0.8738877020427371, 1.0032968614574564, 0.12039740582018449, 399.0170221999806]
 ± [0.21879360720992952, 0.08576807797392558, 0.13325921287226794, 202.7275244688838]
Retrieved eccentricity:
[0.005608738076428738, 0.01415098046902901, 0.12140884196024268, 0.04027092317989113]
 ± [0.022075471610961545, 0.017678146152238703, 0.47640365991316413, 0.05430438496287402]
