Global Fit Results.
chi^2: 1.9431138061089994
per 4 range=[657.45 - 712.2375, length=100]
mu_1: 2.357924622503609e-6 ± 5.236589377240142e-7
P_1: 224.70077105202105 ± 1.8059896514627e-5
t01: 3503.7655520003855 ± 0.0003743182233760289
ecos1: -0.0005508225160056146 ± 0.018886458975905733
esin1: -0.0017884903917699067 ± 0.01996046212250306
mu_2: 3.0277923096625e-6 ± 3.231243165161141e-7
P_2: 365.25646157477183 ± 2.921389509138326e-5
t02: 3624.4021638039358 ± 0.00045053772410216233
ecos2: 0.012535764533667537 ± 0.014703078070307157
esin2: 0.0015469745839781057 ± 0.016081089379985276
mu_3: 2.3294261569760456e-7 ± 4.2054170330858354e-7
P_3: 686.5113926479517 ± 10.752485923864024
t03: 390.17553745125923 ± 126.58768021529244
ecos3: -0.05938998081931152 ± 0.3524796937973037
esin3: -0.17816406734402093 ± 0.35616075185720797
mu_4: 0.0011137207524207695 ± 0.0006086282000146221
P_4: 4357.29369237178 ± 149.3460703064249
t04: 4698.327515493374 ± 251.56406601141148
ecos4: 0.03285079758785692 ± 0.045687524800682826
esin4: -0.03497457717874008 ± 0.027743871536359137
Retrieved Earth masses:
[0.784996056407532, 1.0080072110967058, 0.07755083981341093, 370.7779248944991]
 ± [0.17433559881122934, 0.10757397067477313, 0.14000599319482238, 202.62341394213152]
Retrieved eccentricity:
[0.0007789806725956114, 0.017728248218228267, 0.08399011634374834, 0.04645804348352061]
 ± [0.026709486428928963, 0.020793292415658818, 0.4984815634292626, 0.0646119172043828]
