Global Fit Results.
chi^2: 6.04099636073659
per 4 range=[657.45 - 1314.9, length=100]
mu_1: 2.5419499938823556e-6 ± 2.4724895798425554e-7
P_1: 224.70078762140935 ± 1.006296592775814e-5
t01: 3503.7653956994905 ± 0.00015152492246954923
ecos1: 0.01464538577465691 ± 0.01443725092971886
esin1: 0.013480281278977789 ± 0.008855494349102757
mu_2: 3.098519772134336e-6 ± 1.6971628073341438e-7
P_2: 365.2562710744195 ± 8.301004705782014e-5
t02: 3624.4038457559823 ± 0.0007173553047748629
ecos2: 0.02424920304218303 ± 0.011934044593678738
esin2: 0.012966763611807168 ± 0.006708908528645892
mu_3: 9.137151867765648e-6 ± 4.801683787293724e-6
P_3: 1246.536734323746 ± 9.967022795447765
t03: 712.1485559259842 ± 50.224813439470694
ecos3: 0.22470857091629037 ± 0.07525290964597225
esin3: 0.11771664290061314 ± 0.07887338164082862
mu_4: 0.0016571390397662371 ± 0.0008187362912229167
P_4: 4904.915811470663 ± 179.5352222899034
t04: 4234.332974652041 ± 159.395522766222
ecos4: 0.034736358809892585 ± 0.02554178921804104
esin4: -0.042341349127724054 ± 0.017703360542003575
Retrieved Earth masses:
[0.8462614545600239, 1.0315536716536813, 3.0419242899193955, 551.6917711110883]
 ± [0.08231368175053487, 0.056501641236701566, 1.5985679954176681, 272.5722246223902]
Retrieved eccentricity:
[0.0207117031887058, 0.034293551818994156, 0.31778590857129424, 0.049124629736408236]
 ± [0.020417356068191988, 0.016877287718345783, 0.10642368542937107, 0.03612154471942853]
