Global Fit Results.
chi^2: 51.21701035516893
per 4 range=[657.45 - 730.5, length=300]
mu_1: 2.389595351610659e-6 ± 1.826591466828192e-7
P_1: 224.7007700949366 ± 7.95232109076541e-6
t01: 3503.765641987257 ± 0.00014714104216239686
ecos1: -0.007780632851516997 ± 0.0050225264985706095
esin1: 0.001268453824283891 ± 0.005237993434810371
mu_2: 2.9019708869423783e-6 ± 1.079322960684117e-7
P_2: 365.2564650182971 ± 1.2263819747477306e-5
t02: 3624.401927397822 ± 0.00016868145395971884
ecos2: 0.0069627171179521595 ± 0.0038515040705694985
esin2: 0.004167883833514627 ± 0.004209445422830833
mu_3: 1.0030622648163756e-7 ± 1.9835026472001623e-7
P_3: 686.2459286879151 ± 2.711759152509256
t03: 393.586996476238 ± 82.11284032580004
ecos3: 0.5587726924861967 ± 1.3536055330229284
esin3: 0.23851271175007088 ± 0.505437239150878
mu_4: 0.001415304926946775 ± 0.00023534333268128728
P_4: 4386.051000858052 ± 58.75215296496241
t04: 273.85144187525077 ± 123.45184435766905
ecos4: 0.04395985322524131 ± 0.011539918385664935
esin4: -0.030640561927019708 ± 0.008754219606170207
Retrieved Earth masses:
[0.7955398190093186, 0.9661189676370786, 0.03339376987276264, 471.18078994726983]
 ± [0.06081055706544688, 0.03593262734698962, 0.06603441607360562, 78.35008222631747]
Retrieved eccentricity:
[0.007883350980036721, 0.008114843517548358, 0.6075485458254724, 0.053584631479448364]
