Global Fit Results.
chi^2: 1.2722361514948826
per 4 range=[657.45 - 712.2375, length=100]
mu_1: 2.3646598663161295e-6 ± 6.443316182701848e-7
P_1: 224.70077011237854 ± 2.2751158846532874e-5
t01: 3503.7655698593067 ± 0.00046681925024810386
ecos1: -0.0004970687491962604 ± 0.023094027074692568
esin1: -0.0013863299081082008 ± 0.024637583321208672
mu_2: 3.039707608680161e-6 ± 4.02176189228617e-7
P_2: 365.2564603062554 ± 3.948854618555702e-5
t02: 3624.4021788184555 ± 0.0005804867814960047
ecos2: 0.012637880454342755 ± 0.0179992856955046
esin2: 0.0019359187916987981 ± 0.01986032374963128
mu_3: 2.4064902477400074e-7 ± 5.13414081292901e-7
P_3: 686.7262458564004 ± 12.943042067721217
t03: 388.65933121009874 ± 151.5989660431299
ecos3: -0.06790022711011784 ± 0.4049883890690602
esin3: -0.1787775571876194 ± 0.43615955608066953
mu_4: 0.0011157051277587678 ± 0.0007449365496803727
P_4: 4366.229829617755 ± 198.784595862088
t04: 4693.229948196094 ± 311.89721632353974
ecos4: 0.032268892394667965 ± 0.05689822020715746
esin4: -0.033373154604597007 ± 0.03596931713542033
Retrieved Earth masses:
[0.7872383417551264, 1.0119740311767509, 0.08011644376711619, 371.438559589898]
 ± [0.21450973221685515, 0.1338917790299255, 0.17092489949534273, 248.0029464012398]
Retrieved eccentricity:
[0.0007029613665451819, 0.017872661938181374, 0.09602542206734195, 0.04563510526729746]
 ± [0.03265988629884169, 0.025454833943610648, 0.5727400724250967, 0.08046623469185298]
