Global Fit Results.
chi^2: 1.0468191131006697
per 4 range=[657.45 - 803.5500000000001, length=100]
mu_1: 2.3128369980277453e-6 ± 8.891598189291106e-7
P_1: 224.70079881708338 ± 3.80318518000673e-5
t01: 3503.764889869769 ± 0.0009119186740313229
ecos1: 0.011566664678552918 ± 0.04247830431309099
esin1: -0.006863186040516337 ± 0.04056328929062392
mu_2: 3.0856900212137637e-6 ± 4.474554179298911e-7
P_2: 365.25640027593994 ± 9.079398684377915e-5
t02: 3624.4026831889933 ± 0.0008649824379250465
ecos2: 0.0218848421861665 ± 0.03319351866362727
esin2: -0.002343481927055139 ± 0.03257210458737042
mu_3: 3.463307928732587e-7 ± 6.743892735478705e-7
P_3: 665.2202167983438 ± 9.529962101589511
t03: 263.0701010587169 ± 103.2065616932133
ecos3: 0.1788832490004376 ± 0.3675158911866016
esin3: 0.026661294215374644 ± 0.582324408023231
mu_4: 0.0009204907419801359 ± 0.0009104972255000376
P_4: 4349.435952354272 ± 341.53785945088873
t04: 4729.604525535967 ± 410.8830070074517
ecos4: -0.01027575514425341 ± 0.10902631718143868
esin4: -0.051471970292209554 ± 0.07186656894360968
Retrieved Earth masses:
[0.7699855649488371, 1.0272824138784238, 0.11529982935982752, 306.44813473588624]
 ± [0.29601749975971453, 0.14896605902532875, 0.22451647315872095, 303.1211110678475]
Retrieved eccentricity:
[0.01635773405983137, 0.03094984063007152, 0.25297911681778223, 0.014532112288628274]
 ± [0.06007339406618482, 0.046942724276986134, 0.5197459577037267, 0.15418649641358137]
