Global Fit Results.
chi^2: 0.7007632079350214
per 4 range=[657.45 - 803.5500000000001, length=100]
mu_1: 2.3128241493528684e-6 ± 1.0867798668436869e-6
P_1: 224.70079881748987 ± 4.648390806319421e-5
t01: 3503.7648898493235 ± 0.0011145945528331265
ecos1: 0.011565506129645456 ± 0.05191631790449438
esin1: -0.006863455480384604 ± 0.04957601533307614
mu_2: 3.0856837938742883e-6 ± 5.468894085973602e-7
P_2: 365.25640027522275 ± 0.00011097170477617013
t02: 3624.402683196006 ± 0.0010572093228403902
ecos2: 0.021883944636410874 ± 0.04056843657252729
esin2: -0.0023436856338548643 ± 0.03980939153948196
mu_3: 3.4634704776189656e-7 ± 8.242652024466243e-7
P_3: 665.220548589973 ± 11.64759091377767
t03: 263.06629690427206 ± 126.13878776432367
ecos3: 0.17887465730555227 ± 0.4491552240285694
esin3: 0.02666397962962758 ± 0.7116720625049276
mu_4: 0.0009205170300976079 ± 0.0011128567729859179
P_4: 4349.437861359405 ± 417.4322209251036
t04: 4729.609116078819 ± 502.18381331987655
ecos4: -0.010273688927913607 ± 0.13325052756441225
esin4: -0.05146966526214361 ± 0.08783439769592377
Retrieved Earth masses:
[0.7699812873909321, 1.0272803406836812, 0.11530524090833773, 306.45688652903056]
 ± [0.36180881335789655, 0.18206944570778708, 0.2744128998778313, 370.4902904032593]
Retrieved eccentricity:
[0.016356095624253764, 0.03094857130303421, 0.2529669663263516, 0.014529190217457725]
 ± [0.07342076088900909, 0.05737243320514077, 0.6352014094319287, 0.18844470327496174]
