Global Fit Results.
chi^2: 0.847923481855439
per 4 range=[657.45 - 803.5500000000001, length=100]
mu_1: 2.3128371645542177e-6 ± 9.879752040635837e-7
P_1: 224.70079881711595 ± 4.22580265725593e-5
t01: 3503.7648898696807 ± 0.0010132332021688855
ecos1: 0.01156671276858236 ± 0.047198301300324146
esin1: -0.00686316177735282 ± 0.045069980675604616
mu_2: 3.085690277395996e-6 ± 4.97178556439363e-7
P_2: 365.2564002755822 ± 0.00010088171409565447
t02: 3624.402683192518 ± 0.0009610891453428847
ecos2: 0.02188487183801102 ± 0.03688168244499165
esin2: -0.0023434732387400178 ± 0.03619098085276811
mu_3: 3.4633532003179e-7 ± 7.493260974414985e-7
P_3: 665.220243347603 ± 10.588629628385114
t03: 263.06954715241704 ± 114.67184218739811
ecos3: 0.1788809272246965 ± 0.40833685698889777
esin3: 0.026658803668260227 ± 0.6470080518786222
mu_4: 0.0009204905805666602 ± 0.0010116644758682194
P_4: 4349.43748029365 ± 379.48701216217535
t04: 4729.603896093561 ± 456.5349521902971
ecos4: -0.010276115396469223 ± 0.12114234620210997
esin4: -0.05147185583881925 ± 0.0798517772664374
Retrieved Earth masses:
[0.769985620388533, 1.027282499166155, 0.11530133653336475, 306.44808099840003]
 ± [0.32891494139234423, 0.16551979754165877, 0.2494643068064921, 336.80153147598315]
Retrieved eccentricity:
[0.016357802069403224, 0.030949882564112186, 0.2529758333310404, 0.014532621762197748]
 ± [0.0667484778198901, 0.05215857551684488, 0.5774755211705022, 0.1713211489767207]
