Global Fit Results.
chi^2: 169.95548447558974
per 4 range=[657.45 - 730.5, length=200]
mu_1: 2.567576786005765e-6 ± 8.659578664959765e-8
P_1: 224.70077021456882 ± 4.557867685720311e-6
t01: 3503.765509335956 ± 7.063502998572573e-5
ecos1: 0.0029023774656881923 ± 0.0029969312849549077
esin1: 0.003251156579796184 ± 0.0030769591533794166
mu_2: 3.071544416625134e-6 ± 4.3129430278306525e-8
P_2: 365.2564605747631 ± 4.394918986203641e-6
t02: 3624.402150521998 ± 5.545164393911118e-5
ecos2: 0.015047137790159213 ± 0.0023025080889050578
esin2: 0.005313089321402689 ± 0.002458072768384399
mu_3: 3.1159581384224977e-7 ± 6.472501121372738e-8
P_3: 682.2271887276881 ± 1.4635869786949054
t03: 420.692497595594 ± 16.756212998689072
ecos3: -0.024282628029458783 ± 0.04403592259795251
esin3: -0.19957922430353411 ± 0.04003552503197002
mu_4: 0.0010888234609194008 ± 9.460607908839902e-5
P_4: 4374.4571346111325 ± 21.876974969978978
t04: 4642.890373037705 ± 34.13886965567513
ecos4: 0.01770157209548528 ± 0.007132875348723578
esin4: -0.03633915615466704 ± 0.004652262435277997
Retrieved Earth masses:
[0.8547930804496979, 1.0225730844488068, 0.10373592214306976, 362.48916304974966]
 ± [0.028829314717136643, 0.014358572941838137, 0.021548135198554894, 31.49608697741933]
Retrieved eccentricity:
[0.004358189309757739, 0.01595760864958283, 0.2010510203844224, 0.04042128059184838]
