Global Fit Results.
chi^2: 1.2257773363054374
per 4 range=[584.4 - 1095.75, length=20]
mu_1: 2.1430350795028923e-6 ± 1.5931427550865913e-7
P_1: 224.70083548514947 ± 1.860563978677625e-5
t01: 3503.764892682095 ± 0.00013175428616103517
ecos1: 0.0008821700075262611 ± 0.015299457286770487
esin1: -0.006910059304741793 ± 0.01241527168808341
mu_2: 3.011639607694787e-6 ± 1.3907428086505733e-7
P_2: 365.2564744742909 ± 0.00023645158426164386
t02: 3624.4021374210183 ± 0.0011078929232991518
ecos2: 0.013439570565205568 ± 0.012258898448749833
esin2: -0.0012404545863450437 ± 0.009557213155765385
mu_3: 5.845243848194829e-7 ± 5.093893877885168e-7
P_3: 584.39997601171 ± 18.515902661105986
t03: 502.1928193653954 ± 173.8807356699696
ecos3: -0.0016839634489623928 ± 0.03513691619027246
esin3: 0.0019426343723067117 ± 0.0340927100164128
mu_4: 0.00046602911595325917 ± 0.0005153324308475123
P_4: 4070.929424534963 ± 387.23074792686214
t04: 321.1209143622179 ± 598.6464205350297
ecos4: -0.05891319288631706 ± 0.19664112257699856
esin4: -0.21561998473957092 ± 0.22029942909641229
Retrieved Earth masses:
[0.7134554133314741, 1.0026296823903311, 0.19459881481288974, 155.1495814170527]
 ± [0.05303862422494765, 0.04630036133676975, 0.16958500571797677, 171.56355300479294]
Retrieved eccentricity:
[0.0012475767889624139, 0.019006422965783955, 0.0023814839480631894, 0.08331583638253173]
 ± [0.021636699991898697, 0.01733670044597651, 0.0496911034162501, 0.27809254246866155]
