Global Fit Results.
chi^2: 73.7682137481191
per 4 range=[657.45 - 1314.9, length=300]
mu_1: 2.3617441196231886e-6 ± 6.599560574572009e-8
P_1: 224.7007963365836 ± 2.9922496427395697e-6
t01: 3503.7651949949322 ± 4.644979267471237e-5
ecos1: 0.002730270076070713 ± 0.0027669915773474952
esin1: 0.01814198729994529 ± 0.003743364982669444
mu_2: 2.9105259175967646e-6 ± 5.0390840843079474e-8
P_2: 365.2101127881621 ± 0.0388356830819394
t02: 3625.037665761147 ± 0.6849443086873489
ecos2: 0.01298831898517733 ± 0.002414815060521395
esin2: 0.01850599354635928 ± 0.002906992106422084
mu_3: 3.952477146877417e-6 ± 5.549614101639036e-7
P_3: 729.7401598120375 ± 0.5139486783391688
t03: 159.26952890213525 ± 7.99842505877105
ecos3: 0.07039272685036747 ± 0.008620088262592893
esin3: 0.06190045665986673 ± 0.008441202761913244
mu_4: -0.0010069278869496983 ± 8.180659765784995e-5
P_4: 4270.89241413885 ± 30.729750021918683
t04: 8107.74436252258 ± 27.380348471608098
ecos4: 0.08011209243927404 ± 0.00555650527716714
esin4: 0.08511923542538083 ± 0.007544471648618964
Retrieved Earth masses:
[0.7862676365707462, 0.9689670931717311, 1.315851636531658, -335.22463474808234]
 ± [0.021971139262123397, 0.016776028785380072, 0.1847567620607263, 27.234906466748843]
Retrieved eccentricity:
[0.01834628239943077, 0.022609029771279644, 0.09373794604177374, 0.11688982673612018]
