Global Fit Results.
chi^2: 18.083543619195186
per 4 range=[657.45 - 712.2375, length=100]
mu_1: 2.3226749185660243e-6 ± 1.6570720614076885e-7
P_1: 224.70077310722766 ± 4.663766865533945e-6
t01: 3503.7655314130534 ± 0.00011171955951925178
ecos1: -0.00014718603690682004 ± 0.00630039875523823
esin1: -0.0021574655844258253 ± 0.006787125472138078
mu_2: 3.036334157011338e-6 ± 1.058019892788164e-7
P_2: 365.2564581178809 ± 9.179205684760871e-6
t02: 3624.402196002243 ± 0.0001487769018347483
ecos2: 0.012863818731508804 ± 0.004944906639284162
esin2: 0.0012912381370637322 ± 0.0054693252935929405
mu_3: 2.2046217015265883e-7 ± 1.3438980900467596e-7
P_3: 688.1664770718213 ± 3.1520946508184786
t03: 379.67225357120003 ± 39.948139723633865
ecos3: -0.081702634100233 ± 0.0963077643960421
esin3: -0.16758511862419362 ± 0.12530893503652232
mu_4: 0.0010654562821760536 ± 0.000176024949645089
P_4: 4340.629358945278 ± 46.3580929176179
t04: 4710.6898724838975 ± 83.86492336658958
ecos4: 0.032337323638569 ± 0.015605155530352766
esin4: -0.03498113224595457 ± 0.009580587594320336
Retrieved Earth masses:
[0.7732607878936655, 1.0108509476688077, 0.07339587216029363, 354.7098036131359]
 ± [0.05516694727955173, 0.03522340941321407, 0.04474081532683541, 58.60191202974631]
Retrieved eccentricity:
[0.0002081524895855718, 0.018192186914008816, 0.11554497322615602, 0.045731881660512355]
 ± [0.00891010936801647, 0.006993154033944424, 0.13619974657071543, 0.02206902259396639]
