Global Fit Results.
chi^2: 95.17933419726145
per 4 range=[657.45 - 803.5500000000001, length=300]
mu_1: 2.371916357382472e-6 ± 1.0483200677232744e-7
P_1: 224.70079463766203 ± 2.2750476847594696e-6
t01: 3503.765228639659 ± 4.1678430736130184e-5
ecos1: -0.005671374014495578 ± 0.0025744265928368923
esin1: -0.0003999886160158722 ± 0.0026511000100586904
mu_2: 2.9393616362430882e-6 ± 4.2124090858273514e-8
P_2: 365.2564551587734 ± 5.2344286196892375e-6
t02: 3624.402165312129 ± 6.088810083215793e-5
ecos2: 0.008742411279926407 ± 0.0020604196113970584
esin2: 0.00304359986162992 ± 0.0020708440607218213
mu_3: 1.376318956603296e-6 ± 2.6593160950032464e-7
P_3: 792.7769398589231 ± 1.7087962169089765
t03: 612.6398238230752 ± 18.73239746775484
ecos3: 0.06493075937832846 ± 0.01760706277438964
esin3: 0.016492225567583216 ± 0.007262159486698396
mu_4: 0.0011190430900325597 ± 8.51447611026176e-5
P_4: 4271.385517633749 ± 26.870570300055633
t04: 460.0998358419616 ± 55.24325447632713
ecos4: 0.02999618313179494 ± 0.005902030087823815
esin4: -0.033542792245001306 ± 0.005235334421483483
Retrieved Earth masses:
[0.7896541598080321, 0.9785670291514517, 0.4582016502908217, 372.5498280317965]
 ± [0.03490048456858114, 0.014023877136660532, 0.08853347674456591, 28.346241882129522]
Retrieved eccentricity:
[0.005685461643986175, 0.009257065145341591, 0.06699251463871493, 0.044998776806347736]
