Global Fit Results.
chi^2: 2.56556098301742
per 4 range=[657.45 - 712.2375, length=100]
mu_1: 2.3222266627397295e-6 ± 4.040266630585574e-7
P_1: 224.70077251024125 ± 1.0845483990068884e-5
t01: 3503.7655397460144 ± 0.000290309162500714
ecos1: -0.0003541997852995658 ± 0.016553077371245402
esin1: -0.0018070883376057388 ± 0.017865368420778734
mu_2: 3.033891921774332e-6 ± 2.7942943625297785e-7
P_2: 365.25645834547566 ± 2.280654571640917e-5
t02: 3624.4021926908877 ± 0.0003859097181211436
ecos2: 0.012606336983665312 ± 0.012910180462639304
esin2: 0.0015200827955265035 ± 0.014421529966046197
mu_3: 2.2508977096598348e-7 ± 3.533022633918129e-7
P_3: 688.0390893650608 ± 6.265145432562547
t03: 382.04154108584476 ± 99.10779150776864
ecos3: -0.08513749284207303 ± 0.23253091195398787
esin3: -0.1662658817502212 ± 0.32155539595674176
mu_4: 0.0010648760696502781 ± 0.00046660414235421047
P_4: 4340.273639974775 ± 107.92344904196258
t04: 367.5419340047285 ± 286.8528509585631
ecos4: 0.03189500533900806 ± 0.041130650390948355
esin4: -0.035265951154698584 ± 0.025471511299830593
Retrieved Earth masses:
[0.773111555364116, 1.010037883073115, 0.07493648476275716, 354.51664029473926]
 ± [0.13450783547427705, 0.09302714913331872, 0.11762075888072789, 155.34101818003018]
Retrieved eccentricity:
[0.0005009141401602844, 0.017828052734145016, 0.12040259704370199, 0.04510634912238748]
 ± [0.023409586517426428, 0.01825775230294866, 0.3288483693563137, 0.05816752361210541]
