Global Fit Results.
chi^2: 0.6639614783745555
per 4 range=[657.45 - 803.5500000000001, length=100]
mu_1: 2.6249320784866765e-6 ± 1.3143985360834633e-6
P_1: 224.7007626482272 ± 7.954929390171765e-5
t01: 3503.765658392973 ± 0.001970594981905055
ecos1: -0.003965976727741953 ± 0.03121943134800405
esin1: 0.0013288159764075725 ± 0.034312227867851715
mu_2: 3.0136436406286515e-6 ± 5.152501371918692e-7
P_2: 365.2564490247952 ± 6.309403566283274e-5
t02: 3624.402244827126 ± 0.0007271936517733704
ecos2: 0.010006254250088805 ± 0.02500067404610972
esin2: 0.0038958078484063585 ± 0.027027731781476563
mu_3: 3.6164259087894245e-7 ± 8.005522490009686e-7
P_3: 677.0070669124499 ± 11.644803125448915
t03: 448.0065941380606 ± 160.3151339382422
ecos3: 0.08584901544609345 ± 0.6737365170133763
esin3: -0.16258841239967026 ± 0.5619910824320098
mu_4: 0.0011985436789951954 ± 0.0012178818420871685
P_4: 4305.216439689074 ± 334.8245395199659
t04: 350.3825246479017 ± 720.6186455366435
ecos4: 0.02847584286514354 ± 0.076797997710826
esin4: -0.03439210475367455 ± 0.051121877915975146
Retrieved Earth masses:
[0.8738877020427371, 1.0032968614574564, 0.12039740582018449, 399.0170221999806]
 ± [0.43758721441985904, 0.17153615594785115, 0.2665184257445359, 405.4550489377676]
Retrieved eccentricity:
[0.005608738076428738, 0.01415098046902901, 0.12140884196024268, 0.04027092317989113]
 ± [0.04415094322192309, 0.035356292304477406, 0.9528073198263283, 0.10860876992574804]
