Global Fit Results.
chi^2: 196.95649789379732
per 4 range=[657.45 - 712.2375, length=300]
mu_1: 2.2712952727302563e-6 ± 5.332024934442125e-8
P_1: 224.70077259001923 ± 1.4233951871632485e-6
t01: 3503.765549009798 ± 3.5856552479401756e-5
ecos1: -0.0030575243939331745 ± 0.0017701804446303183
esin1: -0.0037553330073053968 ± 0.0019584064161751193
mu_2: 3.038492877051106e-6 ± 3.446726618563396e-8
P_2: 365.2564571465612 ± 3.1472518502687694e-6
t02: 3624.4021761526574 ± 5.031035765313211e-5
ecos2: 0.010792473058305437 ± 0.0013919558559856854
esin2: 0.00027911401352760824 ± 0.0015810567336611474
mu_3: 2.3422000412071157e-7 ± 4.2380612815380527e-8
P_3: 689.4220940313782 ± 1.012684470772581
t03: 380.2924038591937 ± 11.375942709913462
ecos3: -0.10152103397300062 ± 0.022331780546144486
esin3: -0.14143648039937043 ± 0.03410244216883261
mu_4: 0.0011512401004109417 ± 5.52912071658509e-5
P_4: 4326.657841343716 ± 14.344570766112112
t04: 396.88515999042454 ± 34.98077478484644
ecos4: 0.041084098394684056 ± 0.004381494609929013
esin4: -0.033613649508362584 ± 0.002889192363749265
Retrieved Earth masses:
[0.7561555679151453, 1.0115696248911128, 0.07797610568708206, 383.2687992550182]
 ± [0.017751282234626613, 0.011474780734145339, 0.01410927796872663, 18.407449994359773]
Retrieved eccentricity:
[0.004842621337174095, 0.010796081666363784, 0.17409996647532314, 0.05308277097302971]
