Global Fit Results.
chi^2: 4.59041703236798
per 4 range=[657.45 - 712.2375, length=100]
mu_1: 2.3333047007578237e-6 ± 2.9518081430306676e-7
P_1: 224.70077254887434 ± 7.813452944665855e-6
t01: 3503.7655381774007 ± 0.00021563377776296743
ecos1: -0.0006312525251391721 ± 0.012125309095193037
esin1: -0.001949969303217028 ± 0.01298605723703223
mu_2: 3.0311276584337857e-6 ± 2.060833907992822e-7
P_2: 365.25645783397476 ± 1.6798961584867037e-5
t02: 3624.4021942699974 ± 0.0002886230119181251
ecos2: 0.0123418145781188 ± 0.009413513919489412
esin2: 0.0014168423318145964 ± 0.010514481386033133
mu_3: 2.2751490310941376e-7 ± 2.6291149148433235e-7
P_3: 687.9953167323054 ± 4.721314344184804
t03: 382.3127282652229 ± 72.8252296025718
ecos3: -0.08042431429543756 ± 0.17524348820625762
esin3: -0.16484962493831015 ± 0.2330833619084197
mu_4: 0.001076672981916309 ± 0.000344932631763205
P_4: 4337.49549848485 ± 78.96497088505285
t04: 371.2391906601335 ± 211.5919439155967
ecos4: 0.032747337355332744 ± 0.029900990334232706
esin4: -0.03544732031085843 ± 0.01881699046761286
Retrieved Earth masses:
[0.7767996360067039, 1.009117609456015, 0.07574385542706558, 358.44404726875314]
 ± [0.09827106979740476, 0.06860891460421618, 0.0875280244456192, 114.83435605879845]
Retrieved eccentricity:
[0.0008927258823340803, 0.017453961560669588, 0.11373715602116419, 0.04631172861951865]
 ± [0.017147776570387834, 0.013312719054529838, 0.24783171773885906, 0.04228638605905872]
