Global Fit Results.
chi^2: 2.4053214755716827
per 4 range=[657.45 - 712.2375, length=100]
mu_1: 2.364659083331614e-6 ± 4.6860876798100967e-7
P_1: 224.7007701121979 ± 1.6546547834566872e-5
t01: 3503.765569863909 ± 0.0003395068762240862
ecos1: -0.0004969988019761685 ± 0.016795699932697056
esin1: -0.0013862966466431643 ± 0.017918354191394377
mu_2: 3.039707908224092e-6 ± 2.9249203624775647e-7
P_2: 365.2564603060786 ± 2.871868696960025e-5
t02: 3624.402178822028 ± 0.0004221724013224891
ecos2: 0.012637923187432608 ± 0.013090431496040111
esin2: 0.0019359474850192968 ± 0.014443957517163089
mu_3: 2.4066084327007e-7 ± 3.7338726801583695e-7
P_3: 686.7262895398696 ± 9.413036891840958
t03: 388.66291434315747 ± 110.24723238987934
ecos3: -0.06790920918198695 ± 0.29449126095843686
esin3: -0.1787667198163245 ± 0.3171726540313364
mu_4: 0.0011157038617179667 ± 0.0005417706255425419
P_4: 4366.229535459243 ± 144.5708642544747
t04: 4693.230401522072 ± 226.83609031507095
ecos4: 0.032269093479035796 ± 0.04138048682438958
esin4: -0.03337310216251628 ± 0.026159464850679943
Retrieved Earth masses:
[0.7872380810853191, 1.0119741309003818, 0.08012037835973145, 371.43813810185435]
 ± [0.15600839456542964, 0.09737592660672353, 0.12430742276824652, 180.36530959025015]
Retrieved eccentricity:
[0.0007028624462378778, 0.017872722371896608, 0.09603812463519745, 0.045635389643537624]
 ± [0.023752706634369056, 0.018512665759015848, 0.41647353524777575, 0.05852084568465291]
