Global Fit Results.
chi^2: 3.7515765792028155
per 4 range=[657.45 - 1314.9, length=100]
mu_1: 2.544146273405e-6 ± 2.5212095366776544e-7
P_1: 224.70079621498667 ± 1.1497818166696609e-5
t01: 3503.765310350478 ± 0.0001594271022445613
ecos1: 0.015802597786568617 ± 0.015952512615740908
esin1: 0.011636619002952965 ± 0.010873289312167944
mu_2: 3.055865537305034e-6 ± 1.8043266309080866e-7
P_2: 365.25629055550775 ± 8.933995449286806e-5
t02: 3624.403641965747 ± 0.0007465332369682806
ecos2: 0.024931137270867633 ± 0.013157962663923
esin2: 0.01199366145170677 ± 0.008300038276260985
mu_3: 8.904412394271113e-6 ± 5.149754534817557e-6
P_3: 1252.4472615529232 ± 16.219241737960925
t03: 688.8763399124778 ± 66.42645529702791
ecos3: 0.22077319761731448 ± 0.07693496394246015
esin3: 0.11565698463380245 ± 0.08100882164085021
mu_4: 0.0015375538962890374 ± 0.0007787453248762364
P_4: 4811.545191940425 ± 207.02312860885274
t04: -546.766292089176 ± 333.654266501488
ecos4: 0.039500856630252545 ± 0.0265673026830476
esin4: -0.04642146389894723 ± 0.020156100653435788
Retrieved Earth masses:
[0.8469926360183241, 1.0173532999324977, 2.9644410798456193, 511.87969860520104]
 ± [0.08393565785693348, 0.060069320122287696, 1.7144470873739301, 259.2585034904831]
Retrieved eccentricity:
[0.02234824811049239, 0.03525795245384636, 0.3122204502788816, 0.05586264717185834]
 ± [0.022560259695108692, 0.018608169252518725, 0.10880246942811218, 0.03757183977003703]
