Global Fit Results.
chi^2: 1.5102490906385513
per 4 range=[657.45 - 1314.9, length=100]
mu_1: 2.5419537890144495e-6 ± 4.944960271534203e-7
P_1: 224.70078762135122 ± 2.012600089692058e-5
t01: 3503.765395700291 ± 0.00030305124646555086
ecos1: 0.014645385047900777 ± 0.028874825238956833
esin1: 0.013480361395861238 ± 0.017711133198681728
mu_2: 3.0985192014919594e-6 ± 3.3943450279602276e-7
P_2: 365.25627107397827 ± 0.0001660227705631558
t02: 3624.403845760205 ± 0.0014347344119762975
ecos2: 0.02424919537743514 ± 0.023868366618586406
esin2: 0.01296682645632461 ± 0.013417928964012421
mu_3: 9.13709422681635e-6 ± 9.60339228455139e-6
P_3: 1246.5365925312528 ± 19.93416511632339
t03: 712.1499186630409 ± 100.45069447268412
ecos3: 0.2247077806844782 ± 0.15050687948098412
esin3: 0.11772137202617529 ± 0.1577463840408913
mu_4: 0.0016571388741526657 ± 0.0016375016171512832
P_4: 4904.917779574766 ± 359.0735254663272
t04: 4234.331128679498 ± 318.7954913301997
ecos4: 0.03473621792518553 ± 0.05108388092582595
esin4: -0.0423414331747077 ± 0.035407339037779303
Retrieved Earth masses:
[0.8462627180286261, 1.03155348167644, 3.0419051001974444, 551.6917159753139]
 ± [0.16462673468012132, 0.11300392877725311, 3.1971442172324243, 545.1541154270915]
Retrieved eccentricity:
[0.02071170216091742, 0.03429354097940374, 0.31778479101474805, 0.04912443049534479]
 ± [0.0408351694640857, 0.033754967783698145, 0.21284887019246063, 0.07224351722395532]
