Global Fit Results.
chi^2: 1.1016965552652218
per 4 range=[657.45 - 730.5, length=100]
mu_1: 2.5548296069190537e-6 ± 8.246776071257115e-7
P_1: 224.70077119383467 ± 4.426083202744007e-5
t01: 3503.765529247015 ± 0.0006826060654641855
ecos1: 0.0013598985247956197 ± 0.02907288848590317
esin1: 0.004136667117635023 ± 0.028697454210601842
mu_2: 3.076092162437306e-6 ± 4.3030090404697124e-7
P_2: 365.2564572485526 ± 4.429448322034249e-5
t02: 3624.402190183325 ± 0.0005559996975270819
ecos2: 0.014014959904903973 ± 0.022441585570210868
esin2: 0.006037679732205546 ± 0.022874092555685004
mu_3: 2.879512886460003e-7 ± 6.416693957705664e-7
P_3: 682.5761782582612 ± 16.553491361020193
t03: 414.24473259269655 ± 181.2506713538466
ecos3: 0.0015411542465132504 ± 0.5086321034097255
esin3: -0.1835324276060103 ± 0.3733691902107739
mu_4: 0.0011021004152202097 ± 0.0009403881679313245
P_4: 4351.296267165753 ± 224.27268091944248
t04: 4640.156736798584 ± 328.75385146922173
ecos4: 0.025216788300372706 ± 0.06554369838450956
esin4: -0.03944417392796207 ± 0.04468427604545151
Retrieved Earth masses:
[0.8505493123419778, 1.0240871118668284, 0.09586422902042163, 366.9093029760938]
 ± [0.27455019690744703, 0.14325500888438653, 0.2136234298543729, 313.07235026647413]
Retrieved eccentricity:
[0.0019231869372171302, 0.019820146373630342, 0.002179521237127927, 0.03566192401387827]
 ± [0.04111527319412486, 0.03173719467454856, 0.7193144189003884, 0.09269278718346494]
