Global Fit Results.
chi^2: 52.693871831981205
per 4 range=[657.45 - 803.5500000000001, length=300]
mu_1: 2.4738665215314295e-6 ± 1.6913009807382503e-7
P_1: 224.7007859746023 ± 6.098312147771593e-6
t01: 3503.765251765141 ± 0.00011969162790251048
ecos1: -0.003888314102861345 ± 0.006079868394005418
esin1: 0.005825293519613964 ± 0.005223160350727557
mu_2: 2.9437352214860695e-6 ± 1.280353825062932e-7
P_2: 365.2710343516825 ± 0.026661397181106918
t02: 3624.242158250259 ± 0.2714166991446646
ecos2: 0.009575079703025199 ± 0.004701795941754618
esin2: 0.0075716668466109084 ± 0.004103838293177914
mu_3: 7.545517960689039e-6 ± 2.4541778653689784e-6
P_3: 729.036785377973 ± 1.2392345218941025
t03: 682.3553424178058 ± 12.794653291667942
ecos3: 0.03274529963219818 ± 0.01572138504059328
esin3: 0.02943369956326411 ± 0.017176062380298552
mu_4: 0.0012260226007068783 ± 0.00021285710300755087
P_4: 4204.487240343866 ± 59.2583633150718
t04: 536.5996778043487 ± 100.958222898723
ecos4: 0.06674582637676993 ± 0.011047959802823195
esin4: -0.04076318990749666 ± 0.008329950220105015
Retrieved Earth masses:
[0.8235952264745556, 0.9800230753436566, 2.512040370656095, 408.165255766115]
 ± [0.05630649035201233, 0.04262531099970149, 0.8170405142093784, 70.8640067814566]
Retrieved eccentricity:
[0.007003786915102919, 0.012207059029731605, 0.04402950508446503, 0.07820897001081496]
