Global Fit Results.
chi^2: 207.00406204881935
per 4 range=[657.45 - 730.5, length=200]
mu_1: 2.5029056114955557e-6 ± 7.27398753303254e-8
P_1: 224.7007676342559 ± 3.1160918237378193e-6
t01: 3503.765568528248 ± 5.9483297863698495e-5
ecos1: 0.0009969846612729455 ± 0.0023828264427993248
esin1: 0.0014285284621873304 ± 0.002689369703573615
mu_2: 3.0614794580130054e-6 ± 3.870744460405975e-8
P_2: 365.25645782133654 ± 4.187425676972598e-6
t02: 3624.402191027416 ± 5.520915329807985e-5
ecos2: 0.014403056054898606 ± 0.0018351251539928744
esin2: 0.003285365751431355 ± 0.0021628329323861526
mu_3: 2.8024055757208185e-7 ± 5.852293942419582e-8
P_3: 683.6625743057581 ± 1.0951020234927984
t03: 409.0359889986151 ± 16.019886870582766
ecos3: -0.0411240503864968 ± 0.044861632868687835
esin3: -0.21578070420852438 ± 0.04509837726105742
mu_4: 0.001172698130533307 ± 8.468096223303862e-5
P_4: 4372.4680046169415 ± 19.939114315876925
t04: 298.42735572797204 ± 42.500366556435644
ecos4: 0.032240847732371916 ± 0.005145061352324298
esin4: -0.030733799967890094 ± 0.0038588832553118828
Retrieved Earth masses:
[0.8332628684703793, 1.0192222763936973, 0.09329718619501606, 390.41256834058197]
 ± [0.024216429453649154, 0.012886413364451562, 0.019483352529137212, 28.191834790354385]
Retrieved eccentricity:
[0.0017420309934363478, 0.014773004157625811, 0.21966451654493, 0.044542549578669974]
