Global Fit Results.
chi^2: 0.9561045296609606
per 4 range=[657.45 - 803.5500000000001, length=100]
mu_1: 2.624910668415665e-6 ± 1.095454535018034e-6
P_1: 224.7007626491363 ± 6.629372948726999e-5
t01: 3503.7656583853513 ± 0.001642297013697901
ecos1: -0.0039665522677019525 ± 0.02601576964657866
esin1: 0.0013281616103423273 ± 0.028593284244349454
mu_2: 3.0136385135495436e-6 ± 4.293730630879485e-7
P_2: 365.25644902535015 ± 5.2578824806171486e-5
t02: 3624.4022448204605 ± 0.0006060025001364681
ecos2: 0.010005775168648293 ± 0.02083360573930313
esin2: 0.0038953171419812776 ± 0.022522882217054323
mu_3: 3.616513700036933e-7 ± 6.67113968545129e-7
P_3: 677.0068170553287 ± 9.70400045607609
t03: 448.009630969906 ± 133.5928678161822
ecos3: 0.08585243517989613 ± 0.5614175491891105
esin3: -0.16257586636592444 ± 0.4683654737522257
mu_4: 0.0011985437407131263 ± 0.0010149168014662922
P_4: 4305.208812379929 ± 279.07629526119496
t04: 350.39916584005056 ± 600.6259481446796
ecos4: 0.028475600402033372 ± 0.06399665149425171
esin4: -0.03439186571934027 ± 0.04260207781430056
Retrieved Earth masses:
[0.8738805742401132, 1.0032951545594317, 0.12040032855072573, 399.0170427470039]
 ± [0.36469676840214055, 0.14294611372851304, 0.2220943916036922, 337.88428990866356]
Retrieved eccentricity:
[0.0056095520128458575, 0.014150302945558359, 0.12141367819416614, 0.040270580285272355]
 ± [0.03679185426976584, 0.02946316778965644, 0.7939643122175042, 0.09050493248963518]
