Global Fit Results.
chi^2: 12.24107284561645
per 4 range=[657.45 - 730.5, length=100]
mu_1: 2.554832866230372e-6 ± 2.4740679375935204e-7
P_1: 224.70077119372678 ± 1.3278126625773354e-5
t01: 3503.7655292498634 ± 0.00020478292562867053
ecos1: 0.0013597256429608347 ± 0.008721625719193351
esin1: 0.0041368334361978855 ± 0.008609123978131327
mu_2: 3.07609030476372e-6 ± 1.290868381650997e-7
P_2: 365.25645724850517 ± 1.3288220024497423e-5
t02: 3624.4021901857805 ± 0.00016679869625904183
ecos2: 0.014014826108853809 ± 0.006732297549369498
esin2: 0.006037814298767096 ± 0.006862151294705465
mu_3: 2.879622324591363e-7 ± 1.9250400809036933e-7
P_3: 682.5762421818782 ± 4.966074177591102
t03: 414.2459885919008 ± 54.373993559663674
ecos3: 0.0015363860522546273 ± 0.15259264396164937
esin3: -0.18352734499462076 ± 0.11200324836701606
mu_4: 0.0011021090780424989 ± 0.0002821135117429358
P_4: 4351.301503086132 ± 67.28022775235475
t04: 288.8498491535727 ± 131.53540663375375
ecos4: 0.025216906229768025 ± 0.01966318143302077
esin4: -0.03944415674632177 ± 0.013405263424196368
Retrieved Earth masses:
[0.850550397426084, 1.0240864934134541, 0.09586787241515607, 366.91218698742705]
 ± [0.08236622815504176, 0.042975359740773676, 0.06408809075208352, 93.92072675433695]
Retrieved eccentricity:
[0.0019229424453816892, 0.019819957157441608, 0.0021727779921393527, 0.035662090791228535]
 ± [0.012334241378025235, 0.009520906500249495, 0.2157985866089335, 0.027807937861980804]
