Global Fit Results.
chi^2: 285.61927794818183
per 4 range=[657.45 - 712.2375, length=200]
mu_1: 2.3978761950933114e-6 ± 5.150778398636728e-8
P_1: 224.70077513651668 ± 1.3409600537641196e-6
t01: 3503.7654537250296 ± 3.741779327625662e-5
ecos1: 0.0020310648769171734 ± 0.002263271708522214
esin1: -0.0021568905585770226 ± 0.002458815773308473
mu_2: 3.009497267864968e-6 ± 3.541129777801988e-8
P_2: 365.25645963949427 ± 2.8831255298439046e-6
t02: 3624.402143216319 ± 4.855695771841091e-5
ecos2: 0.014316238513434314 ± 0.0017695930830675546
esin2: 0.0007404879607610583 ± 0.001987165189393719
mu_3: 1.5194867471082543e-7 ± 4.995806225194449e-8
P_3: 688.2331604000805 ± 0.7964356036678673
t03: 362.0431032833572 ± 24.811347303740796
ecos3: -0.06802227104185256 ± 0.057554743701388696
esin3: -0.25206238691683414 ± 0.09017582737304357
mu_4: 0.0010042358398383439 ± 5.744251091848127e-5
P_4: 4333.204231480862 ± 13.78644018645607
t04: 4724.705055393374 ± 28.731271319518207
ecos4: 0.02350130152552229 ± 0.0059068230921515
esin4: -0.03693817607951131 ± 0.0035868160581189507
Retrieved Earth masses:
[0.7982966626401842, 1.0019164584382834, 0.05058648155499563, 334.3284032290982]
 ± [0.01714787950289003, 0.011789066046777695, 0.016631948909333037, 19.123658199589194]
Retrieved eccentricity:
[0.0029626679557326827, 0.014335376088319833, 0.26107944433812297, 0.043780589597154786]
