Global Fit Results.
chi^2: 0.6351780964995031
per 4 range=[657.45 - 803.5500000000001, length=100]
mu_1: 2.6061807990629943e-6 ± 1.313327448191769e-6
P_1: 224.7007638883829 ± 7.777487940067308e-5
t01: 3503.7656066369564 ± 0.0020455740132561493
ecos1: -0.0038998598224831895 ± 0.03386539119150455
esin1: 0.0006810567745869456 ± 0.03543923483097512
mu_2: 2.997387871295755e-6 ± 5.211617212709061e-7
P_2: 365.25645672669935 ± 8.316042036603453e-5
t02: 3624.402176753111 ± 0.0008702084001485418
ecos2: 0.009824234492294855 ± 0.027055583091907493
esin2: 0.0031934199031561617 ± 0.027926766057112615
mu_3: 3.8602682592139545e-7 ± 7.929361719297316e-7
P_3: 676.9802401943989 ± 12.572439665926172
t03: 451.6961333724446 ± 152.4228482980796
ecos3: 0.08815804740200424 ± 0.5758203148417844
esin3: -0.1372909981810634 ± 0.5472658813025981
mu_4: 0.0011604959961062451 ± 0.0012231406333373137
P_4: 4268.973526123092 ± 444.6865899746561
t04: 4682.997264596392 ± 524.2372481938335
ecos4: 0.02504426240475172 ± 0.08376557081182164
esin4: -0.03506479928195356 ± 0.056874754300044
Retrieved Earth masses:
[0.8676450595682049, 0.9978850197478412, 0.12851536182444206, 386.35025552804274]
 ± [0.4372306297508575, 0.1735042299672141, 0.2639828949607448, 407.20579633377685]
Retrieved eccentricity:
[0.005515234652309658, 0.013893565658936942, 0.12467430626824459, 0.0354179355524305]
 ± [0.047892895518096085, 0.038262372546487775, 0.8143328987391971, 0.11846240630200203]
