Global Fit Results.
chi^2: 2.040185349104567
per 4 range=[657.45 - 712.2375, length=100]
mu_1: 2.3333023701066322e-6 ± 4.4277598028932086e-7
P_1: 224.7007725488671 ± 1.1720399849300811e-5
t01: 3503.7655381770833 ± 0.0003234531641633256
ecos1: -0.000631532721978579 ± 0.018187622387079067
esin1: -0.0019500170570684967 ± 0.019479411915960854
mu_2: 3.0311264359688256e-6 ± 3.091259128200177e-7
P_2: 365.25645783419253 ± 2.519817676829581e-5
t02: 3624.402194265849 ± 0.00043292958648398955
ecos2: 0.012341621641283329 ± 0.01412002860704835
esin2: 0.0014168251671635114 ± 0.015771999223169457
mu_3: 2.275077592575111e-7 ± 3.9438816015002565e-7
P_3: 687.9952666517597 ± 7.0820896834688565
t03: 382.3097047559581 ± 109.24839873451053
ecos3: -0.08041640637379403 ± 0.2628913985886556
esin3: -0.16485639011186629 ± 0.3496568007239984
mu_4: 0.0010766813082640756 ± 0.0005173963360304428
P_4: 4337.495357309538 ± 118.44305305582279
t04: 371.2424306593369 ± 317.3833591289813
ecos4: 0.03274776520105229 ± 0.04485128110773499
esin4: -0.03544680677893858 ± 0.028225374379631105
Retrieved Earth masses:
[0.7767988600904694, 1.0091172024751627, 0.07574147710864197, 358.446819261589]
 ± [0.1474081889988678, 0.1029136471035435, 0.13129900229078187, 172.25066463420512]
Retrieved eccentricity:
[0.0008931221405045036, 0.01745368870678018, 0.11372597253112572, 0.04631233368473783]
 ± [0.02572118224712774, 0.019968735957183858, 0.3717845813153079, 0.063429290032367]
