Global Fit Results.
chi^2: 0.9660700175397222
per 4 range=[657.45 - 730.5, length=100]
mu_1: 2.4645429385045313e-6 ± 8.388631839919366e-7
P_1: 224.70076729836455 ± 3.489331722520077e-5
t01: 3503.7655942236147 ± 0.0006267156550937952
ecos1: -0.002094477853689345 ± 0.025469013511580624
esin1: 0.0020528194593406298 ± 0.027529478726495953
mu_2: 3.0396622845253623e-6 ± 4.4652168809294327e-7
P_2: 365.25645721335076 ± 4.8386797374649395e-5
t02: 3624.4022018662463 ± 0.0006621302264088769
ecos2: 0.011904622318629548 ± 0.0195675490630422
esin2: 0.004514627246217902 ± 0.02196369717705403
mu_3: 2.69798009938139e-7 ± 6.285245032755228e-7
P_3: 684.7298846507197 ± 13.865156494622493
t03: 396.2390598558004 ± 182.9429164047271
ecos3: -0.037231614131632895 ± 0.5511971872543225
esin3: -0.2037560302876835 ± 0.47507928979676056
mu_4: 0.0012225353213607564 ± 0.000993160576019018
P_4: 4385.409982557182 ± 219.19217087020786
t04: 265.4935914150411 ± 500.72235725891505
ecos4: 0.034781086530356706 ± 0.058071974882035214
esin4: -0.03152509045419531 ± 0.04236302197585628
Retrieved Earth masses:
[0.8204912358559191, 1.0119589419400394, 0.08982067187676399, 407.00427695102866]
 ± [0.2792728338363701, 0.1486552033547281, 0.20924725570867275, 330.6412461678124]
Retrieved eccentricity:
[0.0029620389867775626, 0.016835678337935346, 0.052653453653997026, 0.04918788428530263]
 ± [0.03601862432834092, 0.027672693267355226, 0.7795105377569654, 0.08212617447196392]
