Global Fit Results.
per 4 range=[584.4 - 1095.75, length=20]
mu_1: 2.479736379206823e-6 ± 1.4232688358538672e-7
P_1: 224.70077540767244 ± 4.195715997665292e-6
t01: 3503.7654450060677 ± 0.00011002062406059391
ecos1: -0.005918378001968334 ± 0.006351258830344964
esin1: 0.005921209555205953 ± 0.006304366355081885
mu_2: 2.97814157366283e-6 ± 1.0291942599688908e-7
P_2: 365.2564548151698 ± 8.432899825910618e-6
t02: 3624.402153773669 ± 0.00014385596035868716
ecos2: 0.008846084256362982 ± 0.005069976362226665
esin2: 0.008152759663745495 ± 0.0049702905792442815
mu_3: 3.988405283918302e-7 ± 1.1647805148072632e-7
P_3: 687.2012896405246 ± 2.0054604016588438
t03: 418.7907262888655 ± 20.685599323336085
ecos3: -0.1025129307182563 ± 0.03518113952860576
esin3: -0.07880966421366246 ± 0.046490123355158466
mu_4: 0.0010011573960862484 ± 0.0001767589260627853
P_4: 4355.611344380067 ± 45.70190354411827
t04: 4622.559720689883 ± 88.03699095424533
ecos4: 0.02628853294494787 ± 0.01825796983151549
esin4: -0.04558264374884804 ± 0.011098580374042778
Retrieved Earth masses:
[0.8255494090140997, 0.9914775766946996, 0.1327812767783266, 333.3035332302]
 ± [0.047383212028497095, 0.03426375159079586, 0.038777664984608176, 58.846266148571345]
Retrieved eccentricity:
[0.008369850437634198, 0.012510252329243644, 0.14497517694037154, 0.037177599825637196]
 ± [0.00898203637601573, 0.007170029332371957, 0.04975364466109446, 0.02582066855712802]
