Global Fit Results.
chi^2: 1.3911408245618289
per 4 range=[657.45 - 730.5, length=100]
mu_1: 2.4645340382599865e-6 ± 6.990339503696699e-7
P_1: 224.7007672987198 ± 2.9077098397001497e-5
t01: 3503.7655942212705 ± 0.000522249245541718
ecos1: -0.0020944580356361112 ± 0.0212237940320923
esin1: 0.0020523973580320867 ± 0.02294219523261481
mu_2: 3.03966206215643e-6 ± 3.7209929213006935e-7
P_2: 365.25645721352214 ± 4.032249662702879e-5
t02: 3624.4022018643614 ± 0.0005517844476798389
ecos2: 0.011904621841359694 ± 0.01630598979547701
esin2: 0.004514308086135088 ± 0.01830417452562851
mu_3: 2.6979496527089754e-7 ± 5.237530328910252e-7
P_3: 684.7300359320486 ± 11.554434855828845
t03: 396.2386975740161 ± 152.4509439223408
ecos3: -0.03723645377152915 ± 0.459300293899235
esin3: -0.20375394448418419 ± 0.3958984248692666
mu_4: 0.0012225291534820619 ± 0.0008276297357057342
P_4: 4385.406799395256 ± 182.66806493860247
t04: 265.50157633125593 ± 417.288868300845
ecos4: 0.034781398809598824 ± 0.048393688144642996
esin4: -0.03152518656695372 ± 0.0353023564011227
Retrieved Earth masses:
[0.8204882728023922, 1.0119588679093714, 0.08981965825158071, 407.0022235518634]
 ± [0.2327211349752676, 0.12387863213540516, 0.17436692480626995, 275.5330142847325]
Retrieved eccentricity:
[0.0029620109598179, 0.016835677662973846, 0.05266029793837531, 0.04918832591484208]
 ± [0.03001497736519809, 0.023060151916680878, 0.6495487048342466, 0.06843901010740819]
