Global Fit Results.
chi^2: 1.5394057443596014
per 4 range=[657.45 - 712.2375, length=100]
mu_1: 2.36465689988596e-6 ± 5.857796735642134e-7
P_1: 224.70077011242554 ± 2.0682712356238734e-5
t01: 3503.7655698611106 ± 0.00042437709209575537
ecos1: -0.0004969491317949294 ± 0.0209941778680059
esin1: -0.0013863097370229146 ± 0.022398188159477746
mu_2: 3.039708640173042e-6 ± 3.6561320188210786e-7
P_2: 365.2564603060255 ± 3.5899011945622405e-5
t02: 3624.4021788221808 ± 0.0005277211036460576
ecos2: 0.012637979884728454 ± 0.01636267490487767
esin2: 0.0019359206146155857 ± 0.01805493782662499
mu_3: 2.406460814055667e-7 ± 4.667291123146191e-7
P_3: 686.7264172476625 ± 11.76635085877639
t03: 388.6575410174798 ± 137.81596390558744
ecos3: -0.06790384621850035 ± 0.368152670110221
esin3: -0.17877847120751236 ± 0.39651944917812126
mu_4: 0.0011157008433835345 ± 0.0006771992349988977
P_4: 4366.230184608289 ± 180.7216872163324
t04: 327.0008470955712 ± 410.21212767045546
ecos4: 0.03226882419214892 ± 0.0517255115048102
esin4: -0.03337274992092573 ± 0.032699302430964104
Retrieved Earth masses:
[0.7872373541764894, 1.0119743745795198, 0.08011546386615105, 371.43713324334294]
 ± [0.19501672330108388, 0.12171929454778246, 0.1553826229561769, 225.45196050919077]
Retrieved eccentricity:
[0.0007027922019939238, 0.017872802553981344, 0.0960305402595002, 0.04563500881437004]
 ± [0.029690251071807013, 0.023140316767179894, 0.5206464990937425, 0.07315091989078815]
