Global Fit Results.
chi^2: 95.61045287600462
per 4 range=[657.45 - 803.5500000000001, length=100]
mu_1: 2.6249260175189033e-6 ± 1.0953138837637444e-7
P_1: 224.7007626483495 ± 6.629254143034268e-6
t01: 3503.765658384501 ± 0.00016422930603865967
ecos1: -0.003966099233768341 ± 0.002601615955982301
esin1: 0.0013287911416692258 ± 0.0028593149396242664
mu_2: 3.013642675091588e-6 ± 4.293740989452196e-8
P_2: 365.2564490249131 ± 5.25808235971088e-6
t02: 3624.4022448252617 ± 6.0602678414351355e-5
ecos2: 0.010006144485860392 ± 0.002083390009201121
esin2: 0.0038957888893354506 ± 0.002252281199444018
mu_3: 3.6163580308722546e-7 ± 6.6713044425853e-8
P_3: 677.0069876595272 ± 0.9704449163837563
t03: 448.0059977840311 ± 13.360790894426826
ecos3: 0.08585961842902337 ± 0.05614835469605918
esin3: -0.16258599862897619 ± 0.04683889345908673
mu_4: 0.0011985416994674109 ± 0.00010149029956169588
P_4: 4305.214611994547 ± 27.907970328641746
t04: 350.3852943716475 ± 60.06029032427493
ecos4: 0.028475777515958412 ± 0.0063999451238828
esin4: -0.03439190236515976 ± 0.004260055265811214
Retrieved Earth masses:
[0.873885684236165, 1.003296540012581, 0.12039514604068233, 399.016363179124]
 ± [0.03646499430376262, 0.01429464585842667, 0.022209987666878834, 33.7879693689947]
Retrieved eccentricity:
[0.005608911326112729, 0.014150825238968526, 0.12142383684250378, 0.04027083076218723]
 ± [0.003679240569036415, 0.0029463584067248322, 0.07940576471610196, 0.009050889192638613]
