Global Fit Results.
chi^2: 196.9567234127324
per 4 range=[657.45 - 712.2375, length=200]
mu_1: 2.2715197433262715e-6 ± 5.332263974897531e-8
P_1: 224.70077258485995 ± 1.424122419739117e-6
t01: 3503.765548995604 ± 3.587136664418426e-5
ecos1: -0.003062909700422407 ± 0.0017702279029558922
esin1: -0.0037531587097705535 ± 0.0019583083533879233
mu_2: 3.038453002531751e-6 ± 3.4467005740546154e-8
P_2: 365.256457167545 ± 3.1463049013903278e-6
t02: 3624.402175857126 ± 5.03017182230001e-5
ecos2: 0.010788033973231187 ± 0.0013919529693038203
esin2: 0.0002817569941732564 ± 0.001580981000065588
mu_3: 2.3411914012707965e-7 ± 4.237204213316318e-8
P_3: 689.4066485662565 ± 1.013033182548069
t03: 380.3736411459069 ± 11.385881864581382
ecos3: -0.10135818094949908 ± 0.02240125010999886
esin3: -0.14166335852570786 ± 0.034141335207713536
mu_4: 0.001151393899955919 ± 5.5310219891189225e-5
P_4: 4326.723252971827 ± 14.348443461106692
t04: 396.7182720385174 ± 34.98900817585308
ecos4: 0.0410728844739827 ± 0.004382061081739683
esin4: -0.03363302302709013 ± 0.0028888873159081726
Retrieved Earth masses:
[0.7562302982652886, 1.0115563499373055, 0.07794252622636524, 383.3200019249985]
 ± [0.017752078043843857, 0.011474694027231605, 0.014106424632501573, 18.413779676941527]
Retrieved eccentricity:
[0.0048443385651364464, 0.010791712746888504, 0.17418951746352204, 0.053086364322242896]
