Global Fit Results.
chi^2: 1.140249327354648
per 4 range=[657.45 - 712.2375, length=100]
mu_1: 2.322228524426296e-6 ± 6.060425641824154e-7
P_1: 224.7007725101286 ± 1.6268352750636065e-5
t01: 3503.76553974659 ± 0.00043546568223138207
ecos1: -0.0003542457538006433 ± 0.024829746512960583
esin1: -0.0018068574612804332 ± 0.026798910093637322
mu_2: 3.033890944465831e-6 ± 4.1914554605701245e-7
P_2: 365.2564583453053 ± 3.420994822143704e-5
t02: 3624.402192692624 ± 0.0005788674831890575
ecos2: 0.012606275145043493 ± 0.019365327318838686
esin2: 0.001520282316347796 ± 0.021632952314105554
mu_3: 2.2510360743641634e-7 ± 5.299730733678897e-7
P_3: 688.0389222089173 ± 9.397793636962588
t03: 382.04751113745766 ± 148.65921315292968
ecos3: -0.08514225951786404 ± 0.3487598296566429
esin3: -0.1662552744320108 ± 0.48230666926967053
mu_4: 0.001064877252862466 ± 0.0006999016791725542
P_4: 4340.273604565469 ± 161.88169928409283
t04: 367.5383596492357 ± 430.2974867624143
ecos4: 0.03189505838196355 ± 0.061696254322921536
esin4: -0.0352665471160038 ± 0.038209532385091456
Retrieved Earth masses:
[0.7731121751534847, 1.0100375577093135, 0.07494109117579545, 354.5170342076288]
 ± [0.20176260867625614, 0.13954118701478244, 0.1764376895790002, 233.01001769942022]
Retrieved eccentricity:
[0.0005009791494379501, 0.017827965281127362, 0.12040933814125307, 0.045106424136454513]
 ± [0.035114564268914926, 0.027386708534095874, 0.4932208811113547, 0.08725167961109533]
