Global Fit Results.
chi^2: 1.2994965221466719
per 4 range=[657.45 - 730.5, length=100]
mu_1: 2.4900683211965128e-6 ± 7.030734872575073e-7
P_1: 224.70076920313204 ± 3.0635814404666285e-5
t01: 3503.7655587556787 ± 0.0005594842668564108
ecos1: -0.0021618254640989954 ± 0.022364177651614348
esin1: 0.0032235929477270574 ± 0.02441008423727479
mu_2: 3.0152282696440067e-6 ± 3.8413496391514296e-7
P_2: 365.256458576243 ± 4.20379983591762e-5
t02: 3624.402185037048 ± 0.000554956873133475
ecos2: 0.01164460558106632 ± 0.0173168968292412
esin2: 0.0055786591643129805 ± 0.01946723378293521
mu_3: 2.838187565510236e-7 ± 5.731778960401184e-7
P_3: 684.1161632662934 ± 11.833839526053294
t03: 402.7549292866423 ± 153.945681713774
ecos3: -0.020822761414513235 ± 0.46526480569951145
esin3: -0.19204234609271068 ± 0.37067664412945156
mu_4: 0.0012229880645432325 ± 0.0008715388115711228
P_4: 4381.000596160269 ± 198.3445432588975
t04: 4638.024833436796 ± 295.62075535850676
ecos4: 0.03359028761661846 ± 0.05031492801264134
esin4: -0.03421608115478452 ± 0.03748685538834929
Retrieved Earth masses:
[0.828989100698699, 1.0038244133206717, 0.09448843381196843, 407.155003403188]
 ± [0.23406597038535723, 0.12788552650231094, 0.19082136202204683, 290.15114544374774]
Retrieved eccentricity:
[0.00305728289081231, 0.016467959141229425, 0.02944783159846379, 0.047503840311434856]
 ± [0.03162772334623429, 0.02448979035412855, 0.657983798315132, 0.07115605358530334]
