Global Fit Results.
chi^2: 110.16965563543147
per 4 range=[657.45 - 730.5, length=100]
mu_1: 2.554826787469541e-6 ± 8.246680065571275e-8
P_1: 224.7007711944721 ± 4.426000383159229e-6
t01: 3503.765529236618 ± 6.826101163812014e-5
ecos1: 0.0013596672359161843 ± 0.002907311026166106
esin1: 0.004136152969491765 ± 0.0028697088136466526
mu_2: 3.076090261509664e-6 ± 4.302996380453523e-8
P_2: 365.25645724907065 ± 4.429441303216295e-6
t02: 3624.402190177897 ± 5.5599730480104086e-5
ecos2: 0.014014771672588446 ± 0.002244168110448223
esin2: 0.006037284436009849 ± 0.0022873833058965542
mu_3: 2.879667210024269e-7 ± 6.416526639487712e-8
P_3: 682.576148226055 ± 1.6553324720606837
t03: 414.24770484090607 ± 18.124122627915437
ecos3: 0.0015447640794730502 ± 0.050858508388814866
esin3: -0.18351774520761782 ± 0.03733166397274697
mu_4: 0.0011021041671786696 ± 9.403936629148031e-5
P_4: 4351.29598995006 ± 22.4275270084959
t04: 4640.160843466508 ± 32.87488520773607
ecos4: 0.025216266782095393 ± 0.006554405892744958
esin4: -0.03944465487798169 ± 0.004468490405119514
Retrieved Earth masses:
[0.8505483736958787, 1.024086479013391, 0.09586936673297627, 366.9105520714069]
 ± [0.027454700070329113, 0.014325458740938737, 0.021361785952612733, 31.307417964656523]
Retrieved eccentricity:
[0.0019228598453470064, 0.019819880172936843, 0.0021846263118575774, 0.03566118647565747]
 ± [0.004111558683240947, 0.003173732978041079, 0.07192479232552781, 0.009269329706818054]
