Global Fit Results.
chi^2: 11.73332053257663
per 4 range=[657.45 - 803.5500000000001, length=100]
mu_1: 2.618114496226117e-6 ± 2.9100373458873236e-7
P_1: 224.70076923958334 ± 1.6390850557983268e-5
t01: 3503.7655431062703 ± 0.00025165388635697513
ecos1: 0.000995741992882299 ± 0.009167811503527377
esin1: 0.004219655738643923 ± 0.00875906589329834
mu_2: 3.056231382058213e-6 ± 1.3191265999831155e-7
P_2: 365.25645618794505 ± 1.447533294857877e-5
t02: 3624.402193317365 ± 0.00017246815226150725
ecos2: 0.01378933576605656 ± 0.007194730439333637
esin2: 0.006101516658743544 ± 0.006946377367939501
mu_3: 3.103694853053216e-7 ± 2.052093446057869e-7
P_3: 680.9193953828571 ± 4.782127511880002
t03: 425.15214332165294 ± 52.59643192682938
ecos3: 0.023081465564884465 ± 0.15957503913343477
esin3: -0.18162639112252474 ± 0.11144203151414533
mu_4: 0.0011062273616312904 ± 0.00029918853777595396
P_4: 4332.681362092626 ± 73.00312447329144
t04: 305.96661945918424 ± 145.38617799806968
ecos4: 0.02430687401284488 ± 0.020796766394559244
esin4: -0.04012799301239419 ± 0.013345177708785868
Retrieved Earth masses:
[0.8716180047259966, 1.01747509631469, 0.10332765503556295, 368.2832386086348]
 ± [0.09688044387503289, 0.043916127301369526, 0.06831792870565793, 99.60531394217641]
Retrieved eccentricity:
[0.0014081918309585611, 0.01950106565647358, 0.032642121641307184, 0.03437511088785936]
 ± [0.012965243365568493, 0.010174885364924165, 0.22567318455872082, 0.0294110690886907]
