Global Fit Results.
chi^2: 2.542998320489399
per 4 range=[657.45 - 712.2375, length=100]
mu_1: 2.322680001000624e-6 ± 4.4188172063697807e-7
P_1: 224.7007731070118 ± 1.2437022481026726e-5
t01: 3503.7655314149956 ± 0.00029792027148870865
ecos1: -0.00014744973410668334 ± 0.016801032997026177
esin1: -0.002157216860948441 ± 0.018098868969480823
mu_2: 3.0363323471951235e-6 ± 2.8213870798498807e-7
P_2: 365.2564581180684 ± 2.447768707815224e-5
t02: 3624.4021959994047 ± 0.00039673377556488046
ecos2: 0.012863608095003237 ± 0.013186416528199237
esin2: 0.0012914732622064393 ± 0.01458471953206928
mu_3: 2.2046879210913138e-7 ± 3.5836725646199776e-7
P_3: 688.1662158535577 ± 8.40541525209849
t03: 379.6750875977205 ± 106.52703260437906
ecos3: -0.08169940933636068 ± 0.25680858821502
esin3: -0.16758254209838852 ± 0.33413292515522536
mu_4: 0.0010654651257528407 ± 0.0004694045585081995
P_4: 4340.631543194261 ± 123.62198865832367
t04: 4710.685190156644 ± 223.63882886158584
ecos4: 0.03233761021208847 ± 0.04161334674228591
esin4: -0.0349814405397234 ± 0.025548058180367532
Retrieved Earth masses:
[0.7732624799287202, 1.010850345148024, 0.07339807673022221, 354.712747800934]
 ± [0.14711047367167124, 0.09392911504226548, 0.11930698733259625, 156.27332772724853]
Retrieved eccentricity:
[0.0002085254137419783, 0.018191889029005908, 0.11554041272135233, 0.04573228693667021]
 ± [0.023760248726272307, 0.018648409093280104, 0.3631821883875687, 0.05885015933867498]
