Global Fit Results.
chi^2: 1.147604258091995
per 4 range=[657.45 - 712.2375, length=100]
mu_1: 2.3333047007578237e-6 ± 5.903616286061335e-7
P_1: 224.70077254887434 ± 1.562690588933171e-5
t01: 3503.7655381774007 ± 0.00043126755552593487
ecos1: -0.0006312525251391721 ± 0.024250618190386073
esin1: -0.001949969303217028 ± 0.02597211447406446
mu_2: 3.0311276584337857e-6 ± 4.121667815985644e-7
P_2: 365.25645783397476 ± 3.3597923169734075e-5
t02: 3624.4021942699974 ± 0.0005772460238362501
ecos2: 0.0123418145781188 ± 0.018827027838978824
esin2: 0.0014168423318145964 ± 0.021028962772066267
mu_3: 2.2751490310941376e-7 ± 5.258229829686647e-7
P_3: 687.9953167323054 ± 9.442628688369608
t03: 382.3127282652229 ± 145.6504592051436
ecos3: -0.08042431429543756 ± 0.35048697641251525
esin3: -0.16484962493831015 ± 0.4661667238168394
mu_4: 0.001076672981916309 ± 0.00068986526352641
P_4: 4337.49549848485 ± 157.9299417701057
t04: 371.2391906601335 ± 423.1838878311934
ecos4: 0.032747337355332744 ± 0.05980198066846541
esin4: -0.03544732031085843 ± 0.03763398093522572
Retrieved Earth masses:
[0.7767996360067039, 1.009117609456015, 0.07574385542706558, 358.44404726875314]
 ± [0.1965421395948095, 0.13721782920843237, 0.1750560488912384, 229.6687121175969]
Retrieved eccentricity:
[0.0008927258823340803, 0.017453961560669588, 0.11373715602116419, 0.04631172861951865]
 ± [0.03429555314077567, 0.026625438109059676, 0.49566343547771813, 0.08457277211811744]
