Global Fit Results.
chi^2: 1.0739640683750016
per 4 range=[657.45 - 730.5, length=100]
mu_1: 2.490069358094713e-6 ± 7.73383495074353e-7
P_1: 224.7007692031125 ± 3.369959482191399e-5
t01: 3503.7655587543813 ± 0.0006154349471882345
ecos1: -0.0021619002779682483 ± 0.02459995359468177
esin1: 0.00322370567441683 ± 0.026851281160614793
mu_2: 3.0152277821270547e-6 ± 4.2254927272053333e-7
P_2: 365.256458576243 ± 4.624148526812496e-5
t02: 3624.4021850367294 ± 0.0006104490517688252
ecos2: 0.011644549963982958 ± 0.019048178701137498
esin2: 0.0055787508118124345 ± 0.021414095726223735
mu_3: 2.8381593943198193e-7 ± 6.305028949019201e-7
P_3: 684.1161165607426 ± 13.017317377665453
t03: 402.75438086600656 ± 169.3466926355908
ecos3: -0.020819845884022695 ± 0.5117964820175394
esin3: -0.19204502025139913 ± 0.40776387660786123
mu_4: 0.001222991444328535 ± 0.0009586770508388723
P_4: 4381.00071597532 ± 218.18060437779917
t04: 4638.023630787735 ± 325.1825779510746
ecos4: 0.03359043647549447 ± 0.05534666190945982
esin4: -0.03421602664319308 ± 0.04123567240150525
Retrieved Earth masses:
[0.828989445900997, 1.0038242510173983, 0.09448749594172566, 407.15612859527795]
 ± [0.2574734526837538, 0.1406743496199195, 0.20990589831748635, 319.1610525182367]
Retrieved eccentricity:
[0.0030573886936008606, 0.016467880486795837, 0.029443708415702558, 0.04750405082967619]
 ± [0.03478958800734773, 0.026938192657654975, 0.723789526044042, 0.07827199990443645]
