Global Fit Results.
chi^2: 4.560997309418592
per 4 range=[657.45 - 712.2375, length=100]
mu_1: 2.322228524426296e-6 ± 3.030212820912077e-7
P_1: 224.7007725101286 ± 8.134176375318032e-6
t01: 3503.76553974659 ± 0.00021773284111569104
ecos1: -0.0003542457538006433 ± 0.012414873256480292
esin1: -0.0018068574612804332 ± 0.013399455046818661
mu_2: 3.033890944465831e-6 ± 2.0957277302850622e-7
P_2: 365.2564583453053 ± 1.710497411071852e-5
t02: 3624.402192692624 ± 0.00028943374159452875
ecos2: 0.012606275145043493 ± 0.009682663659419343
esin2: 0.001520282316347796 ± 0.010816476157052777
mu_3: 2.2510360743641634e-7 ± 2.6498653668394483e-7
P_3: 688.0389222089173 ± 4.698896818481294
t03: 382.04751113745766 ± 74.32960657646484
ecos3: -0.08514225951786404 ± 0.17437991482832144
esin3: -0.1662552744320108 ± 0.24115333463483526
mu_4: 0.001064877252862466 ± 0.0003499508395862771
P_4: 4340.273604565469 ± 80.94084964204642
t04: 367.5383596492357 ± 215.14874338120714
ecos4: 0.03189505838196355 ± 0.030848127161460768
esin4: -0.0352665471160038 ± 0.019104766192545728
Retrieved Earth masses:
[0.7731121751534847, 1.0100375577093135, 0.07494109117579545, 354.5170342076288]
 ± [0.10088130433812807, 0.06977059350739122, 0.0882188447895001, 116.50500884971011]
Retrieved eccentricity:
[0.0005009791494379501, 0.017827965281127362, 0.12040933814125307, 0.045106424136454513]
 ± [0.017557282134457463, 0.013693354267047937, 0.24661044055567735, 0.04362583980554766]
