Global Fit Results.
chi^2: 0.7559144287035859
per 4 range=[657.45 - 803.5500000000001, length=100]
mu_1: 2.6061998949403726e-6 ± 1.2038253344701653e-6
P_1: 224.7007638875401 ± 7.129317493167632e-5
t01: 3503.7656066697755 ± 0.001874926916500253
ecos1: -0.003899294019254255 ± 0.031043831443343863
esin1: 0.0006815182053856707 ± 0.032488171650923416
mu_2: 2.9973919704175624e-6 ± 4.777342692037484e-7
P_2: 365.2564567255482 ± 7.62308244333182e-5
t02: 3624.402176765004 ± 0.00079770486630394
ecos2: 0.009824731289517302 ± 0.024801380744075483
esin2: 0.0031937815646258245 ± 0.025601159096389395
mu_3: 3.860129515527357e-7 ± 7.268775204543423e-7
P_3: 676.9805614348631 ± 11.52567983560298
t03: 451.6919848155384 ± 139.73496826667687
ecos3: 0.08815490702694992 ± 0.5278826305116904
esin3: -0.13730447253668926 ± 0.5016588137040358
mu_4: 0.0011604946029611894 ± 0.001121216511431777
P_4: 4268.984637989313 ± 407.65360652917104
t04: 414.00064648345233 ± 781.7950307008646
ecos4: 0.025044819192209248 ± 0.07678569923550038
esin4: -0.03506525117445822 ± 0.052134662836039396
Retrieved Earth masses:
[0.8676514169336154, 0.9978863844201563, 0.12851074279439373, 386.3497917246776]
 ± [0.40077538151290565, 0.15904644014340316, 0.2419907666268371, 373.27339960444743]
Retrieved eccentricity:
[0.005514434485709664, 0.013894268236306675, 0.12466986510725184, 0.0354187229688043]
 ± [0.04390260745520123, 0.03507444901385047, 0.7465387754108179, 0.10859137725514603]
