Global Fit Results.
chi^2: 1.300762135201638
per 4 range=[657.45 - 712.2375, length=100]
mu_1: 2.357928802069319e-6 ± 6.400245485716324e-7
P_1: 224.70077105166874 ± 2.2073866082142934e-5
t01: 3503.7655520058593 ± 0.00045750606626692787
ecos1: -0.0005508871084996582 ± 0.02308320275719084
esin1: -0.0017883759711311616 ± 0.024395844959678777
mu_2: 3.0277914787524666e-6 ± 3.949283245437471e-7
P_2: 365.2564615747355 ± 3.5705458245953124e-5
t02: 3624.4021638056606 ± 0.0005506488260226905
ecos2: 0.012535703873888231 ± 0.017970242141116394
esin2: 0.0015470828088302432 ± 0.019654426844636946
mu_3: 2.3295740244069958e-7 ± 5.14014760106008e-7
P_3: 686.5112643093707 ± 13.141682222589097
t03: 390.180372981145 ± 154.71154477012468
ecos3: -0.059396432333687285 ± 0.4307393051410419
esin3: -0.17815372524368464 ± 0.43527575857188605
mu_4: 0.001113725475684902 ± 0.0007438739205603354
P_4: 4357.295628616383 ± 182.5350600469627
t04: 4698.324700544005 ± 307.4638322937909
ecos4: 0.03285095809451844 ± 0.055840087036425096
esin4: -0.03497470660232681 ± 0.03390867518917598
Retrieved Earth masses:
[0.7849974478610876, 1.0080069344716205, 0.07755576258952766, 370.779497355163]
 ± [0.21307583026097066, 0.13147883285654136, 0.17112487641358531, 247.64917781139934]
Retrieved eccentricity:
[0.0007790720201767152, 0.017728162432345682, 0.08399924016287638, 0.04645827047421819]
 ± [0.03264457840222731, 0.02541376015509533, 0.6091573671776245, 0.07896980841100643]
