Global Fit Results.
chi^2: 37.80708549734157
per 4 range=[657.45 - 730.5, length=300]
mu_1: 2.806484544966911e-6 ± 2.9605666549072715e-7
P_1: 224.70073008976445 ± 1.88979280876866e-5
t01: 3503.7668933644864 ± 0.0019403561535370332
ecos1: -0.011792328508547572 ± 0.0051917914904933814
esin1: 0.00036924119158474804 ± 0.005233725556749031
mu_2: 2.8733592684256492e-6 ± 1.1620222325112057e-7
P_2: 365.25647717527556 ± 1.2780007337415583e-5
t02: 3624.4019668220444 ± 0.00016334311350601065
ecos2: 0.0016389461297720157 ± 0.004110951370491093
esin2: 0.004187650672538011 ± 0.004096740304329
mu_3: 3.8258836685114115e-7 ± 1.9882491922153734e-7
P_3: 674.8190374195476 ± 1.3391500983534292
t03: 481.6118906972377 ± 30.457862689055442
ecos3: 0.22260004351838258 ± 0.24443328070568715
esin3: 0.22977076453122885 ± 0.21126601354292313
mu_4: 0.0014243890691143363 ± 0.00028222833572942666
P_4: 4240.368505139548 ± 50.847383019883104
t04: 413.7842485665706 ± 117.07370280406141
ecos4: 0.039710191863539586 ± 0.01224480822594577
esin4: -0.016938001317481258 ± 0.010380802696184686
Retrieved Earth masses:
[0.9343298251105735, 0.9565936386724819, 0.12737063616845296, 474.20506634241997]
 ± [0.09856265661139851, 0.03868583674276367, 0.06619243720298952, 93.95895375095766]
Retrieved eccentricity:
[0.011798107929285387, 0.004496950363468861, 0.31991465050486706, 0.043171694737062644]
