Global Fit Results.
chi^2: 129.9496524967034
per 4 range=[657.45 - 730.5, length=100]
mu_1: 2.490070451236327e-6 ± 7.030725087471712e-8
P_1: 224.70076920304436 ± 3.0635682132113076e-6
t01: 3503.7655587527947 ± 5.594831479040621e-5
ecos1: -0.0021619989451025206 ± 0.0022363078973408647
esin1: 0.0032232716784274438 ± 0.00244087907168264
mu_2: 3.0152268356774993e-6 ± 3.8413042009785886e-8
P_2: 365.2564585768759 ± 4.203824194371043e-6
t02: 3624.4021850288896 ± 5.549573999757926e-5
ecos2: 0.011644473960237375 ± 0.0017316015860138468
esin2: 0.005578431746770716 ± 0.001946616425719288
mu_3: 2.8382675341397427e-7 ± 5.7313966998915975e-8
P_3: 684.1159564357547 ± 1.1834014254676897
t03: 402.7595235169392 ± 15.393522093501321
ecos3: -0.0208270561638399 ± 0.0465228501821949
esin3: -0.19203575280856117 ± 0.037064047411363654
mu_4: 0.001222991541593493 ± 8.714962706028296e-5
P_4: 4380.994140525808 ± 19.83376238081748
t04: 257.03817157041885 ± 41.51719890964974
ecos4: 0.03359076485524995 ± 0.005031389594587535
esin4: -0.0342163676781396 ± 0.0037486881157126465
Retrieved Earth masses:
[0.8289898098277518, 1.0038239359271017, 0.0944910961133075, 407.1561609765542]
 ± [0.023406564462144282, 0.012788401378277149, 0.019080863587339552, 29.013698278051955]
Retrieved eccentricity:
[0.003057528230000309, 0.01646777300126804, 0.029453905291208553, 0.04750451522877999]
 ± [0.00316261695806151, 0.0024488544475675437, 0.06579324568791164, 0.007115459402248561]
