Global Fit Results.
chi^2: 91.46564591684441
per 4 range=[657.45 - 803.5500000000001, length=100]
mu_1: 2.606183306049573e-6 ± 1.0944472941545253e-7
P_1: 224.70076388812348 ± 6.481245199571937e-6
t01: 3503.7656066609325 ± 0.00017046090745704626
ecos1: -0.003900122015151128 ± 0.0028220934020863463
esin1: 0.0006808414061380548 ± 0.002953254885373627
mu_2: 2.997386538491793e-6 ± 4.343007567935213e-8
P_2: 365.2564567269431 ± 6.9300607797014535e-6
t02: 3624.4021767505287 ± 7.251768105205608e-5
ecos2: 0.009824049435335297 ± 0.0022546161582355814
esin2: 0.0031932741032294834 ± 0.0023272176890154987
mu_3: 3.860288610336528e-7 ± 6.607799019034999e-8
P_3: 676.9802264690258 ± 1.0477082249795553
t03: 451.6958283557372 ± 12.70193339178847
ecos3: 0.08815519589811195 ± 0.04798468648861025
esin3: -0.13729369717840628 ± 0.04560487417115046
mu_4: 0.0011604998059336095 ± 0.00010192943252584653
P_4: 4268.971438159128 ± 37.05840109760947
t04: 4682.998641171744 ± 43.68662870962112
ecos4: 0.025044698257232934 ± 0.006980507184348466
esin4: -0.03506447173080238 ± 0.004739455937162752
Retrieved Earth masses:
[0.8676458941897017, 0.9978845760331252, 0.1285160393503821, 386.3515238889683]
 ± [0.03643614395717951, 0.014458663272099534, 0.021998566544372617, 33.9341647315635]
Retrieved eccentricity:
[0.005515605448736611, 0.013893303948874924, 0.12467027363276696, 0.03541855194092063]
 ± [0.003991042763514139, 0.003188508748922283, 0.06786059441841362, 0.009871927932348427]
