Global Fit Results.
chi^2: 2.0092826249270477
per 4 range=[657.45 - 712.2375, length=100]
mu_1: 2.3226807856708923e-6 ± 4.97124503464732e-7
P_1: 224.7007731069422 ± 1.3991584665494318e-5
t01: 3503.7655314158596 ± 0.0003351613321232031
ecos1: -0.00014739748053799976 ± 0.01890110666123135
esin1: -0.0021572143275998532 ± 0.020361138740029025
mu_2: 3.0363326848274314e-6 ± 3.1740535269846777e-7
P_2: 365.25645811804674 ± 2.753771545746458e-5
t02: 3624.4021959996207 ± 0.000446331082777099
ecos2: 0.01286364595006389 ± 0.014834648198925885
esin2: 0.0012914764001722213 ± 0.016407741021732338
mu_3: 2.204740910160654e-7 ± 4.031509493039213e-7
P_3: 688.1661501006952 ± 9.456401313060413
t03: 379.6768698634619 ± 119.83559997017736
ecos3: -0.08169921968421755 ± 0.28891379202410566
esin3: -0.16757859219736318 ± 0.3758844401619437
mu_4: 0.0010654641983954961 ± 0.0005280780304590852
P_4: 4340.631391527768 ± 139.07411007724752
t04: 4710.686063212171 ± 251.59344793531812
ecos4: 0.03233744275720786 ± 0.04681523955612816
esin4: -0.03498148738032739 ± 0.02874205739060141
Retrieved Earth masses:
[0.7732627411597455, 1.0108504575519692, 0.0733998408328601, 354.71243906678217]
 ± [0.16550180232182965, 0.10567002344900346, 0.1342162944142404, 175.80679527646944]
Retrieved eccentricity:
[0.00020845151603646357, 0.01819194256414609, 0.11554014451271939, 0.04573205011970696]
 ± [0.02673020138417382, 0.020979360675954593, 0.40858580303713, 0.06620674670602184]
