Global Fit Results.
chi^2: 36.09368476698187
per 4 range=[657.45 - 803.5500000000001, length=300]
mu_1: 2.100604680594763e-6 ± 1.989281068482432e-7
P_1: 224.70079543823093 ± 7.275719837584711e-6
t01: 3503.765221587005 ± 0.00012712062208653993
ecos1: -0.0032153192931364933 ± 0.007713421884748732
esin1: -0.014233899795770142 ± 0.007392634761078038
mu_2: 3.037015653811295e-6 ± 1.2623652482094032e-7
P_2: 365.3401142385272 ± 0.10259473728879277
t02: 3623.760716235609 ± 0.6787507436105618
ecos2: 0.011438197336288073 ± 0.005617979876059329
esin2: -0.007996523465250977 ± 0.006298665596736785
mu_3: 7.009165316455285e-6 ± 1.5235569671921555e-6
P_3: 731.4873214417439 ± 0.7378003464209136
t03: 149.53529471006027 ± 12.792217757681556
ecos3: 0.07721081855923524 ± 0.010078543818260406
esin3: -0.029223330450346207 ± 0.021963921050136666
mu_4: 0.0011933898644943504 ± 0.00024284992661498248
P_4: 4313.1033723936935 ± 80.0260596770556
t04: 533.8926063329884 ± 141.28894200125896
ecos4: 0.046063366990172466 ± 0.015471779394616017
esin4: -0.024340573522651354 ± 0.009773115333846182
Retrieved Earth masses:
[0.6993295606656181, 1.0110778303669714, 2.333478805732022, 397.30122347596387]
 ± [0.06622679024348162, 0.04202643851007074, 0.5072198659549098, 80.84916407938653]
Retrieved eccentricity:
[0.014592538557524563, 0.013956243973009968, 0.08255612360810842, 0.052098918394558894]
