Global Fit Results.
chi^2: 0.41684184204103447
per 4 range=[657.45 - 1314.9, length=100]
mu_1: 2.5441479264938053e-6 ± 7.563455651389351e-7
P_1: 224.700796215153 ± 3.44943690920696e-5
t01: 3503.7653103480347 ± 0.0004782954139920748
ecos1: 0.01580302097731605 ± 0.047859110163102535
esin1: 0.011636391495147393 ± 0.03262142848083558
mu_2: 3.0558687874780783e-6 ± 5.413140153415484e-7
P_2: 365.25629055823373 ± 0.00026802750047084207
t02: 3624.4036419423073 ± 0.0022396488787205207
ecos2: 0.024931493216223472 ± 0.03947507306813418
esin2: 0.01199347488506496 ± 0.024901415722354537
mu_3: 8.904308546750161e-6 ± 1.5449667561006698e-5
P_3: 1252.4474479255064 ± 48.65643420932129
t03: 688.874885772839 ± 199.2727528248397
ecos3: 0.22077274776394312 ± 0.23080354896517513
esin3: 0.11565522312115153 ± 0.24302356944347128
mu_4: 0.0015375301538340836 ± 0.002336237697826285
P_4: 4811.539396659913 ± 621.0434948492041
t04: 4264.785466956445 ± 566.1522228157575
ecos4: 0.039500259303963454 ± 0.07970588591648244
esin4: -0.04642195716602017 ± 0.06046884607260567
Retrieved Earth masses:
[0.8469931863616985, 1.017354381974306, 2.964406507114313, 511.87179430947833]
 ± [0.25180121546251055, 0.18021329573718864, 5.143475746616692, 777.7760841553103]
Retrieved eccentricity:
[0.022348846592586877, 0.03525845583659605, 0.31221981409014277, 0.05586180242491915]
 ± [0.06768300267576764, 0.05582618370862426, 0.3264055091903934, 0.11272114486405213]
