Global Fit Results.
chi^2: 184.7754398562267
per 4 range=[657.45 - 712.2375, length=200]
mu_1: 2.3209843921071857e-6 ± 5.726116801624534e-8
P_1: 224.70077426435807 ± 1.9822989979810955e-6
t01: 3503.7655046969794 ± 4.0798539391537144e-5
ecos1: 0.0020420646149375637 ± 0.0023211705387262663
esin1: -0.0023234166729831744 ± 0.002347217787702293
mu_2: 3.028624489655159e-6 ± 3.657271278044386e-8
P_2: 365.25646311133625 ± 3.2563220494205174e-6
t02: 3624.402118710479 ± 5.000910613012332e-5
ecos2: 0.014685940346590673 ± 0.0018062168790180743
esin2: 0.0014046010304327489 ± 0.0018919632031558773
mu_3: 2.2252844620023168e-7 ± 5.0525462448498214e-8
P_3: 686.8555309379444 ± 1.2481802650334934
t03: 374.8315907960121 ± 15.886908088013557
ecos3: -0.009991216896387116 ± 0.0529047743078034
esin3: -0.18220363441569717 ± 0.03910426087278983
mu_4: 0.001099442441337891 ± 6.984540137670204e-5
P_4: 4374.74663777816 ± 15.789316977003534
t04: 318.5866328238772 ± 38.190999677653494
ecos4: 0.032349149966053564 ± 0.005104017205655117
esin4: -0.03112457572378866 ± 0.003055637541034628
Retrieved Earth masses:
[0.7726979808425937, 1.008284258974413, 0.0740837730937305, 366.0244150556992]
 ± [0.019063285844275496, 0.012175722256248602, 0.01682084676995532, 23.25280635167055]
Retrieved eccentricity:
[0.0030932657383219283, 0.01475295726009916, 0.18247736519732982, 0.04489105386947468]
