Global Fit Results.
chi^2: 1.3569909340810529
per 4 range=[657.45 - 712.2375, length=100]
mu_1: 2.322224889196983e-6 ± 5.555419974653597e-7
P_1: 224.70077251014428 ± 1.4912738757553745e-5
t01: 3503.7655397480025 ± 0.0003991782480205021
ecos1: -0.00035408762085001127 ± 0.02276032611453778
esin1: -0.0018072848643588214 ± 0.024564959730339
mu_2: 3.0338924746994886e-6 ± 3.84216923866053e-7
P_2: 365.2564583453141 ± 3.135928576512112e-5
t02: 3624.402192692973 ± 0.0005306270538932152
ecos2: 0.012606416927780686 ± 0.017751354999707536
esin2: 0.0015199285478303501 ± 0.019829494288956206
mu_3: 2.2510453792736668e-7 ± 4.85797183937904e-7
P_3: 688.0390676945566 ± 8.614354639485356
t03: 382.046696570164 ± 136.26425156180215
ecos3: -0.08514369037320417 ± 0.31967415771628893
esin3: -0.1662523233302864 ± 0.44209085913674817
mu_4: 0.0010648716815103252 ± 0.0006415691898967892
P_4: 4340.271381910543 ± 148.38717364959115
t04: 367.54867318628015 ± 394.4100021437912
ecos4: 0.03189478055438182 ± 0.05655462142984284
esin4: -0.03526592595336112 ± 0.03502414054334874
Retrieved Earth masses:
[0.7731109649194308, 1.0100380671519713, 0.0749414009531817, 354.5151794030189]
 ± [0.18495005014877358, 0.12791281246286867, 0.16173073132432395, 213.59006949374339]
Retrieved eccentricity:
[0.0005007555156745083, 0.01782816579219721, 0.12041136167628086, 0.045106031228920436]
 ± [0.032187961875213854, 0.025104206991085846, 0.4520875293825716, 0.07998031264095982]
