Global Fit Results.
chi^2: 186.57545314607728
per 4 range=[657.45 - 712.2375, length=300]
mu_1: 2.345436906093943e-6 ± 5.757984601114515e-8
P_1: 224.70077441434134 ± 1.7431632953000488e-6
t01: 3503.7654858128226 ± 3.912475322731958e-5
ecos1: 0.003341873005500516 ± 0.0023711123544309784
esin1: -0.0028491524775447526 ± 0.0025605883986711164
mu_2: 3.0705353893664637e-6 ± 3.741221924531938e-8
P_2: 365.25645597765606 ± 3.607311250575659e-6
t02: 3624.402195088767 ± 5.306194964728074e-5
ecos2: 0.015510905425024792 ± 0.001863652952453517
esin2: 0.0003258221012925421 ± 0.002058826899107036
mu_3: 2.3447780154355437e-7 ± 4.8658300373433984e-8
P_3: 688.6141167934792 ± 1.095261077233225
t03: 371.88523769135753 ± 13.504092044432362
ecos3: -0.05653510674106963 ± 0.0346078673433915
esin3: -0.16805761022744284 ± 0.03935955218670005
mu_4: 0.0010080449788034218 ± 6.031007981606169e-5
P_4: 4349.855945874901 ± 17.155898401197422
t04: 355.3380986860259 ± 40.67491129883321
ecos4: 0.024340692379596723 ± 0.006131882308474979
esin4: -0.03759280400797063 ± 0.003775855980023014
Retrieved Earth masses:
[0.7808386681511106, 1.0222371608949727, 0.0780619311449242, 335.5965349740052]
 ± [0.019169379553494494, 0.012455209250008472, 0.016199234504825803, 20.078324118335743]
Retrieved eccentricity:
[0.004391558382304902, 0.015514327157365034, 0.17731209391799319, 0.04478491061395401]
