Global Fit Results.
chi^2: 2.582109586787619
per 4 range=[657.45 - 712.2375, length=100]
mu_1: 2.333305668275201e-6 ± 3.9357434172622653e-7
P_1: 224.70077254869375 ± 1.0418036387926681e-5
t01: 3503.765538181919 ± 0.0002875096767969097
ecos1: -0.0006314150188854751 ± 0.016166591320995922
esin1: -0.0019494084752827478 ± 0.01731529950956273
mu_2: 3.031126287865534e-6 ± 2.747792435308911e-7
P_2: 365.2564578335154 ± 2.239853563198806e-5
t02: 3624.402194276811 ± 0.00038482678357329284
ecos2: 0.01234165987954674 ± 0.012551011902241359
esin2: 0.0014173217336457228 ± 0.014019649567193447
mu_3: 2.2752861243908364e-7 ± 3.5054454388394657e-7
P_3: 687.9953458138342 ± 6.295143239295811
t03: 382.31486709060897 ± 97.09135702386132
ecos3: -0.08042543122468832 ± 0.2336331600913206
esin3: -0.16483880899012607 ± 0.31074562154651386
mu_4: 0.0010766811033034475 ± 0.000459893302693157
P_4: 4337.499826086052 ± 105.28291624324078
t04: 371.2248840898302 ± 282.124738072844
ecos4: 0.03274807378287842 ± 0.03986698243286283
esin4: -0.03544768501324905 ± 0.025089887643628035
Retrieved Earth masses:
[0.7767999581108621, 1.009117153168879, 0.07574841951262799, 358.44675102646255]
 ± [0.13102806731380376, 0.09147901527291687, 0.1167026638247228, 153.10685741898058]
Retrieved eccentricity:
[0.0008929556831939028, 0.0174537427838509, 0.11373873559765882, 0.046312770085341445]
 ± [0.022863012703495604, 0.017749811253655868, 0.3304071836212301, 0.05638042724744454]
