Global Fit Results.
chi^2: 169.95549266503988
per 4 range=[657.45 - 730.5, length=300]
mu_1: 2.5674238388141135e-6 ± 8.659476632701997e-8
P_1: 224.70077022257078 ± 4.557128888335884e-6
t01: 3503.7655093109743 ± 7.06116063107419e-5
ecos1: 0.0029041728214115816 ± 0.002997047080572359
esin1: 0.003250605499798477 ± 0.0030770881577178756
mu_2: 3.071551902942101e-6 ± 4.312917122840364e-8
P_2: 365.25646057440264 ± 4.395295254830831e-6
t02: 3624.402150541901 ± 5.5454707220643574e-5
ecos2: 0.01504846556913934 ± 0.0023025701751499357
esin2: 0.005312458107476289 ± 0.0024581888654107544
mu_3: 3.115350554629399e-7 ± 6.471079361498175e-8
P_3: 682.2309437492042 ± 1.4641240328823595
t03: 420.6658601518333 ± 16.756820150468894
ecos3: -0.024329006202212882 ± 0.04403266786842027
esin3: -0.1995710763063952 ± 0.04004438811114229
mu_4: 0.0010887430788067407 ± 9.459815756938701e-5
P_4: 4374.486878594004 ± 21.8753299733771
t04: 268.420562858628 ± 44.177837099772944
ecos4: 0.01769892197260776 ± 0.007133203156897394
esin4: -0.036336332142990535 ± 0.004652759699947441
Retrieved Earth masses:
[0.8547421615436654, 1.0225755767800884, 0.10371569457188416, 362.46240238028565]
 ± [0.028828975033165366, 0.014358486699406876, 0.02154340190095904, 31.493449759449835]
Retrieved eccentricity:
[0.0043589741788574304, 0.015958650542237673, 0.20104853901702527, 0.040417581231416914]
