Global Fit Results.
chi^2: 65.35791540211446
per 4 range=[657.45 - 712.2375, length=300]
mu_1: 2.6304476955269364e-6 ± 1.667456010428147e-7
P_1: 224.70077766128372 ± 7.608135220933252e-6
t01: 3503.76535471444 ± 0.00016888175846793626
ecos1: -0.011618988321410836 ± 0.004963504029806532
esin1: 0.009797412571333597 ± 0.004994481856398345
mu_2: 2.8225426971160074e-6 ± 1.0415096632082093e-7
P_2: 365.25647022525084 ± 9.375966129832268e-6
t02: 3624.402064682058 ± 0.00014704846684370743
ecos2: 0.0031578119067460723 ± 0.004117588798557623
esin2: 0.01326414055335094 ± 0.00366837154193799
mu_3: 3.470661824493244e-7 ± 1.457367365306597e-7
P_3: 683.0672878889154 ± 2.6837165436559323
t03: 418.3340302648065 ± 31.037807913815357
ecos3: 0.017022949012909943 ± 0.10251668943329563
esin3: -0.11709183156239995 ± 0.0569619236248997
mu_4: 0.0013825186716306447 ± 0.0002348486434862965
P_4: 4320.413204384401 ± 41.614749379171165
t04: 257.826912290388 ± 102.52414945179709
ecos4: 0.04254266998881662 ± 0.012108028585093284
esin4: -0.04138206110668439 ± 0.007808400302024622
Retrieved Earth masses:
[0.8757239514223552, 0.9396758764601066, 0.1155446539448144, 460.26564835118035]
 ± [0.05551264785679672, 0.034673753797128844, 0.04851841418441962, 78.18539118254576]
Retrieved eccentricity:
[0.015198361184878027, 0.013634852425216646, 0.11832276962501163, 0.059349420816169035]
