Global Fit Results.
chi^2: 35.82677571736135
per 4 range=[657.45 - 803.5500000000001, length=300]
mu_1: 2.5050591918220034e-6 ± 2.552498201299448e-7
P_1: 224.70077534892152 ± 1.176581600550963e-5
t01: 3503.7653032433404 ± 0.0001755980176163989
ecos1: 0.0013687432158341493 ± 0.007293553201970368
esin1: -0.0038237150469284413 ± 0.008474201743268833
mu_2: 3.021830281786088e-6 ± 1.2607393505273656e-7
P_2: 365.25649567670774 ± 2.484303351145246e-5
t02: 3624.40180069891 ± 0.0002491200867817583
ecos2: 0.01393292569476761 ± 0.005498135570050557
esin2: 0.0008525194544642183 ± 0.006836335355251484
mu_3: 3.1981120140050536e-7 ± 2.1775099507453113e-7
P_3: 685.2631778933797 ± 4.066414703757992
t03: 391.73951641961867 ± 44.68741084480378
ecos3: -0.013670815261077749 ± 0.15660211621440912
esin3: -0.24208626870890448 ± 0.15547981063479385
mu_4: 0.0012597131488764214 ± 0.0002590552712985865
P_4: 4250.450087767847 ± 63.177521082720055
t04: 4770.43539043584 ± 96.74717535864546
ecos4: 0.02442733884167445 ± 0.01661974612078751
esin4: -0.03504973497716586 ± 0.011753001373694822
Retrieved Earth masses:
[0.8339798345885002, 1.0060223434183633, 0.10647097430442454, 419.3814529247919]
 ± [0.08497731449446785, 0.041972309414664524, 0.07249327259275491, 86.24421850476794]
Retrieved eccentricity:
[0.004061311949481224, 0.013958983051646544, 0.24247196268290985, 0.04272211142787235]
