Global Fit Results.
chi^2: 1.303702280043326
per 4 range=[657.45 - 803.5500000000001, length=100]
mu_1: 2.6181151490234503e-6 ± 8.73050028347343e-7
P_1: 224.7007692393656 ± 4.9173019008089134e-5
t01: 3503.765543120447 ± 0.0007549482695746333
ecos1: 0.0009962241783110686 ± 0.027502061746567816
esin1: 0.004220526499810934 ± 0.026276938680981937
mu_2: 3.0562352046925463e-6 ± 3.9572974934579903e-7
P_2: 365.2564561869417 ± 4.342843936554636e-5
t02: 3624.4021933316335 ± 0.0005174322433301311
ecos2: 0.013789717717309889 ± 0.0215830514135859
esin2: 0.0061021669761641695 ± 0.02083874879007035
mu_3: 3.10353820153659e-7 ± 6.15623022914789e-7
P_3: 680.9199820139834 ± 14.346633285525707
t03: 425.1451513583557 ± 157.79985654810108
ecos3: 0.023072721666060187 ± 0.47875844722398864
esin3: -0.1816412257260794 ± 0.33436533595704443
mu_4: 0.0011062244985838932 ± 0.0008975282773200048
P_4: 4332.697034102959 ± 219.01254041802963
t04: 305.9355942559711 ± 436.1521417574084
ecos4: 0.02430707832328555 ± 0.06238907252071312
esin4: -0.040127464068163185 ± 0.04003616435718366
Retrieved Earth masses:
[0.8716182220541194, 1.0174763689392887, 0.10332243982123387, 368.2822854480059]
 ± [0.2906542570353516, 0.1317456417710901, 0.20495211789623413, 298.80351198943856]
Retrieved eccentricity:
[0.0014088737441315057, 0.019501605817116203, 0.032629755901001874, 0.034375399826455495]
 ± [0.038893788715218494, 0.03052304402648898, 0.6770666891648484, 0.08823147250267108]
