Global Fit Results.
chi^2: 186.57540575606546
per 4 range=[657.45 - 712.2375, length=200]
mu_1: 2.3455445855407794e-6 ± 5.7578514557894717e-8
P_1: 224.70077441016235 ± 1.7437641488006732e-6
t01: 3503.765485828539 ± 3.9133180835842495e-5
ecos1: 0.0033377878499279245 ± 0.0023710451477226085
esin1: -0.0028480521220067266 ± 0.002560418329126532
mu_2: 3.0705057869629148e-6 ± 3.741185447564233e-8
P_2: 365.25645598922404 ± 3.607058888473258e-6
t02: 3624.402194945143 ± 5.305741264352045e-5
ecos2: 0.01550765821926639 ± 0.0018635723516250953
esin2: 0.0003270761743443385 ± 0.0020586968851628506
mu_3: 2.3447436637341584e-7 ± 4.8656840344876756e-8
P_3: 688.6068637791208 ± 1.0955785676366592
t03: 371.9270339058946 ± 13.508683555550267
ecos3: -0.05641928330714729 ± 0.03465230189364533
esin3: -0.16812863463223524 ± 0.03935829865323131
mu_4: 0.0010081775695956973 ± 6.032993322624854e-5
P_4: 4349.892832635704 ± 17.15524019568764
t04: 355.26013437002916 ± 40.673394912883566
ecos4: 0.024338031602020624 ± 0.006131453831166952
esin4: -0.03759897441054815 ± 0.0037755812653724485
Retrieved Earth masses:
[0.7808745166003426, 1.022227305715624, 0.07806078751421348, 335.64067686389376]
 ± [0.019168936288455018, 0.012455087811538706, 0.016198748434724696, 20.084933680216636]
Retrieved eccentricity:
[0.004387736161255995, 0.01551110706137393, 0.17734253103018408, 0.04478864430841828]
