Global Fit Results.
chi^2: 9.421372001589235
per 4 range=[657.45 - 803.5500000000001, length=100]
mu_1: 2.312832201912902e-6 ± 2.963853312553619e-7
P_1: 224.70079881758446 ± 1.2677598508922675e-5
t01: 3503.764889853419 ± 0.0003039781703498881
ecos1: 0.011566399714882563 ± 0.014159432197059424
esin1: -0.0068633209854483965 ± 0.01352090259946412
mu_2: 3.085688610013205e-6 ± 1.4915200370524879e-7
P_2: 365.2564002757405 ± 3.0264879613967066e-5
t02: 3624.40268319119 ± 0.00028832848754979656
ecos2: 0.021884642392330733 ± 0.011064466467596037
esin2: -0.0023435925050952293 ± 0.010857229850170336
mu_3: 3.463361415161453e-7 ± 2.2480002744833265e-7
P_3: 665.2203976271616 ± 3.176617262129089
t03: 263.067962816197 ± 34.40192324608146
ecos3: 0.17888151959348703 ± 0.12250773580191933
esin3: 0.026662725037006767 ± 0.19410906751246335
mu_4: 0.000920498549749131 ± 0.0003035029723902502
P_4: 4349.435868437252 ± 113.84675272045321
t04: 4729.606727205905 ± 136.9594837955309
ecos4: -0.010275331986354861 ± 0.036342029395310095
esin4: -0.051471097014238035 ± 0.023955337455334336
Retrieved Earth masses:
[0.7699839682348446, 1.0272819440640528, 0.11530161002046997, 306.4507340844032]
 ± [0.09867207543108941, 0.049655418835901605, 0.0748400238680556, 101.04166781266386]
Retrieved eccentricity:
[0.01635735934461522, 0.0309495580789193, 0.2529766710670179, 0.01453151385298912]
 ± [0.020024461048583707, 0.01564751853889665, 0.17325210146669429, 0.05139539085500923]
