Global Fit Results.
chi^2: 1.0690317674394954
per 4 range=[657.45 - 712.2375, length=100]
mu_1: 2.364657634833921e-6 ± 7.029107736252394e-7
P_1: 224.7007701123776 ± 2.4819148225853633e-5
t01: 3503.765569862907 ± 0.0005092510448157655
ecos1: -0.0004968905825530864 ± 0.02519341889196649
esin1: -0.0013862971815801753 ± 0.02687769186030783
mu_2: 3.039708494676627e-6 ± 4.38739052543225e-7
P_2: 365.25646030578446 ± 4.307814169672747e-5
t02: 3624.4021788248956 ± 0.0006332560587985152
ecos2: 0.012638003357449116 ± 0.019635543187617698
esin2: 0.001935945031489338 ± 0.021666009446403338
mu_3: 2.4066205853992213e-7 ± 5.600717547487291e-7
P_3: 686.726449177804 ± 14.119356030083628
t03: 388.66177188855687 ± 165.36825226098753
ecos3: -0.06790852923956 ± 0.4417148395167365
esin3: -0.1787634574546355 ± 0.47574255116983644
mu_4: 0.001115698498052546 ± 0.0008126452176959019
P_4: 4366.228758382892 ± 216.8560801152518
t04: 4693.2301965508095 ± 340.25307311962945
ecos4: 0.03226898734750284 ± 0.06207130375462193
esin4: -0.03337327323364789 ± 0.03923993607718485
Retrieved Earth masses:
[0.7872375988540528, 1.011974326141113, 0.08012078294520135, 371.4363524399367]
 ± [0.2340118000533479, 0.1460642222195894, 0.186458088857896, 270.5443952963967]
Retrieved eccentricity:
[0.0007027094008620428, 0.017872835749421247, 0.09603716305139565, 0.04563523955088432]
 ± [0.03562887467956556, 0.02776885148049158, 0.6246791167460239, 0.08778207960396635]
