Global Fit Results.
chi^2: 182.96826929173477
per 4 range=[657.45 - 730.5, length=300]
mu_1: 2.33577169087614e-6 ± 5.846732463185111e-8
P_1: 224.70076752402466 ± 2.3743799440251096e-6
t01: 3503.7655601501724 ± 4.6971824111425126e-5
ecos1: -0.003094022338804985 ± 0.0020101041453869095
esin1: 0.0024349405212930842 ± 0.002083824808963912
mu_2: 3.05726735176778e-6 ± 3.6939085526081584e-8
P_2: 365.256461094188 ± 3.930925185711507e-6
t02: 3624.4021505247006 ± 5.43237314521958e-5
ecos2: 0.011628345407411277 ± 0.0015757231387537626
esin2: 0.0048868756804073136 ± 0.001666416380990324
mu_3: 1.7233445224657085e-7 ± 6.013049630720004e-8
P_3: 685.4032530632425 ± 0.9751969609267044
t03: 356.0109651539853 ± 30.69432576800711
ecos3: 0.05209220527955751 ± 0.11757622916417641
esin3: -0.3205424959344402 ± 0.0984804039286478
mu_4: 0.0012100055900596631 ± 7.462362693307905e-5
P_4: 4403.333173225632 ± 18.631251476903092
t04: 233.79786847524997 ± 39.75932741395238
ecos4: 0.03322815769282983 ± 0.004830462897897692
esin4: -0.03341896371135576 ± 0.003550909384577946
Retrieved Earth masses:
[0.7776209419532946, 1.017819989501184, 0.05737327822340225, 402.8329011719502]
 ± [0.01946483735174271, 0.01229769441674771, 0.020018537497123682, 24.84356467472458]
Retrieved eccentricity:
[0.003937246445837409, 0.012613483691265446, 0.32474773217186315, 0.047126824624628375]
