Global Fit Results.
chi^2: 1.1292055064132687
per 4 range=[657.45 - 803.5500000000001, length=100]
mu_1: 2.6061761706861063e-6 ± 9.850038374297667e-7
P_1: 224.70076388866258 ± 5.8334624198447806e-5
t01: 3503.765606647327 ± 0.0015341738688894558
ecos1: -0.003900134575760531 ± 0.025398734898541303
esin1: 0.0006806734540667174 ± 0.02657949001784137
mu_2: 2.997386148999724e-6 ± 3.908715935273246e-7
P_2: 365.2564567271159 ± 6.2369910579271e-5
t02: 3624.4021767491868 ± 0.0006526581888968902
ecos2: 0.009824029579852204 ± 0.020291396829767175
esin2: 0.003193140308317909 ± 0.020945015455994098
mu_3: 3.860352004145492e-7 ± 5.947050262378822e-7
P_3: 676.9802047796054 ± 9.429355285282222
t03: 451.6973187289629 ± 114.3172442646723
ecos3: 0.08815146375498942 ± 0.4318368933142218
esin3: -0.13728957119974844 ± 0.4104363417568541
mu_4: 0.0011605001246921482 ± 0.0009173715355046045
P_4: 4268.970333353655 ± 333.5067914634228
t04: 414.0318356844429 ± 639.6080419511898
ecos4: 0.025044521706517633 ± 0.06282523810449789
esin4: -0.035064556049829984 ± 0.04265518033498626
Retrieved Earth masses:
[0.8676435186972331, 0.9978844463641207, 0.12851814984575427, 386.351630009492]
 ± [0.32792571931652964, 0.13012827320785486, 0.19798813578136798, 305.4096940838636]
Retrieved eccentricity:
[0.00551562321212078, 0.013893275868981446, 0.12466499558534636, 0.03541830226050461]
 ± [0.035919235360635945, 0.028696368596151163, 0.6107095912580358, 0.08884830378669988]
