Global Fit Results.
chi^2: 1.6275189257597693
per 4 range=[657.45 - 712.2375, length=100]
mu_1: 2.3226842387169007e-6 ± 5.523468247430606e-7
P_1: 224.70077310695598 ± 1.5546143154014894e-5
t01: 3503.765531414994 ± 0.00037240190673435504
ecos1: -0.00014729944847226162 ± 0.021001298757863357
esin1: -0.002157113230017038 ± 0.022623225757363658
mu_2: 3.036333241855526e-6 ± 3.526737018778702e-7
P_2: 365.2564581180863 ± 3.05972287900219e-5
t02: 3624.402195999308 ± 0.000495918306971132
ecos2: 0.012863721770883935 ± 0.01648304247255371
esin2: 0.0012915484999765489 ± 0.018230641238084988
mu_3: 2.2047026531489945e-7 ± 4.479521970312685e-7
P_3: 688.1661066691637 ± 10.506894418029363
t03: 379.67565515067696 ± 133.15331889295015
ecos3: -0.0816963296460327 ± 0.32102139616690295
esin3: -0.1675832863994404 ± 0.41765891493583274
mu_4: 0.001065461916652057 ± 0.0005867546317699872
P_4: 4340.633404697546 ± 154.52507820756955
t04: 370.04898273921697 ± 381.5629267851809
ecos4: 0.03233702666746281 ± 0.05201717827112056
esin4: -0.03498178975126675 ± 0.03193551701381463
Retrieved Earth masses:
[0.7732638907416588, 1.010850642996768, 0.07339856718725683, 354.7116794328293]
 ± [0.18388631894947743, 0.11741149930349394, 0.1491314458370042, 195.34130464664102]
Retrieved eccentricity:
[0.00020831287775954926, 0.018192049790978108, 0.1155360573815226, 0.04573146167994636]
 ± [0.029700321530819595, 0.023310542213857213, 0.4539928122711805, 0.07356339898739776]
