Global Fit Results.
chi^2: 20.32538122278837
per 4 range=[657.45 - 1314.9, length=300]
mu_1: 2.544972631875282e-6 ± 2.688382011753955e-7
P_1: 224.70079201021792 ± 8.924895430054875e-6
t01: 3503.765363742211 ± 0.0001404109681565029
ecos1: 0.019085977042219565 ± 0.01737164601470811
esin1: 0.01358210888301475 ± 0.015484682841953418
mu_2: 3.0690537646499694e-6 ± 1.761689234026795e-7
P_2: 365.2726012346565 ± 0.06458139171944687
t02: 3624.434840379824 ± 0.7025941631982863
ecos2: 0.027152300581270963 ± 0.013875034718714497
esin2: 0.012288669527996066 ± 0.012650808034487303
mu_3: 6.112622520350867e-6 ± 1.7393059684830545e-6
P_3: 731.4338189596355 ± 2.1693219398487353
t03: 152.16814977109902 ± 26.410333754565496
ecos3: 0.08783109486340988 ± 0.015622912142881622
esin3: 0.03507666029548098 ± 0.03717899216914757
mu_4: 0.0006093004976815936 ± 0.0001844410321529264
P_4: 4126.539798930745 ± 107.70584171796303
t04: -3488.88668103214 ± 289.89217502900505
ecos4: 0.018317896349201626 ± 0.03847868264137598
esin4: -0.0825322932548397 ± 0.031789078147743836
Retrieved Earth masses:
[0.8472677458051932, 1.0217439010390708, 2.0350033783897836, 202.8472340813624]
 ± [0.08950113405673857, 0.058649843516128904, 0.5790466383507945, 61.403779195473604]
Retrieved eccentricity:
[0.02342537515956149, 0.029803671344718362, 0.094576283086141, 0.08454066924600817]
