Global Fit Results.
chi^2: 164.19590291311488
per 4 range=[657.45 - 712.2375, length=100]
mu_1: 2.3222266627397295e-6 ± 5.050333288231968e-8
P_1: 224.70077251024125 ± 1.3556854987586104e-6
t01: 3503.7655397460144 ± 3.628864531258925e-5
ecos1: -0.0003541997852995658 ± 0.0020691346714056752
esin1: -0.0018070883376057388 ± 0.002233171052597342
mu_2: 3.033891921774332e-6 ± 3.492867953162223e-8
P_2: 365.25645834547566 ± 2.8508182145511462e-6
t02: 3624.4021926908877 ± 4.823871476514295e-5
ecos2: 0.012606336983665312 ± 0.001613772557829913
esin2: 0.0015200827955265035 ± 0.0018026912457557746
mu_3: 2.2508977096598348e-7 ± 4.416278292397661e-8
P_3: 688.0390893650608 ± 0.7831431790703184
t03: 382.04154108584476 ± 12.38847393847108
ecos3: -0.08513749284207303 ± 0.029066363994248483
esin3: -0.1662658817502212 ± 0.04019442449459272
mu_4: 0.0010648760696502781 ± 5.832551779427631e-5
P_4: 4340.273639974775 ± 13.490431130245323
t04: 367.5419340047285 ± 35.85660636982039
ecos4: 0.03189500533900806 ± 0.005141331298868544
esin4: -0.035265951154698584 ± 0.003183938912478824
Retrieved Earth masses:
[0.773111555364116, 1.010037883073115, 0.07493648476275716, 354.51664029473926]
 ± [0.016813479434284632, 0.01162839364166484, 0.014702594860090986, 19.417627272503772]
Retrieved eccentricity:
[0.0005009141401602844, 0.017828052734145016, 0.12040259704370199, 0.04510634912238748]
 ± [0.0029261983146783035, 0.0022822190378685827, 0.04110604616953921, 0.007270940451513176]
