Global Fit Results.
chi^2: 105.59988470955679
per 4 range=[657.45 - 803.5500000000001, length=100]
mu_1: 2.6181116438415225e-6 ± 9.700147936728654e-8
P_1: 224.70076923966735 ± 5.463453036531768e-6
t01: 3503.765543110301 ± 8.388266376221443e-5
ecos1: 0.000995976057986169 ± 0.003055831506882635
esin1: 0.004219825317973168 ± 0.002919690781431616
mu_2: 3.0562332322163004e-6 ± 4.397063610805125e-8
P_2: 365.2564561877781 ± 4.825256861236295e-6
t02: 3624.402193320753 ± 5.7490952382487144e-5
ecos2: 0.013789527590385067 ± 0.002398153132832452
esin2: 0.006101641510840823 ± 0.00231543538164403
mu_3: 3.103678944515282e-7 ± 6.840451470386206e-8
P_3: 680.9196514734458 ± 1.5940622094509775
t03: 425.1506909547728 ± 17.53281634876249
ecos3: 0.023073493182636576 ± 0.053191573869374155
esin3: -0.18162876096783798 ± 0.03714701346677705
mu_4: 0.0011062246065358294 ± 9.972426262787294e-5
P_4: 4332.685925304846 ± 24.33557444595222
t04: 305.9598336577946 ± 48.46363262015802
ecos4: 0.02430685615921656 ± 0.006931865023318113
esin4: -0.04012781542616537 ± 0.004448439169142267
Retrieved Earth masses:
[0.8716170551152088, 1.0174757122660179, 0.10332712541135773, 368.2823213871718]
 ± [0.032293559362455815, 0.014638625685116882, 0.022773108932544157, 33.20002350537796]
Retrieved eccentricity:
[0.0014085228490029324, 0.019501336937040547, 0.032630846990207796, 0.034375085639016055]
 ± [0.004321598361360434, 0.00339150068509918, 0.07522424517003926, 0.009803137528516165]
