Global Fit Results.
chi^2: 1.5188212219473889
per 4 range=[657.45 - 730.5, length=100]
mu_1: 2.362977572748706e-6 ± 5.962222167423271e-7
P_1: 224.70077033100833 ± 2.2664597577311018e-5
t01: 3503.765565915525 ± 0.00045481420047788126
ecos1: -0.0008396495484050991 ± 0.021002831058701897
esin1: -0.0011838326520618875 ± 0.022318187744591864
mu_2: 3.0466219262230304e-6 ± 3.70066061858485e-7
P_2: 365.2564593017175 ± 3.919493882551847e-5
t02: 3624.4021880246987 ± 0.0005507945303518472
ecos2: 0.012496954090277278 ± 0.016255281183430142
esin2: 0.0019724603608320544 ± 0.0180432023908009
mu_3: 2.3634561915642654e-7 ± 4.797993106157148e-7
P_3: 686.5108973623151 ± 11.690080176138506
t03: 385.4133044211118 ± 149.70768054456047
ecos3: -0.054816810350298104 ± 0.4317888283297176
esin3: -0.19095854174665403 ± 0.4273168530333928
mu_4: 0.0011353121093147923 ± 0.0007177252464994859
P_4: 4375.1588933792655 ± 197.44191757784353
t04: 316.2696199366109 ± 421.5831375916662
ecos4: 0.03211017182649455 ± 0.05149008662344943
esin4: -0.03184328318223364 ± 0.03785107904258255
Retrieved Earth masses:
[0.7866782755835686, 1.014275933431005, 0.07868376165053059, 377.96608089089364]
 ± [0.19849323613590927, 0.12320173274272336, 0.15973393004415778, 238.94380791867655]
Retrieved eccentricity:
[0.0011874437789949359, 0.01767336196282405, 0.07752267664342542, 0.04541064048715905]
 ± [0.029702488531447094, 0.022988439109795082, 0.6106416171050747, 0.07281797883064767]
