Global Fit Results.
chi^2: 0.2790428857323285
per 4 range=[657.45 - 1314.9, length=100]
mu_1: 2.5441500633202707e-6 ± 9.244333251928753e-7
P_1: 224.70079621514031 ± 4.215964707248513e-5
t01: 3503.7653103483312 ± 0.0005845808916530032
ecos1: 0.01580319632886157 ± 0.058495302431087824
esin1: 0.011636360996448606 ± 0.03987094558624742
mu_2: 3.055869990550757e-6 ± 6.616071382917734e-7
P_2: 365.25629055856444 ± 0.0003275909258916592
t02: 3624.403641940762 ± 0.0027373629991278075
ecos2: 0.02493163979548279 ± 0.048248047398136866
esin2: 0.011993447998115473 ± 0.03043528026051622
mu_3: 8.904303541797847e-6 ± 1.8882838808683702e-5
P_3: 1252.447382911763 ± 59.470114677220394
t03: 688.8748916036238 ± 243.56137115781414
ecos3: 0.22077219437910453 ± 0.2820961956323841
esin3: 0.11565557698778257 ± 0.2970367929171878
mu_4: 0.0015375277218913144 ± 0.0028554117123652705
P_4: 4811.541778176412 ± 759.0541114290038
t04: 4264.7856784057285 ± 691.9698861089503
ecos4: 0.03950005258130899 ± 0.09741903747911408
esin4: -0.04642202873277425 ± 0.07390670298486411
Retrieved Earth masses:
[0.846993897750151, 1.0173547824991147, 2.9644048408745225, 511.87098467143267]
 ± [0.30776069250152543, 0.22026106750548594, 6.286440990152186, 950.6185703454074]
Retrieved eccentricity:
[0.022349094577120737, 0.03525866313097254, 0.3122190314857988, 0.05586151007493755]
 ± [0.08272485003316028, 0.06823304298846508, 0.39894426575717146, 0.137771324036296]
