Global Fit Results.
chi^2: 37.8144509077728
per 4 range=[657.45 - 730.5, length=200]
mu_1: 2.8101618372306e-6 ± 2.9704836347694e-7
P_1: 224.70072969958952 ± 1.8939117397340102e-5
t01: 3503.7669914833855 ± 0.002317176099910063
ecos1: -0.01186545985654799 ± 0.005161834519705657
esin1: 0.00033167981133389436 ± 0.00522127243358788
mu_2: 2.872240114889789e-6 ± 1.1609208077680945e-7
P_2: 365.25647734544367 ± 1.2778811584794307e-5
t02: 3624.401964855801 ± 0.00016333542328667589
ecos2: 0.0015447359345556256 ± 0.0040862930310690965
esin2: 0.004160287726168055 ± 0.00408911973255513
mu_3: 3.836942483002958e-7 ± 1.9893835063032055e-7
P_3: 674.7294252073034 ± 1.3325648661513092
t03: 482.51494226788986 ± 30.262894574300493
ecos3: 0.22589109892997677 ± 0.24316233231677678
esin3: 0.22773024237602058 ± 0.21375437819201468
mu_4: 0.00142661420936573 ± 0.0002822724123115374
P_4: 4238.834250265967 ± 50.77433729706676
t04: 4653.975636806961 ± 90.08878977141237
ecos4: 0.03978502820339176 ± 0.012225759697599528
esin4: -0.01695583761911807 ± 0.010387854580803735
Retrieved Earth masses:
[0.9355540626870015, 0.9562210520750224, 0.1277388042464973, 474.9458560630188]
 ± [0.0988928109347788, 0.0386491683068213, 0.06623020058512556, 93.97362764799688]
Retrieved eccentricity:
[0.01187009473865303, 0.004437815123685529, 0.32076136280486406, 0.043247530548120056]
