Global Fit Results.
chi^2: 22.105154870946667
per 4 range=[657.45 - 1314.9, length=300]
mu_1: 3.357120249013945e-6 ± 3.920151303293403e-7
P_1: 224.70078836672212 ± 1.1517909051185433e-5
t01: 3503.7652805984653 ± 0.00015660529285975314
ecos1: 0.06708353846274863 ± 0.020683498759429198
esin1: 0.013064597333048836 ± 0.01675419525000646
mu_2: 3.5132119150929142e-6 ± 2.276721782292924e-7
P_2: 365.2563575734597 ± 4.114922898142345e-5
t02: 3624.402905960966 ± 0.00033223824669151536
ecos2: 0.06916704564010574 ± 0.016218424627219015
esin2: 0.01364061003029995 ± 0.013459882983627167
mu_3: 8.193320144576304e-6 ± 3.065130039067526e-6
P_3: 912.0155829697003 ± 1.0507444495891365
t03: 807.8190632164068 ± 115.51954178860302
ecos3: -0.33288235291655205 ± 0.36999228121816813
esin3: 0.25793550111032293 ± 0.2558749769776981
mu_4: 0.0004918951158894791 ± 0.00014873028199080313
P_4: 4976.234183877231 ± 407.16590273641674
t04: 4145.27970170187 ± 285.19011698988976
ecos4: -0.049945717455354345 ± 0.052326004829637104
esin4: -0.1456553358119436 ± 0.07100688817952522
Retrieved Earth masses:
[1.1176464808122952, 1.169612239658297, 2.7277055173831983, 163.76084394477968]
 ± [0.13050897743875858, 0.07579621517923808, 1.0204376213220485, 49.51501999550536]
Retrieved eccentricity:
[0.0683438719722389, 0.07049926556056588, 0.4211192035710237, 0.15398068561550227]
