Global Fit Results.
chi^2: 0.513065565304022
per 4 range=[657.45 - 1314.9, length=100]
mu_1: 2.2961139407405987e-6 ± 8.884579436418337e-7
P_1: 224.70079576331327 ± 3.4024676491222745e-5
t01: 3503.7652516891417 ± 0.0005305254891705277
ecos1: -0.002050332689469249 ± 0.040338357887719584
esin1: -0.0013755668722359345 ± 0.04126048066572115
mu_2: 3.000492509735448e-6 ± 5.724113993358875e-7
P_2: 365.26373479950587 ± 0.031516584437167885
t02: 3624.347245006804 ± 0.2459622980188442
ecos2: 0.01125227799509855 ± 0.031124100093885474
esin2: 0.0003424388346117969 ± 0.03300726462706225
mu_3: 3.584197938552065e-6 ± 6.225776641423944e-6
P_3: 735.383772321452 ± 11.885275210176632
t03: 110.02937395288959 ± 134.84268142577122
ecos3: 0.08553090828450446 ± 0.0438607796650641
esin3: 0.0038608859460663256 ± 0.12897575978477668
mu_4: 0.0009187250780665666 ± 0.0009500375730675018
P_4: 4213.874514928783 ± 531.2550327753038
t04: 4796.0490137664765 ± 526.9400245962416
ecos4: 0.02251218623121623 ± 0.10039266246233745
esin4: -0.03963755001596311 ± 0.07060266241246087
Retrieved Earth masses:
[0.7644181545676059, 0.9989186104353766, 1.193244779877636, 305.8603130575065]
 ± [0.2957838326919279, 0.1905661813074777, 2.0726744463963227, 316.2848130001365]
Retrieved eccentricity:
[0.0028996082968243153, 0.01591312414826071, 0.12095897049803553, 0.03183703908685485]
 ± [0.05704705280867275, 0.04401612446943056, 0.0620285094585917, 0.14197666481698196]
