Global Fit Results.
chi^2: 119.68863569605972
per 4 range=[657.45 - 803.5500000000001, length=300]
mu_1: 2.3804590649805974e-6 ± 7.73117853779212e-8
P_1: 224.7007758856815 ± 4.718315648816459e-6
t01: 3503.7654933195977 ± 6.34253531914619e-5
ecos1: 0.0042029110977416274 ± 0.0033029017737487326
esin1: 0.005376690076761251 ± 0.0037911543805093906
mu_2: 3.082767724160314e-6 ± 4.5350446120708285e-8
P_2: 365.256469776679 ± 1.3052868442821436e-5
t02: 3624.402042874444 ± 0.00012209695241739677
ecos2: 0.016037109630138796 ± 0.0025792272668342655
esin2: 0.006941959709750274 ± 0.0030111807434959163
mu_3: 1.750989792433988e-7 ± 8.625788595439417e-8
P_3: 687.6878706864327 ± 2.1190007964112807
t03: 357.412555986755 ± 40.110432149504035
ecos3: -0.023095016015865843 ± 0.10450744170409751
esin3: -0.2777687670758191 ± 0.13954392007542446
mu_4: 0.001026780297081332 ± 9.201222913256115e-5
P_4: 4355.70554898853 ± 43.7025053822504
t04: 4652.638111149909 ± 47.77155830067628
ecos4: 0.0154055047467564 ± 0.008168706736701711
esin4: -0.038526159756796755 ± 0.005313772264859278
Retrieved Earth masses:
[0.7924981827727913, 1.0263095279597152, 0.058293639616480986, 341.83386369237763]
 ± [0.025738501585794757, 0.015097989571557552, 0.02871682142084524, 30.632547080166965]
Retrieved eccentricity:
[0.006824460262692035, 0.017475116305789976, 0.2787272281776464, 0.041492102406464774]
