Global Fit Results.
chi^2: 1.3450569618386827
per 4 range=[657.45 - 712.2375, length=100]
mu_1: 2.322675513097348e-6 ± 6.075916035426161e-7
P_1: 224.70077310716255 ± 1.710085559652506e-5
t01: 3503.765531413841 ± 0.0004096392171248541
ecos1: -0.0001472596936834898 ± 0.02310114194988277
esin1: -0.0021574588127521925 ± 0.024885243523224274
mu_2: 3.0363335175927045e-6 ± 3.8793895811325285e-7
P_2: 365.25645811788775 ± 3.365725103244808e-5
t02: 3624.4021960022733 ± 0.0005455156958914889
ecos2: 0.012863753445096463 ± 0.018131116799819803
esin2: 0.0012912542145011772 ± 0.020053399427710884
mu_3: 2.2046498841478713e-7 ± 4.927481051454478e-7
P_3: 688.1664158309801 ± 11.557512973794747
t03: 379.67363914066607 ± 146.47111874899275
ecos3: -0.08170380302089658 ± 0.35311589829215356
esin3: -0.16758353738678464 ± 0.45945299179148497
mu_4: 0.0010654591499360973 ± 0.0006454197689443942
P_4: 4340.629945109752 ± 169.98234495908423
t04: 370.05848749179285 ± 419.7233192889155
ecos4: 0.032337480940565565 ± 0.05721854731752956
esin4: -0.034981216292928614 ± 0.03512832807050522
Retrieved Earth masses:
[0.7732609858239726, 1.0108507347946973, 0.07339681041109075, 354.71075834269067]
 ± [0.20227831209500519, 0.1291519454605823, 0.16404481960528336, 214.8719973969543]
Retrieved eccentricity:
[0.0002082566559980989, 0.018192094585079043, 0.1155466263296118, 0.04573210411912929]
 ± [0.032669948251830255, 0.025641271279275835, 0.499381292454322, 0.08091924563573698]
