Global Fit Results.
chi^2: 3.609712566039739
per 4 range=[657.45 - 730.5, length=100]
mu_1: 2.490080876366076e-6 ± 4.218454581005143e-7
P_1: 224.70076920277657 ± 1.8381870448916717e-5
t01: 3503.765558750174 ± 0.00033570202142710294
ecos1: -0.0021622395529564647 ± 0.013418082755077578
esin1: 0.003223827713175885 ± 0.014645861918138492
mu_2: 3.0152248230734004e-6 ± 2.3048302307780965e-7
P_2: 365.2564585767981 ± 2.522224834215889e-5
t02: 3624.4021850297613 ± 0.00033296852444320084
ecos2: 0.011644284000186068 ± 0.010389854059627338
esin2: 0.005578875820743383 ± 0.011680201989473166
mu_3: 2.838269000327656e-7 ± 3.4391309437788555e-7
P_3: 684.1157381961187 ± 7.100182379032311
t03: 402.75935170857736 ± 92.36556447232235
ecos3: -0.02081747113160999 ± 0.279152845329547
esin3: -0.19204081777983026 ± 0.22240234973255568
mu_4: 0.0012230055470463092 ± 0.000522918738729436
P_4: 4380.998839412849 ± 119.00622300356973
t04: 4638.021872849654 ± 177.36993685419634
ecos4: 0.03359076487695348 ± 0.030188785792163313
esin4: -0.03421659825901688 ± 0.02249155994556593
Retrieved Earth masses:
[0.8289932805433389, 1.0038232658945379, 0.0944911449253738, 407.16082364690584]
 ± [0.1404400369129381, 0.07673199662882346, 0.11449493349236117, 174.0891730832161]
Retrieved eccentricity:
[0.0030578685008905704, 0.016467504357187173, 0.02944035000863323, 0.04750451525947342]
 ± [0.018976034613275256, 0.014693472522202142, 0.39478173984008424, 0.04269339029885356]
