Global Fit Results.
chi^2: 18.243989237674366
per 4 range=[657.45 - 712.2375, length=100]
mu_1: 2.322228524426296e-6 ± 1.5151064104560384e-7
P_1: 224.7007725101286 ± 4.067088187659016e-6
t01: 3503.76553974659 ± 0.00010886642055784552
ecos1: -0.0003542457538006433 ± 0.006207436628240146
esin1: -0.0018068574612804332 ± 0.006699727523409331
mu_2: 3.033890944465831e-6 ± 1.0478638651425311e-7
P_2: 365.2564583453053 ± 8.55248705535926e-6
t02: 3624.402192692624 ± 0.00014471687079726438
ecos2: 0.012606275145043493 ± 0.0048413318297096716
esin2: 0.001520282316347796 ± 0.005408238078526389
mu_3: 2.2510360743641634e-7 ± 1.3249326834197241e-7
P_3: 688.0389222089173 ± 2.349448409240647
t03: 382.04751113745766 ± 37.16480328823242
ecos3: -0.08514225951786404 ± 0.08718995741416072
esin3: -0.1662552744320108 ± 0.12057666731741763
mu_4: 0.001064877252862466 ± 0.00017497541979313855
P_4: 4340.273604565469 ± 40.47042482102321
t04: 367.5383596492357 ± 107.57437169060357
ecos4: 0.03189505838196355 ± 0.015424063580730384
esin4: -0.0352665471160038 ± 0.009552383096272864
Retrieved Earth masses:
[0.7731121751534847, 1.0100375577093135, 0.07494109117579545, 354.5170342076288]
 ± [0.050440652169064036, 0.03488529675369561, 0.04410942239475005, 58.252504424855054]
Retrieved eccentricity:
[0.0005009791494379501, 0.017827965281127362, 0.12040933814125307, 0.045106424136454513]
 ± [0.008778641067228731, 0.006846677133523969, 0.12330522027783868, 0.02181291990277383]
