Global Fit Results.
chi^2: 3.864280070158889
per 4 range=[657.45 - 730.5, length=100]
mu_1: 2.4645429385045313e-6 ± 4.194315919959683e-7
P_1: 224.70076729836455 ± 1.7446658612600386e-5
t01: 3503.7655942236147 ± 0.0003133578275468976
ecos1: -0.002094477853689345 ± 0.012734506755790312
esin1: 0.0020528194593406298 ± 0.013764739363247977
mu_2: 3.0396622845253623e-6 ± 2.2326084404647164e-7
P_2: 365.25645721335076 ± 2.4193398687324698e-5
t02: 3624.4022018662463 ± 0.00033106511320443846
ecos2: 0.011904622318629548 ± 0.0097837745315211
esin2: 0.004514627246217902 ± 0.010981848588527014
mu_3: 2.69798009938139e-7 ± 3.142622516377614e-7
P_3: 684.7298846507197 ± 6.9325782473112465
t03: 396.2390598558004 ± 91.47145820236355
ecos3: -0.037231614131632895 ± 0.27559859362716127
esin3: -0.2037560302876835 ± 0.23753964489838028
mu_4: 0.0012225353213607564 ± 0.000496580288009509
P_4: 4385.409982557182 ± 109.59608543510393
t04: 265.4935914150411 ± 250.36117862945753
ecos4: 0.034781086530356706 ± 0.029035987441017607
esin4: -0.03152509045419531 ± 0.02118151098792814
Retrieved Earth masses:
[0.8204912358559191, 1.0119589419400394, 0.08982067187676399, 407.00427695102866]
 ± [0.13963641691818504, 0.07432760167736405, 0.10462362785433638, 165.3206230839062]
Retrieved eccentricity:
[0.0029620389867775626, 0.016835678337935346, 0.052653453653997026, 0.04918788428530263]
 ± [0.01800931216417046, 0.013836346633677613, 0.3897552688784827, 0.04106308723598196]
