Global Fit Results.
chi^2: 2.052262261216088
per 4 range=[657.45 - 1314.9, length=100]
mu_1: 2.2961139407405987e-6 ± 4.4422897182091683e-7
P_1: 224.70079576331327 ± 1.7012338245611373e-5
t01: 3503.7652516891417 ± 0.00026526274458526383
ecos1: -0.002050332689469249 ± 0.020169178943859792
esin1: -0.0013755668722359345 ± 0.020630240332860574
mu_2: 3.000492509735448e-6 ± 2.8620569966794375e-7
P_2: 365.26373479950587 ± 0.015758292218583943
t02: 3624.347245006804 ± 0.1229811490094221
ecos2: 0.01125227799509855 ± 0.015562050046942737
esin2: 0.0003424388346117969 ± 0.016503632313531125
mu_3: 3.584197938552065e-6 ± 3.112888320711972e-6
P_3: 735.383772321452 ± 5.942637605088316
t03: 110.02937395288959 ± 67.42134071288561
ecos3: 0.08553090828450446 ± 0.02193038983253205
esin3: 0.0038608859460663256 ± 0.06448787989238834
mu_4: 0.0009187250780665666 ± 0.0004750187865337509
P_4: 4213.874514928783 ± 265.6275163876519
t04: 4796.0490137664765 ± 263.4700122981208
ecos4: 0.02251218623121623 ± 0.05019633123116873
esin4: -0.03963755001596311 ± 0.035301331206230434
Retrieved Earth masses:
[0.7644181545676059, 0.9989186104353766, 1.193244779877636, 305.8603130575065]
 ± [0.14789191634596394, 0.09528309065373886, 1.0363372231981614, 158.14240650006826]
Retrieved eccentricity:
[0.0028996082968243153, 0.01591312414826071, 0.12095897049803553, 0.03183703908685485]
 ± [0.028523526404336374, 0.02200806223471528, 0.03101425472929585, 0.07098833240849098]
