Global Fit Results.
chi^2: 59.12351042971492
per 4 range=[657.45 - 712.2375, length=300]
mu_1: 2.1198082559035046e-6 ± 1.5130104581910414e-7
P_1: 224.70077200543395 ± 3.9626189135695884e-6
t01: 3503.7655146988654 ± 0.00010532120799657888
ecos1: -0.002912239545813805 ± 0.0051782638674321155
esin1: -0.001920668278842442 ± 0.006098634645597156
mu_2: 3.108740990250772e-6 ± 1.0133488881100358e-7
P_2: 365.25645633306766 ± 8.515629804751344e-6
t02: 3624.4022073911087 ± 0.00014403143785094355
ecos2: 0.008699567788700315 ± 0.004009564378968208
esin2: -4.2859336282202894e-5 ± 0.004953642986514396
mu_3: 3.420372836098256e-7 ± 1.1646647795467882e-7
P_3: 689.1035688930298 ± 1.7964612073653603
t03: 392.9185130715948 ± 21.712646376239302
ecos3: -0.11796789900646791 ± 0.03623801103100998
esin3: -0.10963004253683703 ± 0.0568036738205885
mu_4: 0.0011411115672489008 ± 0.00017154051697120272
P_4: 4335.011028600953 ± 41.76072571819466
t04: 419.5197915033608 ± 110.68753400550462
ecos4: 0.026625771321091653 ± 0.014933754748264149
esin4: -0.029158069615743337 ± 0.009600801334321857
Retrieved Earth masses:
[0.7057227806788521, 1.0349565013440403, 0.11387044191979752, 379.89682607423316]
 ± [0.0503708741003871, 0.0337362302992838, 0.03877381194697529, 57.10896270870819]
Retrieved eccentricity:
[0.003488567873720301, 0.008699673363575132, 0.1610440046155985, 0.03948575340752157]
