Global Fit Results.
chi^2: 48.000167884018985
per 4 range=[657.45 - 1314.9, length=300]
mu_1: 2.5183839965579413e-6 ± 8.22369836769738e-8
P_1: 224.70079742733392 ± 3.991681595140381e-6
t01: 3503.7652915603812 ± 5.568612407756172e-5
ecos1: 0.010963874721904281 ± 0.004661682628815638
esin1: 0.007952349747190566 ± 0.003906372849643851
mu_2: 3.0552451358563142e-6 ± 5.574035563662211e-8
P_2: 365.25629928951236 ± 3.226743538942753e-5
t02: 3624.4035916374587 ± 0.0002655228296605953
ecos2: 0.020434673405954843 ± 0.003830697127284295
esin2: 0.009038419694658123 ± 0.0030309727896089245
mu_3: 7.325038619938571e-6 ± 1.7613928114687049e-6
P_3: 1241.3127897994302 ± 5.93934529963732
t03: 741.0180903378806 ± 22.25222211404395
ecos3: 0.2205122870736786 ± 0.03189705719101571
esin3: 0.130206368784192 ± 0.03469837811009133
mu_4: 0.0015267087134721987 ± 0.0002646191606322296
P_4: 4821.372534224926 ± 75.27958352686248
t04: 4321.308933633512 ± 75.45262618921457
ecos4: 0.02998378890148732 ± 0.010258748879039594
esin4: -0.04374107717595925 ± 0.006329703605125175
Retrieved Earth masses:
[0.8384159047962941, 1.017146756989612, 2.438638782091028, 508.2691397005667]
 ± [0.02737818981199269, 0.018556979701514917, 0.5863997506923665, 88.09653861013257]
Retrieved eccentricity:
[0.013544239196767515, 0.0223443260758704, 0.2560846875985158, 0.05303121184172748]
