Global Fit Results.
chi^2: 0.5436896732080518
per 4 range=[657.45 - 1314.9, length=100]
mu_1: 2.5419497356855193e-6 ± 8.24141056979448e-7
P_1: 224.70078762117416 ± 3.3544531623370525e-5
t01: 3503.76539570339 ± 0.0005050990101651538
ecos1: 0.01464514158312768 ± 0.04812381687862356
esin1: 0.013480538632471487 ± 0.02951806671215176
mu_2: 3.098516521577342e-6 ± 5.657248016455397e-7
P_2: 365.25627107101786 ± 0.0002766990280602829
t02: 3624.4038457865045 ± 0.0023911876396600167
ecos2: 0.024248968469640544 ± 0.03977979625405697
esin2: 0.012966972534485994 ± 0.022362685293753938
mu_3: 9.137182530468978e-6 ± 1.6005724155318155e-5
P_3: 1246.5364680735424 ± 33.22325576711197
t03: 712.1509902164348 ± 167.41395895961213
ecos3: 0.22471079192310203 ± 0.2508351452340719
esin3: 0.11772111170410073 ± 0.26290745914459956
mu_4: 0.0016571658695127068 ± 0.002729165790373088
P_4: 4904.926431343904 ± 598.445384245097
t04: -670.6030953139247 ± 1045.7660072632425
ecos4: 0.03473677999566028 ± 0.08513807262366169
esin4: -0.042341035890091264 ± 0.05901098277185654
Retrieved Earth masses:
[0.846261368601594, 1.0315525894840492, 3.0419344980918543, 551.7007032223918]
 ± [0.27437156959049974, 0.1883400911400433, 5.3285971154289085, 908.5890033458609]
Retrieved eccentricity:
[0.020711357849733346, 0.034293220083323216, 0.3177890495492494, 0.04912522538303319]
 ± [0.0680573545029087, 0.05625712737092581, 0.3547344643098495, 0.12040341697868787]
