Global Fit Results.
chi^2: 1.6525501321688538
per 4 range=[657.45 - 712.2375, length=100]
mu_1: 2.333303466472375e-6 ± 4.919710161727846e-7
P_1: 224.7007725488607 ± 1.3022438253447965e-5
t01: 3503.7655381785744 ± 0.000359387341151084
ecos1: -0.0006311167270876142 ± 0.020208841807541813
esin1: -0.0019502777302327755 ± 0.02164385384693361
mu_2: 3.031128405072308e-6 ± 3.434744022198697e-7
P_2: 365.2564578339573 ± 2.799861740561423e-5
t02: 3624.4021942702934 ± 0.00048104109475931745
ecos2: 0.012341923362577046 ± 0.01568917268239785
esin2: 0.0014165955963915309 ± 0.017524355180604596
mu_3: 2.275192998743016e-7 ± 4.382044430682197e-7
P_3: 687.995388273854 ± 7.8688438334469675
t03: 382.3134375079891 ± 121.3755404997192
ecos3: -0.08042620017603189 ± 0.29205357447645036
esin3: -0.1648450397251282 ± 0.38847561621490573
mu_4: 0.0010766690439394319 ± 0.0005748837524612892
P_4: 4337.494422908732 ± 131.61040719949136
t04: 371.24373248573113 ± 352.65196179393723
ecos4: 0.03274717484005088 ± 0.049835622400361636
esin4: -0.0354471904735282 ± 0.03136082323461921
Retrieved Earth masses:
[0.7767992250905954, 1.009117858025579, 0.07574531919018378, 358.4427362445206]
 ± [0.16378611253161507, 0.11434888488218393, 0.1458862409874533, 191.38927269681417]
Retrieved eccentricity:
[0.0008925338348878233, 0.01745411540512581, 0.1137398230590777, 0.04631149878820295]
 ± [0.028579618164078044, 0.02218784078986051, 0.4130261259641369, 0.07047821308789584]
