Global Fit Results.
chi^2: 10.16284954399205
per 4 range=[657.45 - 803.5500000000001, length=100]
mu_1: 2.6061807990629943e-6 ± 3.2833186204794223e-7
P_1: 224.7007638883829 ± 1.944371985016827e-5
t01: 3503.7656066369564 ± 0.0005113935033140373
ecos1: -0.0038998598224831895 ± 0.008466347797876137
esin1: 0.0006810567745869456 ± 0.00885980870774378
mu_2: 2.997387871295755e-6 ± 1.3029043031772651e-7
P_2: 365.25645672669935 ± 2.079010509150863e-5
t02: 3624.402176753111 ± 0.00021755210003713546
ecos2: 0.009824234492294855 ± 0.006763895772976873
esin2: 0.0031934199031561617 ± 0.006981691514278154
mu_3: 3.8602682592139545e-7 ± 1.982340429824329e-7
P_3: 676.9802401943989 ± 3.143109916481543
t03: 451.6961333724446 ± 38.1057120745199
ecos3: 0.08815804740200424 ± 0.1439550787104461
esin3: -0.1372909981810634 ± 0.13681647032564953
mu_4: 0.0011604959961062451 ± 0.00030578515833432844
P_4: 4268.973526123092 ± 111.17164749366403
t04: 4682.997264596392 ± 131.05931204845837
ecos4: 0.02504426240475172 ± 0.02094139270295541
esin4: -0.03506479928195356 ± 0.014218688575011
Retrieved Earth masses:
[0.8676450595682049, 0.9978850197478412, 0.12851536182444206, 386.35025552804274]
 ± [0.10930765743771438, 0.043376057491803524, 0.0659957237401862, 101.80144908344421]
Retrieved eccentricity:
[0.005515234652309658, 0.013893565658936942, 0.12467430626824459, 0.0354179355524305]
 ± [0.011973223879524021, 0.009565593136621944, 0.20358322468479928, 0.029615601575500507]
