Global Fit Results.
chi^2: 0.9104930218402363
per 4 range=[657.45 - 730.5, length=100]
mu_1: 2.554824782379591e-6 ± 9.071514719641574e-7
P_1: 224.70077119400503 ± 4.868676798466619e-5
t01: 3503.765529248511 ± 0.0007508705153458012
ecos1: 0.0013600202860949639 ± 0.0319800422540104
esin1: 0.004136707654345007 ± 0.03156722495845287
mu_2: 3.0760928539770486e-6 ± 4.733308419630591e-7
P_2: 365.25645724845435 ± 4.8724540341618166e-5
t02: 3624.402190185316 ± 0.0006116037192605576
ecos2: 0.014015055999442794 ± 0.024685622753058193
esin2: 0.006037704296859434 ± 0.025161559815101046
mu_3: 2.8794806480386333e-7 ± 7.058202224489771e-7
P_3: 682.5763674544995 ± 18.208935313472097
t03: 414.243224185707 ± 199.3752276819532
ecos3: 0.001537071641626844 ± 0.5594990888716683
esin3: -0.18353376085919837 ± 0.41070199641389016
mu_4: 0.0011020967580420075 ± 0.0010344186439279364
P_4: 4351.298014162047 ± 246.6999982369119
t04: 4640.156456151464 ± 361.6308591866014
ecos4: 0.025216785349538803 ± 0.07209895180772784
esin4: -0.039444006506254146 ± 0.04915299226485225
Retrieved Earth masses:
[0.8505477061649117, 1.0240873420930052, 0.09586315574465197, 366.90808543485474]
 ± [0.30200724877288204, 0.1575804590065896, 0.23498040856235472, 344.3768084900323]
Retrieved eccentricity:
[0.0019233591336980348, 0.01982028227183041, 0.0021737475619277606, 0.03566191984076894]
 ± [0.04522660948088616, 0.03491074249300076, 0.791251199617703, 0.10196331547937289]
