Global Fit Results.
chi^2: 1.6043166968581466
per 4 range=[657.45 - 730.5, length=100]
mu_1: 2.490083399059779e-6 ± 6.327700153505983e-7
P_1: 224.7007692025308 ± 2.7572493121000478e-5
t01: 3503.7655587528425 ± 0.0005035520061009793
ecos1: -0.002162628793458359 ± 0.0201268824390916
esin1: 0.0032239744159287933 ± 0.021969107912882948
mu_2: 3.015222813692981e-6 ± 3.457251416005446e-7
P_2: 365.2564585768033 ± 3.783297861594911e-5
t02: 3624.402185029071 ± 0.0004994500640191364
ecos2: 0.011644003846936566 ± 0.015584552528297262
esin2: 0.005579010766915451 ± 0.017520582019944393
mu_3: 2.83825775288007e-7 ± 5.158562986514351e-7
P_3: 684.1156606030878 ± 10.650259109498515
t03: 402.75827404711777 ± 138.54677272655582
ecos3: -0.02081229681153462 ± 0.4187609832732714
esin3: -0.19204403197792286 ± 0.33360354905813994
mu_4: 0.0012230205811995163 ± 0.0007844050655439537
P_4: 4381.000368393771 ± 178.50492824784666
t04: 257.01919520324367 ± 373.67485289099807
ecos4: 0.03359133091013771 ± 0.04528295049526022
esin4: -0.03421609318714228 ± 0.03373728541958852
Retrieved Earth masses:
[0.8289941203940235, 1.0038225969351953, 0.09449077047735645, 407.1658287903555]
 ± [0.21066066401043018, 0.11509819701920845, 0.17173795813896628, 261.1427342508922]
Retrieved eccentricity:
[0.0030584189700873744, 0.016467108160662183, 0.029433032415006586, 0.047505315751279316]
 ± [0.02846371011365222, 0.022039885549033897, 0.5922174619377532, 0.06403976273466647]
