Global Fit Results.
chi^2: 285.61927829262794
per 4 range=[657.45 - 712.2375, length=300]
mu_1: 2.397873762432436e-6 ± 5.150753821436627e-8
P_1: 224.70077513660902 ± 1.3409768802087194e-6
t01: 3503.7654537231583 ± 3.741780252303042e-5
ecos1: 0.0020308521208801146 ± 0.0022632906844995155
esin1: -0.0021569362337731483 ± 0.002458728294903486
mu_2: 3.0094965055757987e-6 ± 3.541135260397205e-8
P_2: 365.25645963969174 ± 2.883078297971501e-6
t02: 3624.402143215289 ± 4.8556240467481255e-5
ecos2: 0.01431608785261858 ± 0.0017696115339728552
esin2: 0.0007404354899627933 ± 0.001987113494550878
mu_3: 1.5192525904335e-7 ± 4.995601919949868e-8
P_3: 688.233172377005 ± 0.7964431641096339
t03: 362.03204179433 ± 24.817376115021382
ecos3: -0.06801820121726866 ± 0.05757330165528437
esin3: -0.2521062533493758 ± 0.0902000854988518
mu_4: 0.0010042402169130004 ± 5.744417621784455e-5
P_4: 4333.2079133319185 ± 13.786994393553067
t04: 391.49381987070126 ± 37.12934222457454
ecos4: 0.02350127296525053 ± 0.005906840629994495
esin4: -0.0369377788986577 ± 0.0035866940052454704
Retrieved Earth masses:
[0.7982958527630679, 1.0019162046583336, 0.050578686052776885, 334.32986043697974]
 ± [0.017147797680914158, 0.011789084299335825, 0.016631268739959643, 19.124212608080644]
Retrieved eccentricity:
[0.0029625553587142896, 0.014335222918346604, 0.2611207358190699, 0.04378023916053152]
