Global Fit Results.
chi^2: 0.8727263221802745
per 4 range=[657.45 - 803.5500000000001, length=100]
mu_1: 2.6181335857633013e-6 ± 1.0670345864331375e-6
P_1: 224.7007692382328 ± 6.010430581848568e-5
t01: 3503.7655431115254 ± 0.0009228311868420412
ecos1: 0.0009950921443742182 ± 0.03361376504305157
esin1: 0.004219832585159775 ± 0.032113431794742534
mu_2: 3.0562267558209395e-6 ± 4.836767570290329e-7
P_2: 365.25645618773507 ± 5.307570081802021e-5
t02: 3624.402193316482 ± 0.0006323783485174573
ecos2: 0.013788825168291056 ± 0.026379397872869276
esin2: 0.006101672844564285 ± 0.025467522938712128
mu_3: 3.103732505344427e-7 ± 7.524678367865272e-7
P_3: 680.9188583735448 ± 17.5336028523762
t03: 425.1540253390189 ± 192.85465536643088
ecos3: 0.023095625455714648 ± 0.5851654202662818
esin3: -0.18163044010744486 ± 0.40861274309639356
mu_4: 0.0011062486971006125 ± 0.0010970087638880128
P_4: 4332.678359276482 ± 267.6873534312353
t04: 305.96595981011444 ± 533.0377106773104
ecos4: 0.024307679134733997 ± 0.07624954271826125
esin4: -0.040127536734226206 ± 0.04893217060331629
Retrieved Earth masses:
[0.871624359980641, 1.0174735561560349, 0.10332890854892099, 368.2903415749975]
 ± [0.35523524984911714, 0.16102480258280338, 0.25051024906120645, 365.21419950322155]
Retrieved eccentricity:
[0.0014072728063849454, 0.019500343562188688, 0.03266214675096095, 0.03437624950215432]
 ± [0.04753704240630618, 0.037306102239047706, 0.8275488735723278, 0.10783313743691172]
