Global Fit Results.
chi^2: 2.355343000397309
per 4 range=[657.45 - 803.5500000000001, length=100]
mu_1: 2.312832201912902e-6 ± 5.927706625107238e-7
P_1: 224.70079881758446 ± 2.535519701784535e-5
t01: 3503.764889853419 ± 0.0006079563406997762
ecos1: 0.011566399714882563 ± 0.028318864394118848
esin1: -0.0068633209854483965 ± 0.02704180519892824
mu_2: 3.085688610013205e-6 ± 2.9830400741049757e-7
P_2: 365.2564002757405 ± 6.052975922793413e-5
t02: 3624.40268319119 ± 0.0005766569750995931
ecos2: 0.021884642392330733 ± 0.022128932935192074
esin2: -0.0023435925050952293 ± 0.021714459700340673
mu_3: 3.463361415161453e-7 ± 4.496000548966653e-7
P_3: 665.2203976271616 ± 6.353234524258178
t03: 263.067962816197 ± 68.80384649216292
ecos3: 0.17888151959348703 ± 0.24501547160383866
esin3: 0.026662725037006767 ± 0.3882181350249267
mu_4: 0.000920498549749131 ± 0.0006070059447805004
P_4: 4349.435868437252 ± 227.69350544090642
t04: 4729.606727205905 ± 273.9189675910618
ecos4: -0.010275331986354861 ± 0.07268405879062019
esin4: -0.051471097014238035 ± 0.04791067491066867
Retrieved Earth masses:
[0.7699839682348446, 1.0272819440640528, 0.11530161002046997, 306.4507340844032]
 ± [0.19734415086217882, 0.09931083767180321, 0.1496800477361112, 202.08333562532772]
Retrieved eccentricity:
[0.01635735934461522, 0.0309495580789193, 0.2529766710670179, 0.01453151385298912]
 ± [0.040048922097167414, 0.0312950370777933, 0.34650420293338857, 0.10279078171001846]
