Global Fit Results.
chi^2: 0.5888357510249551
per 4 range=[657.45 - 803.5500000000001, length=100]
mu_1: 2.3128412390815776e-6 ± 1.185550752091285e-6
P_1: 224.70079881701994 ± 5.0709354883690494e-5
t01: 3503.764889867374 ± 0.0012158788257308657
ecos1: 0.011566521630366935 ± 0.056638119781655144
esin1: -0.006863213673269664 ± 0.05408385394043141
mu_2: 3.085689470959339e-6 ± 5.966068989248786e-7
P_2: 365.2564002757034 ± 0.00012106069554018253
t02: 3624.4026831911947 ± 0.0011533279651509106
ecos2: 0.021884754758368912 ± 0.04425815914190171
esin2: -0.002343502354257304 ± 0.04342911331173719
mu_3: 3.4633280937847775e-7 ± 8.992238375407519e-7
P_3: 665.2202840234092 ± 12.706511153419484
t03: 263.0696601552749 ± 137.60907383560857
ecos3: 0.17888044625469704 ± 0.4900454091142294
esin3: 0.026671589767384547 ± 0.7764358011590524
mu_4: 0.000920494716461769 ± 0.0012140159825170065
P_4: 4349.436996699582 ± 455.3867143549477
t04: 4729.604595372291 ± 547.8372840620473
ecos4: -0.010275378485556425 ± 0.14536831750278484
esin4: -0.051471484326184494 ± 0.09582165675098261
Retrieved Earth masses:
[0.7699869768729087, 1.0272822306887028, 0.11530050069114557, 306.4494579132171]
 ± [0.3946914401676205, 0.1986213038414632, 0.29936799487153964, 404.1680338702629]
Retrieved eccentricity:
[0.01635753175914668, 0.03094971698849444, 0.25297515313674407, 0.014531579612790611]
 ± [0.08009839714252859, 0.06259048890414418, 0.6930288637480151, 0.2055818461517965]
