Global Fit Results.
chi^2: 0.23447353608129998
per 4 range=[657.45 - 1314.9, length=100]
mu_1: 2.5441481955632404e-6 ± 1.0084616000703251e-6
P_1: 224.70079621501034 ± 4.599383086151937e-5
t01: 3503.765310349949 ± 0.0006377371723698459
ecos1: 0.015802649417232795 ± 0.06381172409301591
esin1: 0.011636549753477126 ± 0.043496997277156293
mu_2: 3.055866316004996e-6 ± 7.217633452962225e-7
P_2: 365.25629055616696 ± 0.0003573846795266944
t02: 3624.4036419606027 ± 0.0029863427365680066
ecos2: 0.02493119357985764 ± 0.05263332687878804
esin2: 0.011993606730453151 ± 0.03320297776531449
mu_3: 8.90444791443173e-6 ± 2.059909501173579e-5
P_3: 1252.4471799646026 ± 64.87483594480595
t03: 688.8761008478618 ± 265.70214879882803
ecos3: 0.2207707625459899 ± 0.3077354393116212
esin3: 0.11565593684990481 ± 0.32402708970539124
mu_4: 0.0015375480252066951 ± 0.00311502961143252
P_4: 4811.544318108356 ± 828.1092041401346
t04: -546.7633985075028 ± 1334.7806742957607
ecos4: 0.039500603844021105 ± 0.10627157839604844
esin4: -0.04642157077640081 ± 0.08062447852067672
Retrieved Earth masses:
[0.8469932759398144, 1.0173535591758989, 2.9644529051540887, 511.8777440149476]
 ± [0.33573523578250997, 0.2402881645620439, 6.857813941739739, 1037.0500978826233]
Retrieved eccentricity:
[0.022348321127277904, 0.03525803208678371, 0.31221700656798906, 0.05586228967814146]
 ± [0.09024340565075309, 0.07443476470479841, 0.4352036318973372, 0.1502907074624873]
