Global Fit Results.
chi^2: 0.5275654565246776
per 4 range=[657.45 - 1314.9, length=100]
mu_1: 2.544151918686535e-6 ± 6.722978208741017e-7
P_1: 224.7007962152957 ± 3.0661597488701856e-5
t01: 3503.7653103453913 ± 0.00042515200046956876
ecos1: 0.015803114709952916 ± 0.04254057738192405
esin1: 0.011636246909258073 ± 0.02899757281741412
mu_2: 3.055869735696014e-6 ± 4.811624239048057e-7
P_2: 365.2562905607334 ± 0.00023822586069395068
t02: 3624.4036419204053 ± 0.001990603577830032
ecos2: 0.02493157689091714 ± 0.03508835939984548
esin2: 0.011993354867718376 ± 0.022135090118531854
mu_3: 8.904133947248487e-6 ± 1.373264002434271e-5
P_3: 1252.4474280462757 ± 43.24970512200428
t03: 688.8752571130543 ± 177.12436962745548
ecos3: 0.22077059416256786 ± 0.20516657158336
esin3: 0.11565883906418524 ± 0.21603189624359534
mu_4: 0.0015375085669983432 ± 0.0020765026481786818
P_4: 4811.531619617379 ± 551.9910424913838
t04: -546.7398882487807 ± 889.6745892461372
ecos4: 0.0394997484958467 ± 0.07085202874311179
esin4: -0.046422408107202696 ± 0.05374754984454974
Retrieved Earth masses:
[0.8469945154353758, 1.0173546976533285, 2.964348379759877, 511.86460765865627]
 ± [0.22382019046783141, 0.1601877352871926, 4.5718460040199025, 691.3055550559981]
Retrieved eccentricity:
[0.022348979150553176, 0.035258574170482664, 0.31221676843786994, 0.05586108003315266]
 ± [0.06016146148469913, 0.049622433744682955, 0.2901493480787782, 0.10019989997015705]
