Global Fit Results.
chi^2: 4.520885904798797
per 4 range=[657.45 - 712.2375, length=100]
mu_1: 2.3226749185660243e-6 ± 3.314144122815377e-7
P_1: 224.70077310722766 ± 9.32753373106789e-6
t01: 3503.7655314130534 ± 0.00022343911903850356
ecos1: -0.00014718603690682004 ± 0.01260079751047646
esin1: -0.0021574655844258253 ± 0.013574250944276157
mu_2: 3.036334157011338e-6 ± 2.116039785576328e-7
P_2: 365.2564581178809 ± 1.8358411369521742e-5
t02: 3624.402196002243 ± 0.0002975538036694966
ecos2: 0.012863818731508804 ± 0.009889813278568324
esin2: 0.0012912381370637322 ± 0.010938650587185881
mu_3: 2.2046217015265883e-7 ± 2.687796180093519e-7
P_3: 688.1664770718213 ± 6.304189301636957
t03: 379.67225357120003 ± 79.89627944726773
ecos3: -0.081702634100233 ± 0.1926155287920842
esin3: -0.16758511862419362 ± 0.25061787007304465
mu_4: 0.0010654562821760536 ± 0.000352049899290178
P_4: 4340.629358945278 ± 92.7161858352358
t04: 4710.6898724838975 ± 167.72984673317916
ecos4: 0.032337323638569 ± 0.031210311060705532
esin4: -0.03498113224595457 ± 0.01916117518864067
Retrieved Earth masses:
[0.7732607878936655, 1.0108509476688077, 0.07339587216029363, 354.7098036131359]
 ± [0.11033389455910346, 0.07044681882642814, 0.08948163065367082, 117.20382405949262]
Retrieved eccentricity:
[0.0002081524895855718, 0.018192186914008816, 0.11554497322615602, 0.045731881660512355]
 ± [0.01782021873603294, 0.013986308067888848, 0.27239949314143086, 0.04413804518793278]
