Global Fit Results.
chi^2: 1.3248804401492897
per 4 range=[657.45 - 803.5500000000001, length=100]
mu_1: 2.312833611800567e-6 ± 7.903978421115732e-7
P_1: 224.70079881752312 ± 3.380688785333239e-5
t01: 3503.7648898611874 ± 0.0008106005656175647
ecos1: 0.011567239069994253 ± 0.03775945369782811
esin1: -0.0068634381846288065 ± 0.036056622262624745
mu_2: 3.085693005552192e-6 ± 3.9774035043653893e-7
P_2: 365.25640027664383 ± 8.070595179951489e-5
t02: 3624.402683182677 ± 0.0007688741459626559
ecos2: 0.02188527684872213 ± 0.02950607312760187
esin2: -0.002343698198584489 ± 0.028953231300019505
mu_3: 3.4632141304893197e-7 ± 5.994732282683079e-7
P_3: 665.2202187458754 ± 8.471036381316177
t03: 263.06987850578827 ± 91.74114395943676
ecos3: 0.17889214288456715 ± 0.32669149328148134
esin3: 0.026652358866045108 ± 0.5176859796051653
mu_4: 0.0009204794769853959 ± 0.0008093418385182463
P_4: 4349.432639748899 ± 303.58822385746475
t04: 4729.606828640642 ± 365.22868668706644
ecos4: -0.010276992292262109 ± 0.09691519494962204
esin4: -0.051472623722829514 ± 0.06388310354064822
Retrieved Earth masses:
[0.7699844376121294, 1.0272834074190462, 0.11529670664545576, 306.44438441394556]
 ± [0.2631378387286248, 0.13241500749727847, 0.19957555709005437, 269.4446401971327]
Retrieved eccentricity:
[0.01635854637199782, 0.030950455335752747, 0.2529916946693404, 0.014533861880120838]
 ± [0.05339993152726743, 0.04172788878942689, 0.4620115405105898, 0.137058783097788]
