Global Fit Results.
chi^2: 36.979370064579776
per 4 range=[657.45 - 803.5500000000001, length=300]
mu_1: 3.5672880366631886e-6 ± 3.4282778064197776e-7
P_1: 224.70071456194054 ± 1.7535369269899178e-5
t01: 3503.7753489638385 ± 0.030709638979916222
ecos1: -0.013888695403415335 ± 0.021341861315714323
esin1: -0.008231636207811735 ± 0.014946404363839505
mu_2: 3.0217244309058112e-6 ± 1.7012314732009732e-7
P_2: 365.2564567759371 ± 1.9477053613824457e-5
t02: 3624.4021850190124 ± 0.00019552421293283036
ecos2: 0.003523207542141066 ± 0.01663265366973954
esin2: -0.006625356215269213 ± 0.01164482565893668
mu_3: 3.5517124000516312e-9 ± 2.798571554023424e-7
P_3: 674.4327819780342 ± 1.0975936694071982
t03: -10218.834733077078 ± 824905.8538683098
ecos3: 27.519365604665136 ± 2188.8165807384958
esin3: -48.8620805327166 ± 3842.455149453818
mu_4: 0.0003172635827588162 ± 0.00020161896178592047
P_4: 4124.794749369376 ± 89.11120452774584
t04: 5007.97560361548 ± 272.7870182379906
ecos4: -0.4221459235768683 ± 0.34338706330507623
esin4: -0.11714620492769601 ± 0.13257776424636486
Retrieved Earth masses:
[1.1876151655251161, 1.0059871037322463, 0.001182429752387046, 105.62282565375527]
 ± [0.1141336127806974, 0.056637094534479585, 0.09316954462904269, 67.1226248661332]
Retrieved eccentricity:
[0.016144834922247036, 0.007503888083134375, 56.078680416615626, 0.43809863515141073]
