Global Fit Results.
chi^2: 203.3244221766975
per 4 range=[657.45 - 730.5, length=200]
mu_1: 2.5122791529584896e-6 ± 5.9993451642613e-8
P_1: 224.70077992584388 ± 1.6568435051508247e-6
t01: 3503.7654391022165 ± 3.719974582289345e-5
ecos1: 0.008575371160293936 ± 0.002823624660284705
esin1: -0.0020229476883987766 ± 0.003147143319342179
mu_2: 3.0182504215901694e-6 ± 4.003502733894727e-8
P_2: 365.2087596810357 ± 0.02079152396174269
t02: 3625.285340017454 ± 0.44457329899155623
ecos2: 0.019750194132124543 ± 0.0022241816634916895
esin2: 0.000302999161290589 ± 0.0025758238178772487
mu_3: 3.1344761851467e-6 ± 3.82717823289048e-7
P_3: 729.7268832009247 ± 0.2025536602087009
t03: 176.81216566189156 ± 5.348820551273281
ecos3: 0.10113055193212202 ± 0.004185778818021529
esin3: -0.010715290516902894 ± 0.010360886285060603
mu_4: 0.0008005533328443437 ± 5.161788657216506e-5
P_4: 4259.35536055008 ± 17.068502707295732
t04: 4731.245054574398 ± 31.257982272990176
ecos4: 0.025368960611126836 ± 0.007478169095738411
esin4: -0.05727398943999307 ± 0.0054198985935145026
Retrieved Earth masses:
[0.8363834911623648, 1.00483054275202, 1.0435242164912413, 266.5187865757377]
 ± [0.019972912832015306, 0.013328389838803354, 0.12741373457468, 17.18453465921973]
Retrieved eccentricity:
[0.00881074956441272, 0.0197525182381475, 0.10169663703858282, 0.06264099319823514]
