Global Fit Results.
chi^2: 0.7388144148398567
per 4 range=[657.45 - 1314.9, length=100]
mu_1: 2.29611633777987e-6 ± 7.403742021821657e-7
P_1: 224.70079576319708 ± 2.8353743998006206e-5
t01: 3503.7652516906214 ± 0.00044210377299762197
ecos1: -0.0020500265042656947 ± 0.03361543450572934
esin1: -0.0013755805220527573 ± 0.03438516705176649
mu_2: 3.0004953097356893e-6 ± 4.770100058210418e-7
P_2: 365.26373466356574 ± 0.02626356729134998
t02: 3624.347246642733 ± 0.20496391718903026
ecos2: 0.011252536891046085 ± 0.025936892793717047
esin2: 0.0003424305049541122 ± 0.027507340475745552
mu_3: 3.5841654200165953e-6 ± 5.188104933840498e-6
P_3: 735.383772418259 ± 9.904373642221
t03: 110.02835371364822 ± 112.3662643960996
ecos3: 0.08553111936213809 ± 0.03655115394688993
esin3: 0.0038619754825453684 ± 0.10747947088488873
mu_4: 0.0009187237353599922 ± 0.0007917155194486315
P_4: 4213.880605869535 ± 442.74026029478347
t04: 582.165146558016 ± 783.8630499474757
ecos4: 0.02251191341748297 ± 0.08366398917753876
esin4: -0.03963784365263333 ± 0.058834760877556014
Retrieved Earth masses:
[0.7644189525856413, 0.998919542606459, 1.1932339538648533, 305.8598660460305]
 ± [0.24648405781596747, 0.15880531967084904, 1.7272146337608452, 263.57651751561247]
Retrieved eccentricity:
[0.002899175285556851, 0.015913490282420957, 0.1209592690068877, 0.031836653269973265]
 ± [0.04753940338306695, 0.03668030555469164, 0.051691137632078624, 0.11831874817711116]
