Global Fit Results.
chi^2: 2.4592534125378918
per 4 range=[657.45 - 712.2375, length=100]
mu_1: 2.3579291517909817e-6 ± 4.654751470779223e-7
P_1: 224.70077105179175 ± 1.6053334463867664e-5
t01: 3503.765552001743 ± 0.00033272765552829256
ecos1: -0.0005509253159528883 ± 0.016787908132062015
esin1: -0.0017883024939756168 ± 0.01774252407792498
mu_2: 3.027791163658637e-6 ± 2.8722193198518234e-7
P_2: 365.2564615749104 ± 2.59679690971856e-5
t02: 3624.4021638029403 ± 0.0004004729487700673
ecos2: 0.01253566760919902 ± 0.013069349244280574
esin2: 0.0015471355613711354 ± 0.014294198324206128
mu_3: 2.3295042380739366e-7 ± 3.7380572458131356e-7
P_3: 686.5112053948961 ± 9.557778300708529
t03: 390.1795683493458 ± 112.51482749150605
ecos3: -0.059394939492883825 ± 0.31329150475653195
esin3: -0.17815990885974992 ± 0.31657586348542116
mu_4: 0.0011137257288349153 ± 0.0005410104134500601
P_4: 4357.29460067696 ± 132.75418159008117
t04: 4698.32468475059 ± 223.61179960784636
ecos4: 0.03285098592644749 ± 0.04061105401497579
esin4: -0.03497482819635933 ± 0.024661001865313285
Retrieved Earth masses:
[0.7849975642897993, 1.0080068295711453, 0.07755343927538438, 370.7795816334136]
 ± [0.1549651550879149, 0.09562141290281022, 0.12444673458107632, 180.1122211374064]
Retrieved eccentricity:
[0.000779126053675257, 0.017728111146330366, 0.08399712896716567, 0.046458309834509715]
 ± [0.023741687364235674, 0.01848285095265215, 0.4430610950029625, 0.0574327033702451]
