Global Fit Results.
chi^2: 207.0042134931571
per 4 range=[657.45 - 730.5, length=300]
mu_1: 2.5024718533628135e-6 ± 7.273398194931845e-8
P_1: 224.70076764959686 ± 3.1144570136686493e-6
t01: 3503.765568688243 ± 5.9409527375128356e-5
ecos1: 0.0010079910025344062 ± 0.0023836791664985533
esin1: 0.0014234140510507843 ± 0.0026906130517683298
mu_2: 3.0615552466240783e-6 ± 3.8708337846718046e-8
P_2: 365.2564578049477 ± 4.188624616918241e-6
t02: 3624.4021912270487 ± 5.522439819361456e-5
ecos2: 0.014410822053606661 ± 0.0018357715074409457
esin2: 0.0032805917439247185 ± 0.0021638291825551085
mu_3: 2.800225189798275e-7 ± 5.8485672451552695e-8
P_3: 683.6748593181568 ± 1.0959897007073203
t03: 408.94276209550816 ± 16.022098138357627
ecos3: -0.04137891535237556 ± 0.0448338515613871
esin3: -0.21576372266714694 ± 0.0451393623769078
mu_4: 0.0011721698566974357 ± 8.465972529676735e-5
P_4: 4372.4720199188005 ± 19.946393823505026
t04: 4670.963663702122 ± 30.281291920255033
ecos4: 0.03223382928152602 ± 0.005147309997835534
esin4: -0.030726405168131642 ± 0.0038606731883657577
Retrieved Earth masses:
[0.8331184624870889, 1.0192475078028125, 0.09322459717608358, 390.2366963581172]
 ± [0.024214467439764062, 0.012886710741202914, 0.019470945675126743, 28.184764627439073]
Retrieved eccentricity:
[0.0017441770041825234, 0.014779515365905039, 0.21969569557668753, 0.04453236715813287]
