Global Fit Results.
chi^2: 16.875791359214908
per 4 range=[657.45 - 730.5, length=100]
mu_1: 2.3629750691816447e-6 ± 1.788677915204002e-7
P_1: 224.7007703314235 ± 6.7988442306854315e-6
t01: 3503.7655659092375 ± 0.0001364399573892581
ecos1: -0.0008395681329855122 ± 0.006300691106728212
esin1: -0.0011842840620603012 ± 0.006695598736983495
mu_2: 3.0466226252613905e-6 ± 1.1102007352169005e-7
P_2: 365.2564593018861 ± 1.1758617724595537e-5
t02: 3624.4021880209166 ± 0.00016524110824632117
ecos2: 0.012497030384903091 ± 0.004876461687576006
esin2: 0.0019720970179802656 ± 0.00541303854756647
mu_3: 2.363413612142179e-7 ± 1.4394035363286783e-7
P_3: 686.510985814672 ± 3.5068700342546055
t03: 385.4114600400362 ± 44.91370422110997
ecos3: -0.05481008155272312 ± 0.1295386389954559
esin3: -0.1909581932673855 ± 0.1281950830124871
mu_4: 0.0011353034652885961 ± 0.0002153028343188889
P_4: 4375.154443571854 ± 59.23438198976212
t04: 316.2800708568771 ± 126.47846980614663
ecos4: 0.03210982944582487 ± 0.015447043458134661
esin4: -0.03184362834984697 ± 0.011355515785940016
Retrieved Earth masses:
[0.7866774421004915, 1.014276166153608, 0.07868234410401095, 377.96320313712204]
 ± [0.059548345872376944, 0.0369606047050249, 0.047920365596646156, 71.67823528397518]
Retrieved eccentricity:
[0.0011873286402043696, 0.017673469859718613, 0.07751316068663643, 0.04541015628777249]
 ± [0.008910522815458583, 0.006896358254962778, 0.183195300118726, 0.021845418357060633]
