Global Fit Results.
chi^2: 0.6712218179665167
per 4 range=[657.45 - 1314.9, length=100]
mu_1: 2.541954671842244e-6 ± 7.417455568495077e-7
P_1: 224.70078762138394 ± 3.0188931422728994e-5
t01: 3503.7653956993568 ± 0.00045457617505545385
ecos1: 0.014645345453944539 ± 0.04331232361884049
esin1: 0.013480348137579212 ± 0.026566648628661083
mu_2: 3.0985193192162017e-6 ± 5.091537834831703e-7
P_2: 365.25627107481057 ± 0.00024903250727727194
t02: 3624.4038457526167 ± 0.002152084676847424
ecos2: 0.024249167832551398 ± 0.035802615615070595
esin2: 0.01296681148068633 ± 0.020126903216773948
mu_3: 9.13705038295218e-6 ± 1.4405095625034479e-5
P_3: 1246.536499555626 ± 29.901021412048316
t03: 712.1503129791158 ± 150.6738819230519
ecos3: 0.22470661242134488 ± 0.22576175052326017
esin3: 0.11772166506853668 ± 0.236621354759691
mu_4: 0.0016571289036731824 ± 0.0024562328080967653
P_4: 4904.914660903568 ± 538.6096137463658
t04: 4234.333172829648 ± 478.19913202572667
ecos4: 0.03473588524967407 ± 0.07662688367712171
esin4: -0.04234160910090597 ± 0.05311074984427154
Retrieved Earth masses:
[0.8462630119380796, 1.0315535208689846, 3.0418905037764468, 551.6883966210816]
 ± [0.24694060676393872, 0.1695065687531966, 4.7957187222629925, 817.7246420742222]
Retrieved eccentricity:
[0.02071164616660752, 0.03429350202505558, 0.31778313884118053, 0.04912396002112461]
 ± [0.06125287547965676, 0.05063254457126359, 0.3192753294550857, 0.10836677813857107]
