Global Fit Results.
chi^2: 84.79234816955454
per 4 range=[657.45 - 803.5500000000001, length=100]
mu_1: 2.312833611800567e-6 ± 9.879973026394665e-8
P_1: 224.70079881752312 ± 4.225860981666549e-6
t01: 3503.7648898611874 ± 0.00010132507070219559
ecos1: 0.011567239069994253 ± 0.004719931712228514
esin1: -0.0068634381846288065 ± 0.004507077782828093
mu_2: 3.085693005552192e-6 ± 4.9717543804567366e-8
P_2: 365.25640027664383 ± 1.0088243974939361e-5
t02: 3624.402683182677 ± 9.610926824533199e-5
ecos2: 0.02188527684872213 ± 0.003688259140950234
esin2: -0.002343698198584489 ± 0.003619153912502438
mu_3: 3.4632141304893197e-7 ± 7.493415353353848e-8
P_3: 665.2202187458754 ± 1.058879547664522
t03: 263.06987850578827 ± 11.467642994929594
ecos3: 0.17889214288456715 ± 0.04083643666018517
esin3: 0.026652358866045108 ± 0.06471074745064566
mu_4: 0.0009204794769853959 ± 0.00010116772981478078
P_4: 4349.432639748899 ± 37.948527982183094
t04: 4729.606828640642 ± 45.653585835883305
ecos4: -0.010276992292262109 ± 0.012114399368702755
esin4: -0.051472623722829514 ± 0.007985387942581027
Retrieved Earth masses:
[0.7699844376121294, 1.0272834074190462, 0.11529670664545576, 306.44438441394556]
 ± [0.0328922298410781, 0.01655187593715981, 0.024946944636256796, 33.680580024641586]
Retrieved eccentricity:
[0.01635854637199782, 0.030950455335752747, 0.2529916946693404, 0.014533861880120838]
 ± [0.006674991440908429, 0.005215986098678361, 0.057751442563823724, 0.0171323478872235]
