Global Fit Results.
chi^2: 17.104508279031926
per 4 range=[657.45 - 712.2375, length=100]
mu_1: 2.364657634833921e-6 ± 1.7572769340630984e-7
P_1: 224.7007701123776 ± 6.204787056463408e-6
t01: 3503.765569862907 ± 0.00012731276120394138
ecos1: -0.0004968905825530864 ± 0.006298354722991622
esin1: -0.0013862971815801753 ± 0.006719422965076958
mu_2: 3.039708494676627e-6 ± 1.0968476313580625e-7
P_2: 365.25646030578446 ± 1.0769535424181867e-5
t02: 3624.4021788248956 ± 0.0001583140146996288
ecos2: 0.012638003357449116 ± 0.004908885796904424
esin2: 0.001935945031489338 ± 0.0054165023616008345
mu_3: 2.4066205853992213e-7 ± 1.4001793868718228e-7
P_3: 686.726449177804 ± 3.529839007520907
t03: 388.66177188855687 ± 41.34206306524688
ecos3: -0.06790852923956 ± 0.11042870987918413
esin3: -0.1787634574546355 ± 0.11893563779245911
mu_4: 0.001115698498052546 ± 0.00020316130442397546
P_4: 4366.228758382892 ± 54.21402002881295
t04: 4693.2301965508095 ± 85.06326827990736
ecos4: 0.03226898734750284 ± 0.015517825938655482
esin4: -0.03337327323364789 ± 0.009809984019296213
Retrieved Earth masses:
[0.7872375988540528, 1.011974326141113, 0.08012078294520135, 371.4363524399367]
 ± [0.058502950013336975, 0.03651605555489735, 0.046614522214474, 67.63609882409918]
Retrieved eccentricity:
[0.0007027094008620428, 0.017872835749421247, 0.09603716305139565, 0.04563523955088432]
 ± [0.00890721866989139, 0.006942212870122895, 0.15616977918650599, 0.021945519900991587]
