Global Fit Results.
chi^2: 2.373158162887442
per 4 range=[657.45 - 730.5, length=100]
mu_1: 2.3629764686739225e-6 ± 4.769953351538325e-7
P_1: 224.70077033093634 ± 1.8130873940610754e-5
t01: 3503.7655659193397 ± 0.00036384666254116996
ecos1: -0.0008395609739788949 ± 0.016801605837847913
esin1: -0.0011836898582931504 ± 0.017853125680013585
mu_2: 3.0466216693527303e-6 ± 2.9604990349256054e-7
P_2: 365.2564593014514 ± 3.135622306450136e-5
t02: 3624.4021880290443 ± 0.0004406478025024334
ecos2: 0.012496992672772515 ± 0.013003660611451582
esin2: 0.0019725833489028844 ± 0.014433159272743577
mu_3: 2.3635784543076366e-7 ± 3.8383946021051514e-7
P_3: 686.5110407983843 ± 9.351646726159492
t03: 385.41679404342256 ± 119.7576483081795
ecos3: -0.0548294464666409 ± 0.3453829362013952
esin3: -0.19094549812007636 ± 0.34182390837955595
mu_4: 0.0011353066445899448 ± 0.000574129485915386
P_4: 4375.15769002267 ± 157.95348774732474
t04: 316.269483601122 ± 337.24384347542536
ecos4: 0.032110371498717774 ± 0.04119154722398074
esin4: -0.031843609826896706 ± 0.03028092530077422
Retrieved Earth masses:
[0.7866779080169626, 1.014275847914203, 0.0786878319999589, 377.96426158445195]
 ± [0.158800435538509, 0.09856040541903911, 0.127787147936443, 191.13816362472454]
Retrieved eccentricity:
[0.0011873185158401184, 0.017673416526712084, 0.07754054681053314, 0.045410922866325164]
 ± [0.02376105884553149, 0.018389953197211643, 0.4884452325882545, 0.058253644739285376]
