Global Fit Results.
chi^2: 3.0602682114041126
per 4 range=[657.45 - 730.5, length=100]
mu_1: 2.554832866230372e-6 ± 4.948135875187041e-7
P_1: 224.70077119372678 ± 2.6556253251546708e-5
t01: 3503.7655292498634 ± 0.00040956585125734106
ecos1: 0.0013597256429608347 ± 0.017443251438386702
esin1: 0.0041368334361978855 ± 0.017218247956262655
mu_2: 3.07609030476372e-6 ± 2.581736763301994e-7
P_2: 365.25645724850517 ± 2.6576440048994847e-5
t02: 3624.4021901857805 ± 0.00033359739251808367
ecos2: 0.014014826108853809 ± 0.013464595098738995
esin2: 0.006037814298767096 ± 0.01372430258941093
mu_3: 2.879622324591363e-7 ± 3.8500801618073865e-7
P_3: 682.5762421818782 ± 9.932148355182203
t03: 414.2459885919008 ± 108.74798711932735
ecos3: 0.0015363860522546273 ± 0.30518528792329874
esin3: -0.18352734499462076 ± 0.2240064967340321
mu_4: 0.0011021090780424989 ± 0.0005642270234858716
P_4: 4351.301503086132 ± 134.5604555047095
t04: 288.8498491535727 ± 263.0708132675075
ecos4: 0.025216906229768025 ± 0.03932636286604154
esin4: -0.03944415674632177 ± 0.026810526848392736
Retrieved Earth masses:
[0.850550397426084, 1.0240864934134541, 0.09586787241515607, 366.91218698742705]
 ± [0.1647324563100835, 0.08595071948154735, 0.12817618150416704, 187.8414535086739]
Retrieved eccentricity:
[0.0019229424453816892, 0.019819957157441608, 0.0021727779921393527, 0.035662090791228535]
 ± [0.02466848275605047, 0.01904181300049899, 0.431597173217867, 0.05561587572396161]
