Global Fit Results.
chi^2: 11.19190522172157
per 5 range=[10227.0 - 11688.0, length=100]
mu_1: 2.385475744620217e-6 ± 2.836406602305393e-7
P_1: 224.70076417297537 ± 2.2690118752718414e-5
t01: 3503.7656614643015 ± 0.0004525073667538568
ecos1: -0.0006802638401989922 ± 0.004531633517692374
esin1: 0.001591314208588946 ± 0.005398715755292004
mu_2: 3.0308758526369566e-6 ± 1.136369980188046e-7
P_2: 365.25635446240915 ± 0.00011610328868455205
t02: 3624.4034375139786 ± 0.001334703990189863
ecos2: 0.0127230201953191 ± 0.0037239571348064
esin2: 0.004250834406795838 ± 0.0043890886952487294
mu_3: 3.6338808177052655e-7 ± 4.7314383701855003e-7
P_3: 686.7079587804056 ± 6.566200119431112
t03: 547.2620399448525 ± 83.9495275913538
ecos3: 0.09664195515852338 ± 0.17602347520490416
esin3: 0.12008136383225401 ± 0.2525624792567542
mu_4: 0.0011323207670465186 ± 0.0002264410438179278
P_4: 4387.1364655351035 ± 124.59217905084634
t04: 4674.968761135736 ± 133.16295765557643
ecos4: 0.02588071778750388 ± 0.022809075228053078
esin4: -0.02630851103271184 ± 0.020235894094336248
mu_5: 0.009954516179482146 ± 0.007168634932684993
P_5: 10881.631359586141 ± 1587.4564410713615
t05: 3944.9727372975512 ± 653.0000151891634
ecos5: 0.0590802081536272 ± 0.009434948185308397
esin5: 0.010655332707722768 ± 0.014930073992967632
Retrieved Earth masses:
[0.7941683268035957, 1.0090337787196102, 0.12097851153209394, 376.97020856251237, 3314.039757573504]
 ± [0.09442914230285632, 0.037831826537370834, 0.1575182016542691, 75.38634810859243, 2386.5691457125363]
