Global Fit Results.
chi^2: 15.61441594850177
per 5 range=[10227.0 - 10957.5, length=100]
mu_1: 2.379450387603602e-6 ± 1.737871024749463e-7
P_1: 224.7007733727935 ± 5.292894053474847e-6
t01: 3503.765530371082 ± 0.0001378206525431123
ecos1: 0.0018380886122324705 ± 0.00943291107642207
esin1: -0.0008719348141917665 ± 0.007522390422739565
mu_2: 3.047446448356888e-6 ± 1.1365217975994245e-7
P_2: 365.2564660073436 ± 1.62443743428222e-5
t02: 3624.402066047379 ± 0.0002593320764705869
ecos2: 0.014512626839566837 ± 0.007617184364066233
esin2: 0.0022748690881963123 ± 0.006019068329713518
mu_3: 2.5967843340719615e-7 ± 1.6488991148124043e-7
P_3: 688.2772338834742 ± 3.456760767978133
t03: 361.52687132217477 ± 60.393561900980494
ecos3: 0.0065762097803328335 ± 0.1660750014482943
esin3: -0.155770150552087 ± 0.11190936550064094
mu_4: 0.0010066761554220417 ± 0.00021398096829802285
P_4: 4327.8903184212095 ± 44.26071023450197
t04: 384.31181852823937 ± 110.45866798500909
ecos4: 0.033132448557905377 ± 0.01603509589111856
esin4: -0.03969671657144671 ± 0.014869144021882151
mu_5: 0.0009565971584545962 ± 0.0010797029911699787
P_5: 9429.632733284374 ± 4210.0898281180735
t05: 6616.3277691330295 ± 1202.0320354535406
ecos5: 0.08995315904917178 ± 0.0297625987386989
esin5: -0.020193823104310202 ± 0.03743621796592017
Retrieved Earth masses:
[0.79216237570094, 1.0145504318680296, 0.08645168052161638, 335.140828737238, 318.4686184582899]
 ± [0.05785689194443945, 0.0378368808155309, 0.054894855000379744, 71.23816200785103, 359.4527925408915]
