Global Fit Results.
chi^2: 9.41103342093297
per 5 range=[10227.0 - 11688.0, length=100]
mu_1: 2.608847139708483e-6 ± 3.9304403513669593e-7
P_1: 224.70154966477418 ± 0.036502630965649006
t01: 3503.7440137544795 ± 1.1405271326200679
ecos1: -0.0009448095587648906 ± 0.008894858563342082
esin1: 0.0052900656537461085 ± 0.00897177152489559
mu_2: 3.058475928442527e-6 ± 1.294926041395081e-7
P_2: 365.25827224921017 ± 0.09235823782691649
t02: 3624.3640654005453 ± 2.2223209230321848
ecos2: 0.012206781508810452 ± 0.006934609392562866
esin2: 0.006839104100933596 ± 0.007155156073229475
mu_3: 4.466419511317433e-7 ± 2.4306164814333693e-7
P_3: 681.5644571178858 ± 6.732708836581611
t03: 441.1470854485729 ± 72.23631701548464
ecos3: -0.007101933254070926 ± 0.11006487182495424
esin3: -0.11889457927022097 ± 0.09612057852810017
mu_4: 0.0011516110288135267 ± 0.00033615084238737607
P_4: 4355.4875438818035 ± 104.02316522791831
t04: 256.95723820620657 ± 208.64491971258428
ecos4: 0.021915825031306634 ± 0.023425557372418616
esin4: -0.045318366858138635 ± 0.015229598150389942
mu_5: 0.8953434124244851 ± 76.29402461168065
P_5: 56356.462465469434 ± 1.2134297341619432e6
t05: -20321.801341440216 ± 606571.5233973486
ecos5: 0.09379049499403928 ± 0.10817032714098938
esin5: 0.02744254965376896 ± 0.10255273305246657
Retrieved Earth masses:
[0.8685327329364593, 1.0182223466904206, 0.14869524111093482, 383.3922880766964, 298076.13066842535]
 ± [0.1308515185906192, 0.043110446624677855, 0.08091965003268146, 111.91073841536941, 2.5399670488209948e7]
