Global Fit Results.
chi^2: 13.107597983922483
per 5 range=[10227.0 - 10957.5, length=100]
mu_1: 2.332719042243268e-6 ± 1.6482486728775587e-7
P_1: 224.7007846165923 ± 2.5542384473982372e-5
t01: 3503.765214540307 ± 0.0005534610286132348
ecos1: -0.003135698884722726 ± 0.0052471588756272895
esin1: 0.0029057969497354747 ± 0.006287239332341869
mu_2: 3.0243101441518636e-6 ± 1.093803678432883e-7
P_2: 365.25657629342106 ± 0.00013046928910737465
t02: 3624.400726754444 ± 0.0016036933170711486
ecos2: 0.010851207455252978 ± 0.004276986741941763
esin2: 0.00516431348197614 ± 0.004875884222001217
mu_3: 6.424527610465724e-7 ± 3.740750062249187e-7
P_3: 686.3553393396828 ± 4.622397863251518
t03: 398.2581048589014 ± 57.36891927713256
ecos3: 0.04384789658634207 ± 0.05446393451101149
esin3: -0.047630249463932225 ± 0.05488758716746782
mu_4: 0.0011646976710175576 ± 0.00020203517898472018
P_4: 4342.969172130031 ± 68.4980083815093
t04: 4706.895396892995 ± 92.63347936417442
ecos4: 0.036656121465836355 ± 0.013968933171587736
esin4: -0.026132093449533832 ± 0.014002649228395087
mu_5: 0.007788923761197621 ± 0.0067789118581529275
P_5: 11950.630035794182 ± 1595.0390380918243
t05: 7118.887060092019 ± 681.1900715196144
ecos5: 0.04138923942401043 ± 0.023515680755873826
esin5: -0.011952871892536805 ± 0.014738398887179795
Retrieved Earth masses:
[0.7766046596194436, 1.006847934770601, 0.2138842264237469, 387.7490696394899, 2593.074595279899]
 ± [0.05487320060358933, 0.03641471681746058, 0.12453638334519522, 67.2611911530062, 2256.8232353984667]
