Global Fit Results.
chi^2: 107.9835215290008
per 5 range=[10227.0 - 11688.0, length=100]
mu_1: 2.396964777638929e-6 ± 7.35487203434991e-8
P_1: 224.70080840785158 ± 1.923729610683798e-5
t01: 3503.7645897347425 ± 0.0003841674167006817
ecos1: -0.0068134438349692905 ± 0.0016432009644263828
esin1: 0.00619918237083752 ± 0.0018518195790190183
mu_2: 2.9963634993354255e-6 ± 3.715531972179649e-8
P_2: 365.2567526290598 ± 9.744589459839538e-5
t02: 3624.3987962176425 ± 0.0011151501457499198
ecos2: 0.008039430474306771 ± 0.0013899503931257958
esin2: 0.007963309907186687 ± 0.0014418918211864793
mu_3: 9.047652870354199e-7 ± 1.3583514314458504e-7
P_3: 684.2152012144101 ± 1.5382435757267208
t03: 406.61036284291765 ± 19.40090988114491
ecos3: 0.06911375567527302 ± 0.014633374030990414
esin3: -0.030569509848592462 ± 0.017348985276904472
mu_4: 0.0012925380617838254 ± 7.970305343241322e-5
P_4: 4344.34689157594 ± 21.88979755987823
t04: 321.26109347067444 ± 43.446549444733165
ecos4: 0.03460859175865691 ± 0.005005446471922431
esin4: -0.02426487190885629 ± 0.004622219859038704
mu_5: 0.013805144475179403 ± 0.004045436149157398
P_5: 12026.247027113845 ± 579.5233673251663
t05: 6687.760442525161 ± 187.52750199973522
ecos5: 0.031395630413884386 ± 0.007037521074157926
esin5: -0.017694027377722653 ± 0.005067442767146808
Retrieved Earth masses:
[0.7979932351681595, 0.9975439876633213, 0.301212844345768, 430.3094643371641, 4595.984056371366]
 ± [0.02448570869163942, 0.01236968271920516, 0.04522199338875968, 26.534598278061544, 1346.7993816380654]
