Global Fit Results.
chi^2: 11.998169059637855
per 5 range=[10227.0 - 11688.0, length=100]
mu_1: 2.396954314210773e-6 ± 2.206433133032996e-7
P_1: 224.7008084070529 ± 5.770862999312793e-5
t01: 3503.764589766887 ± 0.0011524306086032991
ecos1: -0.006812997243985413 ± 0.004929571777504772
esin1: 0.006198848970858348 ± 0.005555532043670461
mu_2: 2.9963665192251045e-6 ± 1.1146836158682796e-7
P_2: 365.25675262139856 ± 0.0002923168405002653
t02: 3624.398796304648 ± 0.0033452299189174134
ecos2: 0.008039761499493642 ± 0.004169901216776863
esin2: 0.00796302025003948 ± 0.00432573023867194
mu_3: 9.04761790676879e-7 ± 4.0749515793753717e-7
P_3: 684.2153625819778 ± 4.6149057428559
t03: 406.6098110046961 ± 58.20438156514278
ecos3: 0.0691107149638777 ± 0.0438991012206086
esin3: -0.030569009701500244 ± 0.0520437357448978
mu_4: 0.001292513894493882 ± 0.00023909796601508817
P_4: 4344.337502144609 ± 65.66828281541197
t04: 321.2836043404732 ± 130.33941058633883
ecos4: 0.03460938126182582 ± 0.0150164163136733
esin4: -0.024265343269527 ± 0.013866371403900126
mu_5: 0.013805054688850033 ± 0.012135696748963556
P_5: 12026.263073769518 ± 1738.5599885343038
t05: 6687.783479728804 ± 562.5808273733579
ecos5: 0.031395983863895714 ± 0.021112107567508073
esin5: -0.017693358266308194 ± 0.015202160179019672
Retrieved Earth masses:
[0.797989751702335, 0.9975449930396026, 0.3012116803443236, 430.301418606135, 4595.954164866862]
 ± [0.07345617801466282, 0.03710984796747244, 0.13566256059809287, 79.60006805375266, 4040.1944993385882]
