Global Fit Results.
chi^2: 14.822005426411227
per 5 range=[10227.0 - 10957.5, length=100]
mu_1: 2.3029588251624646e-6 ± 1.5751615645604045e-7
P_1: 224.70077922535927 ± 6.954963328333161e-6
t01: 3503.7654099900833 ± 0.0001730396657087695
ecos1: -0.0001540246977841561 ± 0.006969946217590889
esin1: -0.0016225858725714552 ± 0.007342900922773485
mu_2: 3.0335680082199567e-6 ± 1.0840472932008436e-7
P_2: 365.25645680778695 ± 3.151339130931835e-5
t02: 3624.402102455801 ± 0.00042430834691805177
ecos2: 0.012994574728431869 ± 0.005524913694871189
esin2: 0.001538792943352965 ± 0.005746650625154403
mu_3: 4.6823186427181334e-7 ± 3.261334589234941e-7
P_3: 690.6521322726716 ± 3.9257300143207283
t03: 365.21886997181224 ± 59.1726603988466
ecos3: 0.006237079088962755 ± 0.054909402795421
esin3: -0.05909672805375938 ± 0.06619094030055564
mu_4: 0.00107161297665029 ± 0.00018586526964226542
P_4: 4302.179868547591 ± 44.42919984876984
t04: 4759.164498706706 ± 79.31929976480525
ecos4: 0.0354484772906134 ± 0.014638690867018004
esin4: -0.030315060568159677 ± 0.013761746937747744
mu_5: 0.002125278649625021 ± 0.002663087233386393
P_5: 10217.258856613707 ± 2492.5783293217664
t05: 2794.3517870875244 ± 1366.249725568846
ecos5: 0.055956543777370714 ± 0.02110420862227694
esin5: 0.024609009376869356 ± 0.031295558418136644
Retrieved Earth masses:
[0.7666969412711541, 1.009930046350781, 0.15588291645534044, 356.7594793477444, 707.5439743919179]
 ± [0.052439997639608306, 0.036089908981838933, 0.10857576899369219, 61.877933798147794, 886.5902481046606]
