Global Fit Results.
chi^2: 14.752074002341406
per 5 range=[10227.0 - 10957.5, length=100]
mu_1: 2.3149662999772944e-6 ± 1.4812713649662932e-7
P_1: 224.70077961798867 ± 1.6827740471928985e-5
t01: 3503.765359972582 ± 0.00039634377224108175
ecos1: -0.0022487934011550803 ± 0.004345946565143009
esin1: -0.0006249113369736385 ± 0.005483935939726063
mu_2: 3.0232996222266885e-6 ± 1.0178469162882769e-7
P_2: 365.2565249973988 ± 8.531276475124967e-5
t02: 3624.4012873599904 ± 0.0012082777521467327
ecos2: 0.0112788802792376 ± 0.0035403812958009952
esin2: 0.0025089027404695576 ± 0.004317396734418454
mu_3: 5.702871277971141e-7 ± 3.503197538943205e-7
P_3: 689.3413431377971 ± 3.5276151792156054
t03: 371.68785799864236 ± 65.98342768640269
ecos3: 0.03171072553755302 ± 0.05784087067783434
esin3: -0.04380528259895464 ± 0.053329779946298235
mu_4: 0.0010795926004499021 ± 0.00014632422943776198
P_4: 4310.223037335727 ± 44.97775497596856
t04: 423.54968907449245 ± 112.40145057749454
ecos4: 0.035028230954954706 ± 0.013513844083621145
esin4: -0.03438365996477573 ± 0.013186957570416796
mu_5: 0.007061715057216982 ± 0.006937874566393507
P_5: 13048.60966504764 ± 1919.81619132826
t05: 7203.183468531193 ± 1245.3175351380335
ecos5: 0.044842109580708826 ± 0.01962724154601689
esin5: -0.011112554205441936 ± 0.01706668131121102
Retrieved Earth masses:
[0.7706944483530582, 1.0065115136150622, 0.1898589726186328, 359.416041459412, 2350.9735716246523]
 ± [0.049314221874205075, 0.03388597785049177, 0.11662782714262862, 48.71400127437205, 2309.744816476076]
