Global Fit Results.
chi^2: 125.7322961692915
per 5 range=[10227.0 - 10957.5, length=100]
mu_1: 2.332471083808149e-6 ± 5.405166103324188e-8
P_1: 224.7007841205776 ± 7.96544176564604e-6
t01: 3503.76525934172 ± 0.00017357268826162097
ecos1: -0.002231293127760328 ± 0.001742909701316503
esin1: 0.00129875995037971 ± 0.002214822708032061
mu_2: 3.015246977750222e-6 ± 3.6028593146297794e-8
P_2: 365.25655321309563 ± 3.8719882302711285e-5
t02: 3624.400978557674 ± 0.0004890568823081565
ecos2: 0.011397181884603149 ± 0.0014251064766314513
esin2: 0.003910328828193809 ± 0.0017385361284816422
mu_3: 5.720263566858405e-7 ± 1.2113834070607907e-7
P_3: 688.0866385132758 ± 1.537553002299398
t03: 381.1244492950616 ± 21.352643310367917
ecos3: 0.03748721734454563 ± 0.02228300685680704
esin3: -0.053058648054863676 ± 0.020843888159726674
mu_4: 0.0011121152810798884 ± 5.805099681459538e-5
P_4: 4333.817744111526 ± 22.90413246438511
t04: 4715.564143591631 ± 32.411005021397884
ecos4: 0.034737134522075455 ± 0.004645201800915513
esin4: -0.03007033104792664 ± 0.004473295980607608
mu_5: 0.006933926586044469 ± 0.0022920948832028877
P_5: 12557.991608730135 ± 663.3108918691263
t05: 7142.266949347567 ± 344.3634623721727
ecos5: 0.0398013664050415 ± 0.009216209800051934
esin5: -0.01289809099829901 ± 0.0059178958941310126
Retrieved Earth masses:
[0.7765221097398318, 1.003830641589999, 0.1904379935957286, 370.2434342414736, 2308.430461905454]
 ± [0.017994782508492423, 0.011994574918907068, 0.04032916015485501, 19.32623423797078, 763.0801371062045]
