Global Fit Results.
chi^2: 11.406353629493486
per 5 range=[10227.0 - 11688.0, length=100]
mu_1: 2.419147847039819e-6 ± 2.5245843403696733e-7
P_1: 224.70076196804402 ± 2.3349215304787968e-5
t01: 3503.765701710252 ± 0.0004897455258298457
ecos1: -0.00027765193212297897 ± 0.004445551911569236
esin1: 0.0013346347940947538 ± 0.005320610712388651
mu_2: 3.0397868513361174e-6 ± 1.0852039804477035e-7
P_2: 365.25636114600826 ± 9.048941689164868e-5
t02: 3624.4033592465325 ± 0.0011399079614930155
ecos2: 0.013080752071211083 ± 0.003637098792936561
esin2: 0.003951030391089516 ± 0.004304173067191635
mu_3: 3.1146244231787805e-7 ± 4.144070928865906e-7
P_3: 686.1307272786307 ± 4.976190881846574
t03: 559.9432512506218 ± 65.41718201336114
ecos3: 0.12408839386113477 ± 0.21945061068753757
esin3: 0.14672047405965297 ± 0.310993041075775
mu_4: 0.0011468970152478857 ± 0.00019783004359131862
P_4: 4412.1089106665495 ± 95.31338077855742
t04: 252.92969761157946 ± 195.096448884709
ecos4: 0.02599839960263793 ± 0.022355280064255047
esin4: -0.02547790047738286 ± 0.018633800921975124
mu_5: 0.009878777546083977 ± 0.005802175816039649
P_5: 10970.051654706007 ± 1339.4981986609494
t05: 3956.9144762690607 ± 552.6300759036377
ecos5: 0.05960487589490132 ± 0.007963730200977168
esin5: 0.010855121688478483 ± 0.013320472200903603
Retrieved Earth masses:
[0.8053783830361281, 1.012000412500323, 0.10369152033324527, 381.82290709497914, 3288.8249869367182]
 ± [0.08404801121904272, 0.03612841720719169, 0.1379636696434665, 65.86122498403893, 1931.6500157406142]
