Global Fit Results.
chi^2: 133.39804836690917
per 5 range=[10227.0 - 10957.5, length=100]
mu_1: 2.3029527162230956e-6 ± 5.2505448556737415e-8
P_1: 224.70077922562282 ± 2.318625565481124e-6
t01: 3503.7654099802094 ± 5.76848502020732e-5
ecos1: -0.00015486468414740033 ± 0.002322996817874807
esin1: -0.0016231455067573666 ± 0.0024474151542718766
mu_2: 3.0335614708172177e-6 ± 3.61339408217191e-8
P_2: 365.25645680595875 ± 1.0505080306165564e-5
t02: 3624.4021024772283 ± 0.00014144768235812698
ecos2: 0.012993866216391297 ± 0.0018413788534096542
esin2: 0.0015383975600695948 ± 0.0019153854541705017
mu_3: 4.6825328173865277e-7 ± 1.0871337708718756e-7
P_3: 690.6519228704111 ± 1.3088154912424728
t03: 365.2262313252367 ± 19.723708457218926
ecos3: 0.006230225361793479 ± 0.01830339620408081
esin3: -0.059095116148152035 ± 0.022062448491187867
mu_4: 0.0010716302087259235 ± 6.195164852457865e-5
P_4: 4302.181092908548 ± 14.80968775866443
t04: 4759.163548616751 ± 26.44030151084081
ecos4: 0.035448592287003304 ± 0.004879441576018163
esin4: -0.030316303822444223 ± 0.004586771747038931
mu_5: 0.002125583193358798 ± 0.000887758726823934
P_5: 10217.570335836928 ± 830.9177790077855
t05: 2794.2362796420334 ± 455.4223741529722
ecos5: 0.05595652698997976 ± 0.007034458410793359
esin5: 0.02460480540034087 ± 0.010429159404948256
Retrieved Earth masses:
[0.7666949074939639, 1.0099278699303305, 0.15589004672017026, 356.7652162196049, 707.6453625481538]
 ± [0.017480020210817543, 0.012029647078961795, 0.03619266344552393, 20.6248322425605, 295.551050677021]
