Global Fit Results.
chi^2: 13.970255203825474
per 5 range=[10227.0 - 10957.5, length=100]
mu_1: 2.3324770219105215e-6 ± 1.6214919201807752e-7
P_1: 224.70078411695198 ± 2.389338672784617e-5
t01: 3503.7652594242068 ± 0.0005206557555774308
ecos1: -0.002230804146800246 ± 0.005229052060072109
esin1: 0.001298080453562452 ± 0.006644849901763455
mu_2: 3.0152506581926764e-6 ± 1.0808753694204456e-7
P_2: 365.25655319370856 ± 0.00011614728933046033
t02: 3624.4009788084654 ± 0.00146702914499248
ecos2: 0.011397582242598547 ± 0.004275537530631657
esin2: 0.003909797368251958 ± 0.0052159247310955975
mu_3: 5.720060715668892e-7 ± 3.634142454045281e-7
P_3: 688.0863701560127 ± 4.612735317849826
t03: 381.1272631678299 ± 64.05982664126151
ecos3: 0.03748659752103477 ± 0.06685460085956056
esin3: -0.053061002427747445 ± 0.06253721861151765
mu_4: 0.001112109573559738 ± 0.0001741611679699716
P_4: 4333.822316220512 ± 68.71671676632045
t04: 381.73947126533886 ± 155.27276945251117
ecos4: 0.03473704683943619 ± 0.01393575972920036
esin4: -0.03007096374232898 ± 0.01342122631110042
mu_5: 0.006933122149550072 ± 0.006875650069450189
P_5: 12557.839044664881 ± 1989.9308512584282
t05: 7142.304169003079 ± 1033.1906219464474
ecos5: 0.03980437522218471 ± 0.027648924414601646
esin5: -0.012896461063973755 ± 0.017753478384996826
Retrieved Earth masses:
[0.7765240866422741, 1.0038318668763313, 0.19043124031013645, 370.2415341040531, 2308.162650343666]
 ± [0.053982419568912116, 0.035984309861533136, 0.1209872218824234, 57.98142516133304, 2289.0291480249857]
