Global Fit Results.
chi^2: 100.72714696449844
per 5 range=[10227.0 - 11688.0, length=100]
mu_1: 2.385468611104379e-6 ± 9.454050848475952e-8
P_1: 224.70076417369634 ± 7.563554080540292e-6
t01: 3503.765661449902 ± 0.00015083661338389197
ecos1: -0.0006803482912966203 ± 0.001510568402777847
esin1: 0.0015911884193086608 ± 0.001799612098742878
mu_2: 3.0308751751245506e-6 ± 3.7879157062126636e-8
P_2: 365.25635446456 ± 3.869898513079789e-5
t02: 3624.4034374894886 ± 0.00044488660358607947
ecos2: 0.012722941028568717 ± 0.0012413364119820203
esin2: 0.004250742364801643 ± 0.00146305733909044
mu_3: 3.633803778211201e-7 ± 1.5771079127347386e-7
P_3: 686.7081179818755 ± 2.188473063017071
t03: 547.2606046455614 ± 27.980311986490705
ecos3: 0.09664024712953978 ± 0.05867921711816595
esin3: 0.12008444042968952 ± 0.08418673317724132
mu_4: 0.0011323203191162578 ± 7.547634115414762e-5
P_4: 4387.132122339513 ± 41.53402302295331
t04: 287.84128075408216 ± 79.76162818359394
ecos4: 0.02588094081016195 ± 0.007603011798047468
esin4: -0.026308200193868397 ± 0.006744976978888062
mu_5: 0.009954419356044663 ± 0.0023894091047048692
P_5: 10881.631359586141 ± 529.0887293339244
t05: 3944.9745601092536 ± 217.6350240291423
ecos5: 0.05908030213666176 ± 0.003144752869432206
esin5: 0.010655099231013805 ± 0.004976673357201163
Retrieved Earth masses:
[0.7941659519262363, 1.0090335531633894, 0.12097594674700918, 376.97005943836956, 3314.007523287528]
 ± [0.03147425732909978, 0.0126106613544918, 0.05250479511560337, 25.127448771100276, 795.4778140218955]
