Global Fit Results.
chi^2: 126.62092987893362
per 5 range=[10227.0 - 10957.5, length=100]
mu_1: 2.426895560620451e-6 ± 6.273792476123913e-8
P_1: 224.7012107198994 ± 0.008045117818041892
t01: 3503.7534179556246 ± 0.2109230809678034
ecos1: 0.0005567218412852375 ± 0.002510158141911602
esin1: -0.0011489967845215137 ± 0.002416947005899824
mu_2: 3.036845019894987e-6 ± 3.6296412094479235e-8
P_2: 365.25735386021387 ± 0.017623253380698672
t02: 3624.38662905559 ± 0.27493786593017383
ecos2: 0.013621086550668293 ± 0.0019695782481226978
esin2: 0.0020301480913658128 ± 0.0019382550084549362
mu_3: 3.3414157297198956e-7 ± 5.7622025975431624e-8
P_3: 685.6330753083505 ± 1.4234584400327166
t03: 414.5488948094001 ± 19.07486914309065
ecos3: -0.04559657392552668 ± 0.026726157306322364
esin3: -0.09127616638518347 ± 0.023435834560989976
mu_4: 0.0010539256693034573 ± 7.073393815167134e-5
P_4: 4354.0551874423345 ± 16.156211391740452
t04: 328.24745380586415 ± 42.7645388929986
ecos4: 0.028449564784063276 ± 0.005720687340253037
esin4: -0.04191276362383414 ± 0.003889855396839747
mu_5: 1.0507933000830276 ± 35.8529181775664
P_5: 74966.92266630013 ± 654440.3754309429
t05: -29084.633934148675 ± 339198.2152931225
ecos5: 0.08305059073883445 ± 0.01754478693873731
esin5: 0.007276048856884888 ± 0.027535688057371124
Retrieved Earth masses:
[0.8079577380116547, 1.0110210232281371, 0.11124181602816266, 350.8710525578374, 349828.2297882788]
 ± [0.020886597923759454, 0.012083736725076434, 0.019183422031913134, 23.548616428747305, 1.1936089521898389e7]
