Global Fit Results.
chi^2: 84.6980394726424
per 5 range=[10227.0 - 11688.0, length=100]
mu_1: 2.608823895044262e-6 ± 1.3087739267685924e-7
P_1: 224.7015598191956 ± 0.012444073749076403
t01: 3503.7436966595387 ± 0.3896279806991912
ecos1: -0.0009434493085288168 ± 0.0029610031942230333
esin1: 0.00528848248473255 ± 0.0029964721013279946
mu_2: 3.058487163968112e-6 ± 4.3173794968588694e-8
P_2: 365.25829811481645 ± 0.03151081184316626
t02: 3624.363446470034 ± 0.760033752792623
ecos2: 0.012207827148404746 ± 0.002315241448550323
esin2: 0.006837827402557479 ± 0.002390609422540401
mu_3: 4.465842126478695e-7 ± 8.094642193993516e-8
P_3: 681.5641841005494 ± 2.2267492388103256
t03: 441.1404567442634 ± 23.934393323910303
ecos3: -0.00708247097054405 ± 0.03688918120497336
esin3: -0.11890112390991117 ± 0.03210414268000398
mu_4: 0.0011515516838266392 ± 0.00011218496122928293
P_4: 4355.459269424656 ± 34.631122784770255
t04: 4612.475673358954 ± 43.42380225662689
ecos4: 0.02191682713550975 ± 0.00784076476746604
esin4: -0.04531881261641643 ± 0.00507367832861541
mu_5: 0.9167492892066634 ± 26.30269581897253
P_5: 56697.312489128504 ± 411004.445134913
t05: -20492.145462838133 ± 205459.13523163093
ecos5: 0.09382292093102161 ± 0.036095532645306676
esin5: 0.02746642983837702 ± 0.03422038451839571
Retrieved Earth masses:
[0.8685249943643389, 1.0182260872015427, 0.14867601891794727, 383.37253104959314, 305202.5369570682]
 ± [0.04357146795267297, 0.014373342755335512, 0.026948538302161932, 37.34841704130183, 8.756646541506954e6]
