Global Fit Results.
chi^2: 102.65692907977471
per 5 range=[10227.0 - 11688.0, length=100]
mu_1: 2.41960222844016e-6 ± 8.42020574083931e-8
P_1: 224.70076194797005 ± 7.765267284097513e-6
t01: 3503.765702657171 ± 0.00016287953390477908
ecos1: -0.0002855106831276123 ± 0.0014803783011138904
esin1: 0.001332028861132702 ± 0.0017721207655101532
mu_2: 3.0397761709479458e-6 ± 3.617172511837734e-8
P_2: 365.25636114787335 ± 3.0092311088849128e-5
t02: 3624.403360344797 ± 0.0003790640991991892
ecos2: 0.013075714748218382 ± 0.0012112947118092588
esin2: 0.003949156789531216 ± 0.0014336452947223154
mu_3: 3.1218056315371934e-7 ± 1.3807355480671092e-7
P_3: 686.1138124873466 ± 1.656390589244444
t03: 560.0821391902605 ± 21.7578692520119
ecos3: 0.12390322633703486 ± 0.07291433345051575
esin3: 0.1465104518260088 ± 0.10326966813774605
mu_4: 0.0011476141721684526 ± 6.593904879081498e-5
P_4: 4412.397724069405 ± 31.75419459810174
t04: 252.36514967475028 ± 64.99714322907214
ecos4: 0.025996322824092314 ± 0.007451157544443587
esin4: -0.025495576976246603 ± 0.0062115440490213844
mu_5: 0.009875153096108048 ± 0.0019316288963097871
P_5: 10962.789000308012 ± 444.78242746407017
t05: 3959.4854816911834 ± 183.6532399628767
ecos5: 0.05961003579535456 ± 0.0026470139744212053
esin5: 0.010819639646564549 ± 0.004426373899444805
Retrieved Earth masses:
[0.8055296548808547, 1.0119968568045576, 0.10393059584006151, 382.06166169684286, 3287.6183415204073]
 ± [0.028032398650982754, 0.01204222615955995, 0.04596720140372995, 21.952310421651053, 643.074444184738]
