Global Fit Results.
chi^2: 140.5297438840903
per 5 range=[10227.0 - 10957.5, length=100]
mu_1: 2.3794352645457535e-6 ± 5.792268991497594e-8
P_1: 224.70077337322635 ± 1.7643576605223793e-6
t01: 3503.765530360053 ± 4.594591332685189e-5
ecos1: 0.0018365416540983672 ± 0.0031441251571629
esin1: -0.0008716442248499064 ± 0.0025071873539582804
mu_2: 3.047437367439292e-6 ± 3.788328721892239e-8
P_2: 365.25646600837337 ± 5.415724613835067e-6
t02: 3624.402066026268 ± 8.646152936400212e-5
ecos2: 0.014511396765243949 ± 0.002538927623596825
esin2: 0.0022751667353629584 ± 0.0020061220631400413
mu_3: 2.596823829251349e-7 ± 5.496952253157111e-8
P_3: 688.277332399322 ± 1.1522219469329735
t03: 361.52586211720836 ± 20.12785027720742
ecos3: 0.00658682576819874 ± 0.055360888953870646
esin3: -0.15576287098531663 ± 0.03730983012805266
mu_4: 0.0010067098565073565 ± 7.13270393170966e-5
P_4: 4327.890955122211 ± 14.754318240626743
t04: 384.3122911236176 ± 36.81879305639488
ecos4: 0.033133016028180765 ± 0.0053444794840014544
esin4: -0.03969427890765541 ± 0.004955075169755107
mu_5: 0.0009565538951630721 ± 0.00035999272951394925
P_5: 9429.9230850184 ± 1403.7791888439451
t05: 6616.4023520231995 ± 400.7613491841903
ecos5: 0.08995273460530072 ± 0.00992450802130079
esin5: -0.02019818387087442 ± 0.01248125491750682
Retrieved Earth masses:
[0.7921573409595158, 1.014547408665153, 0.08645299538807863, 335.15204844240424, 318.454215320501]
 ± [0.01928351853397843, 0.012612036358919875, 0.018300355320125274, 23.74607061004984, 119.84813691956812]
