Global Fit Results.
chi^2: 117.96838198692538
per 5 range=[10227.0 - 10957.5, length=100]
mu_1: 2.332720205141369e-6 ± 5.494132365902744e-8
P_1: 224.70078461552643 ± 8.51377128477218e-6
t01: 3503.7652145641305 ± 0.00018447939749145832
ecos1: -0.0031356657433998488 ± 0.0017490971340282033
esin1: 0.002905633214069237 ± 0.0020957632364715963
mu_2: 3.0243104522902687e-6 ± 3.6459998751699465e-8
P_2: 365.2565762866694 ± 4.348806166109777e-5
t02: 3624.4007268390997 ± 0.0005345436537064587
ecos2: 0.01085123350538731 ± 0.0014256904101040144
esin2: 0.005164202247343305 ± 0.001625306882547291
mu_3: 6.424379934203723e-7 ± 1.246910687743341e-7
P_3: 686.3553264286783 ± 1.5407800617505352
t03: 398.2574129693623 ± 19.12278482130455
ecos3: 0.0438492269267587 ± 0.018155230918682028
esin3: -0.04763142755836533 ± 0.018296680931157733
mu_4: 0.0011646963073213194 ± 6.734544781463544e-5
P_4: 4342.969464392852 ± 22.832658930687394
t04: 4706.894682085235 ± 30.877364084278074
ecos4: 0.036656218512193875 ± 0.0046562897079430446
esin4: -0.026132593289253894 ± 0.004667582941569573
mu_5: 0.007788628111249661 ± 0.0022596082410516463
P_5: 11950.60755174963 ± 531.688366910773
t05: 7118.877438830965 ± 227.06446586089777
ecos5: 0.04138997585893718 ± 0.007838505524877705
esin5: -0.011952706050104305 ± 0.004912768801663151
Retrieved Earth masses:
[0.7766050467694037, 1.006848037355489, 0.21387931001199273, 387.7486156401725, 2592.9761680269617]
 ± [0.018290967401813275, 0.012138197702994558, 0.041511928041687345, 22.420526274226628, 752.2647421901577]
