Global Fit Results. Per=[10665.3 - 10811.4, length=10]
mu_1: 2.483302021015109e-6 ± 1.5997818184377597e-7
P_1: 224.7007787918271 ± 3.8058208975666226e-6
t01: 3503.7654076594263 ± 0.00010603890773543097
ecos1: -0.00839640891538558 ± 0.008060541966044851
esin1: 0.010265070871757537 ± 0.0071756740655004505
mu_2: 2.9887850925267293e-6 ± 1.0664821186876828e-7
P_2: 365.2564734343135 ± 1.431091591475563e-5
t02: 3624.401864865303 ± 0.0002278511553650264
ecos2: 0.007277625474447575 ± 0.006644825629223006
esin2: 0.011111498368066111 ± 0.00549830540781445
mu_3: 1.063605379296973e-6 ± 3.7091592280662187e-7
P_3: 781.5156939417275 ± 2.5966569021592254
t03: 457.98035923765747 ± 31.709865987315613
ecos3: 0.13955279877605578 ± 0.03765314091659145
esin3: 0.09231081488495162 ± 0.03493718614359791
mu_4: 0.0009940459835751064 ± 0.0002011405689770184
P_4: 4316.749840208587 ± 56.48412532310364
t04: 4690.122528957145 ± 89.53325463909573
ecos4: 0.025180893840539564 ± 0.017510762195267624
esin4: -0.015988169837186934 ± 0.014669085396588824
mu_5: 0.0019234228216729796 ± 0.0006558132395367316
P_5: 8135.96800246355 ± 619.6957473422659
t05: 7313.72160260852 ± 261.4566886010805
ecos5: 0.07034963640671876 ± 0.008609365450501625
esin5: -0.010353121963196349 ± 0.013858466778509992
Retrieved Earth masses: [0.826736476120212, 0.9950209979960937, 0.3540936043305104, 330.93601447092504, 640.342492464568] ± [0.053259650736956064, 0.03550513232734601, 0.12348466693256777, 66.96335918612893, 218.33217307411803]
Retrieved eccentricity:[0.011874315363368654, 0.010292116647835692, 0.19735746069622154, 0.035611161581968184, 0.09948940991439773] ± [0.01139932776845812, 0.00939720252445151, 0.05324958255018894, 0.024763957384037544, 0.01217548138352575]
