Global Fit Results.
per 3 range=[1826.25 - 5478.75, length=200]
mu_1: 2.375494710206956e-6 ± 3.4408930904749524e-7
P_1: 224.70078072322195 ± 9.719587571158982e-6
t01: 3503.7654005881554 ± 0.0002192494940938006
ecos1: 0.0017336520162144712 ± 0.013609672888922914
esin1: -0.004341988897870333 ± 0.015012807238443464
mu_2: 3.0627780865790525e-6 ± 2.2674250887103839e-7
P_2: 365.2564696847483 ± 2.0955141689492416e-5
t02: 3624.402121589934 ± 0.00029486515319024055
ecos2: 0.014804234686851441 ± 0.010622812583899348
esin2: -0.0007871696544670724 ± 0.012129230413385927
mu_3: 0.0009337002021711884 ± 0.0003135823642800458
P_3: 4234.639767170124 ± 84.38915705782559
t03: 4790.602098659605 ± 161.2588843831401
ecos3: 0.036716798576443006 ± 0.03536406897883609
esin3: -0.04755927507753671 ± 0.023569252680529958
Retrieved Earth masses:
[0.790845458642968, 1.0196546134978421, 310.84580464368787]
 ± [0.11455359856562287, 0.07548671131595622, 104.39728096881066]
Retrieved eccentricity:
[0.002451754193765966, 0.02093634947469952, 0.051925394513726846]
 ± [0.019246983978976208, 0.01502292562669804, 0.05001234597056765]
