Global Fit Results.
chi^2: 0.543689672578925
per 4 range=[547.875 - 1826.25, length=200]
mu_1: 2.5419538605098434e-6 ± 8.241476116028693e-7
P_1: 224.70078762151527 ± 3.354363179242272e-5
t01: 3503.7653956975755 ± 0.0005050924331720956
ecos1: 0.014645354073548219 ± 0.048122726632498176
esin1: 0.013480326657023084 ± 0.02951841192902745
mu_2: 3.098519846922966e-6 ± 5.657006883503085e-7
P_2: 365.2562710758479 ± 0.0002766850708621562
t02: 3624.403845742757 ± 0.0023910512150276263
ecos2: 0.024249186986785163 ± 0.03977887489191211
esin2: 0.012966797749141099 ± 0.022363128274883595
mu_3: 9.13708974702689e-6 ± 1.6005272310203825e-5
P_3: 1246.5368287810684 ± 33.22291547377152
t03: 712.1483868204467 ± 167.41162216288407
ecos3: 0.22470633252619213 ± 0.2508480832077771
esin3: 0.11771959380439366 ± 0.2629082427189408
mu_4: 0.0016571275844313779 ± 0.0027290334169685288
P_4: 4904.910727141079 ± 598.4403133879306
t04: -670.5757182655785 ± 1045.7594904196435
ecos4: 0.03473630240941363 ± 0.08513924699829081
esin4: -0.04234162046074101 ± 0.05900982966929512
Retrieved Earth masses:
[0.8462627418307451, 1.0315536965521785, 3.0419036087939344, 551.6879574214548]
 ± [0.2743737517440291, 0.18833206338483738, 5.3284466879599925, 908.5449338283028]
Retrieved eccentricity:
[0.020711658356567946, 0.034293529113232746, 0.3177827430096594, 0.049124549974085975]
 ± [0.06805581266205186, 0.0562558243680847, 0.354752761367733, 0.12040507779521568]
