Global Fit Results.
chi^2: 1.5394057449621787
per 4 range=[547.875 - 1826.25, length=200]
mu_1: 2.3646591768745028e-6 ± 5.85742207118189e-7
P_1: 224.70077011230467 ± 2.0681997952566972e-5
t01: 3503.7655698644076 ± 0.0004243750898589444
ecos1: -0.00049698008447834 ± 0.02099444181686673
esin1: -0.001386173485955518 ± 0.022397986379443378
mu_2: 3.039707972440548e-6 ± 3.6561278271693486e-7
P_2: 365.2564603056849 ± 3.589911690946353e-5
t02: 3624.4021788275327 ± 0.0005277187026424909
ecos2: 0.012637938383883284 ± 0.016362881847285158
esin2: 0.0019360455876078389 ± 0.0180549776280382
mu_3: 2.4065663015022044e-7 ± 4.6672143183626085e-7
P_3: 686.7264667080445 ± 11.76603928066848
t03: 388.6596513280508 ± 137.8063054859857
ecos3: -0.0679087693074191 ± 0.3681256714370101
esin3: -0.17877041872038607 ± 0.3964804384235545
mu_4: 0.0011157028356852479 ± 0.000677201054162758
P_4: 4366.233388148606 ± 180.7099946914026
t04: 326.9906987370255 ± 410.19839777260563
ecos4: 0.032269000069988354 ± 0.05172569992514132
esin4: -0.033373124988508314 ± 0.03269921098914172
Retrieved Earth masses:
[0.7872381122274507, 1.0119741522792098, 0.08011897573539159, 371.4377965168731]
 ± [0.19500425003875135, 0.12171915500006127, 0.15538006598503162, 225.45256614197592]
Retrieved eccentricity:
[0.0007028359756985948, 0.017872743862923254, 0.09603750255861786, 0.04563525754319588]
 ± [0.02969062435186577, 0.023140609427939194, 0.5206083172039215, 0.07315118635737584]
