Global Fit Results.
per 3 range=[1826.25 - 5478.75, length=200]
mu_1: 2.3106914995911277e-6 ± 5.639981769395414e-8
P_1: 224.70077736814818 ± 1.4339114732757579e-6
t01: 3503.7654523210936 ± 3.49716850223691e-5
ecos1: 0.003864548243117264 ± 0.002222779862528603
esin1: -0.004852323059728712 ± 0.002408596479035516
mu_2: 3.0721584956908336e-6 ± 3.696099315401691e-8
P_2: 365.25646141337484 ± 3.011977972720258e-6
t02: 3624.40220759651 ± 4.6224559691592494e-5
ecos2: 0.016358408674539752 ± 0.0017280796123520052
esin2: -0.0013264842992593891 ± 0.0019462121058815057
mu_3: 0.0009802019935910519 ± 5.2023382824201016e-5
P_3: 4254.096120800699 ± 13.038760220579103
t03: 557.3745652582178 ± 32.9787923068174
ecos3: 0.04116970125543114 ± 0.005109067964679892
esin3: -0.03792605326074621 ± 0.0031139172231884386
Retrieved Earth masses:
[0.7692712894390522, 1.0227775225552227, 326.32709803707854]
 ± [0.01877652663249628, 0.01230498786513463, 17.319531747633135]
Retrieved eccentricity:
[0.005465296537861552, 0.023134283406375803, 0.058222749874279354]
 ± [0.0031434854277577542, 0.0024438736246486467, 0.007225313206736208]
