Global Fit Results.
per 3 range=[1826.25 - 5478.75, length=200]
mu_1: 2.605235212784148e-6 ± 6.931900908624798e-7
P_1: 224.70079746894703 ± 2.35875187576841e-5
t01: 3503.765221213122 ± 0.00035760303399418156
ecos1: 0.021596394510690613 ± 0.04253133346736983
esin1: 0.0028302593794931803 ± 0.03487198143333864
mu_2: 3.194160104159854e-6 ± 4.4151105615057414e-7
P_2: 365.25642049770477 ± 5.911471462081437e-5
t02: 3624.4024921106625 ± 0.0005950014525052319
ecos2: 0.030663142719526533 ± 0.033188148075747846
esin2: 0.003855660591375231 ± 0.02760313940957401
mu_3: 0.0006950048093303378 ± 0.0005228590048035242
P_3: 4346.461067409503 ± 381.1227795738935
t03: 307.34914833887194 ± 616.4181485862827
ecos3: 0.0024597350842435455 ± 0.10023182343087784
esin3: -0.07399241988128548 ± 0.0664278123691661
Retrieved Earth masses:
[0.8673302566721313, 1.0633940802727757, 231.37976053250568]
 ± [0.23077560769947492, 0.14698707271249706, 174.06928657122717]
Retrieved eccentricity:
[0.030541914015378528, 0.04336423229893625, 0.0034785907159821496]
 ± [0.06014838861536712, 0.04693512911876914, 0.14174920407733282]
