Global Fit Results.
chi^2: 139.11408276676295
per 4 range=[547.875 - 1826.25, length=200]
mu_1: 2.464534952438939e-6 ± 6.990765676751432e-8
P_1: 224.70076729851786 ± 2.907896585882479e-6
t01: 3503.7655942322476 ± 5.222573078506064e-5
ecos1: -0.0020940185915051387 ± 0.0021224506870284694
esin1: 0.00205256900714174 ± 0.0022943064929008077
mu_2: 3.0396640460828954e-6 ± 3.721042151424097e-8
P_2: 365.2564572127601 ± 4.032250865702894e-6
t02: 3624.402201875393 ± 5.517802838785061e-5
ecos2: 0.011904930278376918 ± 0.0016306391198508978
esin2: 0.004514431119095194 ± 0.0018304373802176855
mu_3: 2.698149948089862e-7 ± 5.2374524929853835e-8
P_3: 684.7302685434904 ± 1.1555071914078607
t03: 396.24306342652704 ± 15.243593793130742
ecos3: -0.037256882597243725 ± 0.045923154568828
esin3: -0.2037362483221636 ± 0.03958588045470443
mu_4: 0.0012225146091444108 ± 8.276470496212189e-5
P_4: 4385.408855155934 ± 18.266439987124983
t04: 265.4967188924108 ± 41.72870876893793
ecos4: 0.034781015798185835 ± 0.004839364504126988
esin4: -0.031525490922296485 ± 0.0035303045696376475
Retrieved Earth masses:
[0.8204885771492173, 1.0119595283946288, 0.08982632644964829, 406.9973814769344]
 ± [0.02327353230525335, 0.012388027109588588, 0.017436433350655298, 27.553877840257016]
Retrieved eccentricity:
[0.0029613894919679733, 0.016836113858786743, 0.05268918866076422, 0.04918778425490729]
 ± [0.003001598547063755, 0.0023060719586292665, 0.06494514801819253, 0.006843894915003334]
