Global Fit Results.
chi^2: 1.3601192042958332
per 4 range=[547.875 - 1826.25, length=200]
mu_1: 2.554831773048532e-6 ± 7.422070635262383e-7
P_1: 224.70077119378783 ± 3.9834699487251194e-5
t01: 3503.7655292451536 ± 0.0006143425360147177
ecos1: 0.001359464149434964 ± 0.02616509944421954
esin1: 0.004136388619269065 ± 0.02582654017140981
mu_2: 3.0760890180906895e-6 ± 3.8727281360203787e-7
P_2: 365.2564572488242 ± 3.986424226461675e-5
t02: 3624.402190179292 ± 0.0005003938258694908
ecos2: 0.014014622011145396 ± 0.020197058882232607
esin2: 0.006037493034920014 ± 0.02058575415957751
mu_3: 2.8796011247064097e-7 ± 5.775007483715015e-7
P_3: 682.5760093090132 ± 14.89796231875014
t03: 414.2469196867377 ± 163.12167904355127
ecos3: 0.0015453025111523756 ± 0.4577436856004125
esin3: -0.18352614084020744 ± 0.3360082615132217
mu_4: 0.0011021116132606777 ± 0.0008463551782013479
P_4: 4351.294541607702 ± 201.8516531744653
t04: 288.8632401449541 ± 394.60983051910154
ecos4: 0.025217244122983963 ± 0.05898811268348182
esin4: -0.03944434047327663 ± 0.04021553007114375
Retrieved Earth masses:
[0.8505500334859373, 1.0240860650565655, 0.0958671666323704, 366.91303100773774]
 ± [0.24709425074296237, 0.12893017381898247, 0.19226051830388113, 281.7670551752912]
Retrieved eccentricity:
[0.0019225726376909302, 0.01981966851969432, 0.0021853877692408906, 0.035662568644397145]
 ± [0.037003038494856005, 0.028562954591301336, 0.6473473282667493, 0.08342178897577238]
