Global Fit Results.
per 3 range=[1826.25 - 5478.75, length=200]
mu_1: 2.4541598016163536e-6 ± 5.684085757974808e-7
P_1: 224.70078887713154 ± 1.734300721267641e-5
t01: 3503.765301542807 ± 0.00034863988411641526
ecos1: 0.01482087721972172 ± 0.035490253735242235
esin1: -0.0010375374312237714 ± 0.033446205485642644
mu_2: 3.1672938301053912e-6 ± 4.202473167862196e-7
P_2: 365.2564601763195 ± 3.653332884776052e-5
t02: 3624.4021865679474 ± 0.00046247575567959486
ecos2: 0.02374130866154026 ± 0.027636146701397996
esin2: 0.0015076727828357928 ± 0.026620457035128355
mu_3: 0.000674215999667571 ± 0.0005029463758623686
P_3: 4201.470345676156 ± 144.37300353869492
t03: 549.8172520199684 ± 362.10393404052354
ecos3: 0.0088884385444136 ± 0.09900983941283607
esin3: -0.06988704238903304 ± 0.06440941555554464
Retrieved Earth masses:
[0.8170345004570985, 1.0544498082711014, 224.458787127787]
 ± [0.18923356844014688, 0.13990798655927955, 167.44000968835692]
Retrieved eccentricity:
[0.020959885570396908, 0.033575280697636066, 0.012570150337829484]
 ± [0.05019079816444196, 0.039083413476849516, 0.14002105770601497]
