Global Fit Results.
per 3 range=[1826.25 - 5478.75, length=200]
mu_1: 2.605216900368567e-6 ± 9.531353119560342e-7
P_1: 224.70079746902692 ± 3.2432881248170395e-5
t01: 3503.765221211105 ± 0.000491709724977116
ecos1: 0.021594636096381438 ± 0.05847740252647874
esin1: 0.0028295864354081724 ± 0.04794905669803226
mu_2: 3.194148549505234e-6 ± 6.07064318674967e-7
P_2: 365.25642049931076 ± 8.128183365468147e-5
t02: 3624.4024920918478 ± 0.0008181327011524814
ecos2: 0.030661750081261218 ± 0.0456311072857696
esin2: 0.003855155397727019 ± 0.03795428696647207
mu_3: 0.0006950177257107798 ± 0.0007189450043862986
P_3: 4346.445641206185 ± 524.0605554790309
t03: 307.3753764871439 ± 847.5904385575676
ecos3: 0.002462690100537035 ± 0.13781355823906571
esin3: -0.0739908352261114 ± 0.09133303808629235
Retrieved Earth masses:
[0.8673241601354239, 1.0633902335177847, 231.38406063082658]
 ± [0.3173161067014153, 0.2021027693580756, 239.3498875370756]
Retrieved eccentricity:
[0.03053942724201422, 0.04336226281101396, 0.0034827697401014356]
 ± [0.08269953574529693, 0.06453213078963711, 0.19489780314058114]
