Global Fit Results.
chi^2: 162.7518925153423
per 4 range=[547.875 - 1826.25, length=200]
mu_1: 2.32267702937594e-6 ± 5.523551209989322e-8
P_1: 224.70077310713023 ± 1.554606116695902e-6
t01: 3503.765531414034 ± 3.7239741832018415e-5
ecos1: -0.00014724580925313407 ± 0.0021001262091910047
esin1: -0.0021572405270000963 ± 0.0022623601605836915
mu_2: 3.0363334695274396e-6 ± 3.526733940280801e-8
P_2: 365.2564581178755 ± 3.0597427258390856e-6
t02: 3624.402196002674 ± 4.959212431351089e-5
ecos2: 0.01286375597331499 ± 0.0016482998776436966
esin2: 0.0012914312133302259 ± 0.0018230930139347258
mu_3: 2.2046790428175932e-7 ± 4.479489155362544e-8
P_3: 688.1663712147498 ± 1.0506946152162069
t03: 379.6748886231746 ± 13.315469678835905
ecos3: -0.08170453810206027 ± 0.03210060184715375
esin3: -0.16758115502844378 ± 0.04176687881059719
mu_4: 0.0010654596671921903 ± 5.8675172573180026e-5
P_4: 4340.630319700483 ± 15.452687905902934
t04: 4710.686455547353 ± 27.95482538577357
ecos4: 0.03233754411136645 ± 0.005201691344721706
esin4: -0.03498136766707375 ± 0.003193545628018626
Retrieved Earth masses:
[0.7732614906207349, 1.0108507187928952, 0.07339778115631829, 354.71093054666585]
 ± [0.01838890809241733, 0.011741139681469136, 0.01491303533675416, 19.534033717359513]
Retrieved eccentricity:
[0.00020823702044838399, 0.018192098160519973, 0.11554766589136294, 0.04573219345613264]
 ± [0.0029700269677331147, 0.002331048041821629, 0.04539710649258366, 0.007356302446984178]
