Global Fit Results.
per 3 range=[1826.25 - 5478.75, length=200]
mu_1: 2.426330892510968e-6 ± 5.606114737660609e-7
P_1: 224.7007747964104 ± 1.2978456231866678e-5
t01: 3503.7654877581685 ± 0.00036104985075700993
ecos1: 0.004100687876998259 ± 0.025943352266709654
esin1: -0.0024603709900877075 ± 0.028371942414831566
mu_2: 3.0787840807428237e-6 ± 3.842803783358356e-7
P_2: 365.2564513106032 ± 2.8777123187636228e-5
t02: 3624.402294123122 ± 0.0004894859068271926
ecos2: 0.016539488655642757 ± 0.02025557811530928
esin2: 0.0004557444221209525 ± 0.022826836102403405
mu_3: 0.0008651903950952258 ± 0.0005329354975476832
P_3: 4240.853057388721 ± 130.95795091506406
t03: 579.0201175772302 ± 377.8800045954123
ecos3: 0.02600632894728625 ± 0.06747008864153001
esin3: -0.03723602885156934 ± 0.0404958430294228
Retrieved Earth masses:
[0.8077697497125832, 1.0249833005040034, 288.0376419625718]
 ± [0.18663777114974286, 0.1279339376116819, 177.42393454898362]
Retrieved eccentricity:
[0.005799248410709872, 0.023390369171525933, 0.03677850310478823]
 ± [0.03668944062900357, 0.028645713284378038, 0.09541711441136665]
