Global Fit Results.
per 3 range=[1826.25 - 5478.75, length=200]
mu_1: 2.5985880793613032e-6 ± 2.6630911540799266e-7
P_1: 224.70078815706242 ± 7.615967521465579e-6
t01: 3503.7653055142628 ± 0.00012803297119901922
ecos1: 0.025717497093697566 ± 0.01659636254415647
esin1: 0.0020810415886105505 ± 0.01344232015229108
mu_2: 3.182049771356801e-6 ± 1.6377218466993471e-7
P_2: 365.2564307392123 ± 2.1816259973403694e-5
t02: 3624.4024172623135 ± 0.00021528497699230227
ecos2: 0.03294772609194167 ± 0.013031586815873885
esin2: 0.003758826742339756 ± 0.010526882149358261
mu_3: 0.000632034517455844 ± 0.00018246837990507333
P_3: 4324.374927403051 ± 109.57757269262453
t03: 4659.638014011445 ± 116.95979277405
ecos3: -0.008826980621402171 ± 0.041773065681044726
esin3: -0.08102045824014396 ± 0.028368162033640384
Retrieved Earth masses:
[0.86511730487819, 1.0593623298930348, 210.41580336417883]
 ± [0.08865915533749534, 0.05452274338551212, 60.74704733032011]
Retrieved eccentricity:
[0.036370033180197756, 0.0465951210885778, 0.01248323570959144]
 ± [0.023470800996006923, 0.018429446814251266, 0.05907603602803554]
