Global Fit Results.
per 3 range=[1826.25 - 5478.75, length=200]
mu_1: 2.6052275217951952e-6 ± 1.0397770943141922e-6
P_1: 224.70079746897278 ± 3.538120808149212e-5
t01: 3503.7652212129246 ± 0.0005364056614288482
ecos1: 0.021595651632726327 ± 0.06379458912445331
esin1: 0.0028302943959672747 ± 0.05230920363077358
mu_2: 3.1941557344538894e-6 ± 6.622586246322228e-7
P_2: 365.2564204977694 ± 8.867394886244045e-5
t02: 3624.4024921098703 ± 0.0008925073702282906
ecos2: 0.030662567088098926 ± 0.049780148936341605
esin2: 0.0038557083203565583 ± 0.041405612306259686
mu_3: 0.0006950139427668696 ± 0.0007843041648266764
P_3: 4346.4603838203275 ± 571.6838478705704
t03: 4653.81102382828 ± 480.8498130887976
ecos3: 0.002461532815231877 ± 0.15034503093102156
esin3: -0.07399149759520215 ± 0.09963856564226815
Retrieved Earth masses:
[0.8673276962018177, 1.063392625518066, 231.38280121989257]
 ± [0.3461607342277431, 0.2204779591750394, 261.10914256420494]
Retrieved eccentricity:
[0.030540863427286246, 0.0433634182331644, 0.0034811330915273464]
 ± [0.09021917314582101, 0.0703997617627269, 0.21261998177805316]
