Global Fit Results.
per 3 range=[1826.25 - 5478.75, length=200]
mu_1: 2.4263346648709374e-6 ± 1.5289368819901134e-7
P_1: 224.7007747963962 ± 3.5395774249050926e-6
t01: 3503.765487758191 ± 9.846808069713286e-5
ecos1: 0.0041005118087877514 ± 0.007075443330513159
esin1: -0.0024595590293989317 ± 0.007737635551166229
mu_2: 3.0787827260964655e-6 ± 1.0480366704482751e-7
P_2: 365.2564513102987 ± 7.848322986185306e-6
t02: 3624.4022941278818 ± 0.00013349564313215161
ecos2: 0.016539324332245513 ± 0.005524245109692579
esin2: 0.0004564101753660402 ± 0.00622531944185444
mu_3: 0.0008651939289727441 ± 0.0001453462668852057
P_3: 4240.856501881218 ± 35.71490801513348
t03: 4819.859379881347 ± 82.65124217264166
ecos3: 0.026007002115136478 ± 0.018400768397673427
esin3: -0.03723709193000382 ± 0.01104436557279003
Retrieved Earth masses:
[0.8077710055999305, 1.024982849517556, 288.0388184547672]
 ± [0.050901093758625025, 0.03489104975708853, 48.38841972704685]
Retrieved eccentricity:
[0.005798999412658669, 0.02339013678314894, 0.036779455107891774]
 ± [0.010006187917813972, 0.007812462356000492, 0.026022616226076004]
