Global Fit Results.
chi^2: 18.08354360325442
per 4 range=[547.875 - 1826.25, length=200]
mu_1: 2.322677594111252e-6 ± 1.6570651292635546e-7
P_1: 224.70077310725742 ± 4.663803712056661e-6
t01: 3503.7655314109797 ± 0.00011172004928483426
ecos1: -0.00014723586950377907 ± 0.006300366579112548
esin1: -0.0021573890782816334 ± 0.006787118259407927
mu_2: 3.0363339124804954e-6 ± 1.0580202974259394e-7
P_2: 365.25645811810057 ± 9.179208829104303e-6
t02: 3624.402195998941 ± 0.00014877634564771795
ecos2: 0.01286378462818471 ± 0.004944894936901697
esin2: 0.0012912966167200873 ± 0.005469308939377248
mu_3: 2.2045394983993206e-7 ± 1.3439160774086942e-7
P_3: 688.166353498122 ± 3.152115091983213
t03: 379.6708131132768 ± 39.95075532142112
ecos3: -0.08169855049504471 ± 0.09631902347579595
esin3: -0.16759392665413533 ± 0.1253191369701188
mu_4: 0.0010654578200742324 ± 0.0001760245665802778
P_4: 4340.630353475376 ± 46.35817988373007
t04: 4710.688087010965 ± 83.86478631347657
ecos4: 0.03233713216386204 ± 0.015605067661539672
esin4: -0.034981277010855745 ± 0.009580607252969503
Retrieved Earth masses:
[0.7732616786314068, 1.0108508662600357, 0.07339313546845395, 354.7103156074524]
 ± [0.05516671649584662, 0.03522342288434266, 0.044741414158878175, 58.60178450049314]
Retrieved eccentricity:
[0.00020822296352003954, 0.01819213868462536, 0.11553919813631536, 0.045731610874384925]
 ± [0.008910063864103146, 0.00699313748427643, 0.13621566931400317, 0.022068898328699203]
