Global Fit Results.
per 3 range=[1826.25 - 5478.75, length=200]
mu_1: 2.4263346648709374e-6 ± 3.057873763980227e-7
P_1: 224.7007747963962 ± 7.079154849810185e-6
t01: 3503.765487758191 ± 0.00019693616139426572
ecos1: 0.0041005118087877514 ± 0.014150886661026318
esin1: -0.0024595590293989317 ± 0.015475271102332457
mu_2: 3.0787827260964655e-6 ± 2.0960733408965502e-7
P_2: 365.2564513102987 ± 1.5696645972370613e-5
t02: 3624.4022941278818 ± 0.00026699128626430323
ecos2: 0.016539324332245513 ± 0.011048490219385159
esin2: 0.0004564101753660402 ± 0.01245063888370888
mu_3: 0.0008651939289727441 ± 0.0002906925337704114
P_3: 4240.856501881218 ± 71.42981603026696
t03: 4819.859379881347 ± 165.30248434528332
ecos3: 0.026007002115136478 ± 0.036801536795346854
esin3: -0.03723709193000382 ± 0.02208873114558006
Retrieved Earth masses:
[0.8077710055999305, 1.024982849517556, 288.0388184547672]
 ± [0.10180218751725005, 0.06978209951417706, 96.7768394540937]
Retrieved eccentricity:
[0.005798999412658669, 0.02339013678314894, 0.036779455107891774]
 ± [0.020012375835627944, 0.015624924712000984, 0.05204523245215201]
