Global Fit Results.
per 3 range=[1826.25 - 5478.75, length=200]
mu_1: 2.4263384760688576e-6 ± 4.077182347502131e-7
P_1: 224.7007747964014 ± 9.438875122147457e-6
t01: 3503.7654877579016 ± 0.00026258153623569963
ecos1: 0.004100771304154344 ± 0.018868022623084443
esin1: -0.002459382021913308 ± 0.020633890551640166
mu_2: 3.0787842461653136e-6 ± 2.7947706120897424e-7
P_2: 365.2564513102665 ± 2.0928888208380858e-5
t02: 3624.4022941283647 ± 0.0003559885446237528
ecos2: 0.016539520427238694 ± 0.01473147146385514
esin2: 0.00045653824046356354 ± 0.016600997755802944
mu_3: 0.0008651876871310549 ± 0.0003875892462963058
P_3: 4240.856505970802 ± 95.23994638518023
t03: 4819.857121963274 ± 220.40483749708528
ecos3: 0.026006330519720518 ± 0.04906919785646779
esin3: -0.0372375982166516 ± 0.029452121714763586
Retrieved Earth masses:
[0.8077722744171391, 1.0249833555761634, 288.0367404319737]
 ± [0.13573682693237485, 0.09304300434865807, 129.035520026723]
Retrieved eccentricity:
[0.005799366394525478, 0.023390414103347808, 0.036778505328546096]
 ± [0.026683413488728398, 0.02083344673789617, 0.06939432510338554]
