Global Fit Results.
chi^2: 0.4493303081316893
per 4 range=[547.875 - 1826.25, length=200]
mu_1: 2.5419540661804324e-6 ± 9.065758134568494e-7
P_1: 224.7007876216072 ± 3.6897798800694376e-5
t01: 3503.765395696084 ± 0.0005555899612438189
ecos1: 0.014645762961586848 ± 0.05293932591921386
esin1: 0.01348031208721896 ± 0.03247091066600568
mu_2: 3.0985232875662207e-6 ± 6.223191221022919e-7
P_2: 365.25627107814734 ± 0.0003043798033731804
t02: 3624.4038457233514 ± 0.002630390106809424
ecos2: 0.02424952508863712 ± 0.04376048433880972
esin2: 0.01296676936563217 ± 0.024599953031577436
mu_3: 9.136967840538489e-6 ± 1.7606747257829447e-5
P_3: 1246.5368502283695 ± 36.54723005205691
t03: 712.1477082415564 ± 184.16155342945615
ecos3: 0.22470706908782095 ± 0.27592402645431924
esin3: 0.11771740254622552 ± 0.28919986695623323
mu_4: 0.0016571022229425142 ± 0.003002102160658216
P_4: 4904.9076022372465 ± 658.3382982126353
t04: -670.5683531818829 ± 1150.4305179069804
ecos4: 0.034735525629206954 ± 0.0936565721983802
esin4: -0.04234208752793428 ± 0.06491701334409218
Retrieved Earth masses:
[0.8462628103022305, 1.0315548420049894, 3.0418630239034194, 551.6795141198529]
 ± [0.3018156015701846, 0.20718137128514116, 5.8616068688765255, 999.4544925473432]
Retrieved eccentricity:
[0.02071223661157767, 0.034294007261457246, 0.3177837846651045, 0.049123451440982714]
 ± [0.07486751269784175, 0.06188667044796013, 0.39021550039629094, 0.13245039460832422]
