Global Fit Results.
per 3 range=[1826.25 - 5478.75, length=200]
mu_1: 2.428450766991888e-6 ± 4.38332660918419e-7
P_1: 224.7007765184828 ± 1.0357084965584403e-5
t01: 3503.76546202796 ± 0.00027073444712673653
ecos1: 0.004724267910947895 ± 0.019953229033327132
esin1: -0.0022481021974253505 ± 0.021321533339581176
mu_2: 3.0718665947373993e-6 ± 2.913074943624828e-7
P_2: 365.25645098025575 ± 2.1679240191645013e-5
t02: 3624.402303861666 ± 0.0003578837544508568
ecos2: 0.017305799447786804 ± 0.015611345711625639
esin2: 0.0007614899722016687 ± 0.017117384601837038
mu_3: 0.0008726573180149068 ± 0.0004031955211674479
P_3: 4251.400707996674 ± 104.13668682800746
t03: 559.576384810664 ± 282.01134053150383
ecos3: 0.027760307755463696 ± 0.04962887474120539
esin3: -0.03694999871133371 ± 0.0289999494536692
Retrieved Earth masses:
[0.8084754945407762, 1.0226803434108511, 290.52351661246837]
 ± [0.14592892704527163, 0.09698157103669601, 134.23113319948453]
Retrieved eccentricity:
[0.006681123751946522, 0.02447409628676892, 0.03925900372342777]
 ± [0.02821812711206783, 0.022077776832276037, 0.07018582774432819]
