Global Fit Results.
chi^2: 0.7650670536839567
per 4 range=[547.875 - 1826.25, length=200]
mu_1: 2.5548365275989956e-6 ± 9.895944517583811e-7
P_1: 224.70077119359632 ± 5.311182390126685e-5
t01: 3503.7655292451054 ± 0.000819150664929533
ecos1: 0.001359446569964176 ± 0.03488805285197782
esin1: 0.004136275021784866 ± 0.034434724397819125
mu_2: 3.076089339106739e-6 ± 5.163585929119146e-7
P_2: 365.2564572488022 ± 5.3153390397184135e-5
t02: 3624.40219017905 ± 0.000667205705573814
ecos2: 0.014014618837358434 ± 0.02693037008874318
esin2: 0.0060374021672533265 ± 0.027447181940581475
mu_3: 2.879648725392961e-7 ± 7.699989002944234e-7
P_3: 682.5758446675835 ± 19.863417218801125
t03: 414.24794776485004 ± 217.49473274704158
ecos3: 0.0015518200222126293 ± 0.6103543359766737
esin3: -0.18352364042608788 ± 0.44799734657504336
mu_4: 0.001102114514316313 ± 0.0011284725368266788
P_4: 4351.294315676191 ± 269.12933089566866
t04: 288.86421178512506 ± 526.1374582400657
ecos4: 0.025216849934057844 ± 0.07865354797507956
esin4: -0.03944430775091997 ± 0.05362065033199208
Retrieved Earth masses:
[0.8505516163623905, 1.0240861719286556, 0.0958687513459303, 366.9139968220014]
 ± [0.32945401844452465, 0.17190518104756536, 0.25634665943115137, 375.6890626268484]
Retrieved eccentricity:
[0.0019225477765649223, 0.019819664031281752, 0.002194604921775218, 0.03566201117707169]
 ± [0.04933915750805637, 0.038085294619227335, 0.8631713797914365, 0.1112329142751204]
