Global Fit Results.
chi^2: 1.7214008692830065
per 4 range=[547.875 - 1826.25, length=200]
mu_1: 2.554815812102447e-6 ± 6.597417951663181e-7
P_1: 224.70077119461868 ± 3.5408231194191365e-5
t01: 3503.765529239604 ± 0.0005460828451375826
ecos1: 0.0013598836296027541 ± 0.023258388468356227
esin1: 0.004136285454154487 ± 0.022958149200354903
mu_2: 3.076092591619816e-6 ± 3.442417033144015e-7
P_2: 365.25645724867326 ± 3.543592476727366e-5
t02: 3624.4021901814563 ± 0.0004448013275773341
ecos2: 0.014014960091326696 ± 0.017953310465579367
esin2: 0.006037372221226014 ± 0.01829945208472227
mu_3: 2.8794207171075113e-7 ± 5.133317630163698e-7
P_3: 682.5763923413979 ± 13.24310136399622
t03: 414.2406797740044 ± 145.00551366040534
ecos3: 0.0015516619334260944 ± 0.40694261497303114
esin3: -0.18353228767116248 ± 0.2986960680054018
mu_4: 0.0011020957669180377 ± 0.0007523040907565175
P_4: 4351.296184687159 ± 179.41988022295993
t04: 4640.161767182775 ± 263.0046489880226
ecos4: 0.025216336296360938 ± 0.05243577598981788
esin4: -0.03944384306596903 ± 0.035747161680210554
Retrieved Earth masses:
[0.850544719796257, 1.0240872547495035, 0.09586116053479078, 366.90775547163196]
 ± [0.21964006080181336, 0.11460433339293619, 0.17089749424165884, 250.45573502518377]
Retrieved eccentricity:
[0.0019231658722333655, 0.019820146637271885, 0.0021943813504692413, 0.03566128478367458]
 ± [0.032892328410891375, 0.025389815149917165, 0.5755037652024332, 0.07415538555835795]
