Global Fit Results.
chi^2: 0.5430060533856018
per 4 range=[547.875 - 1826.25, length=200]
mu_1: 2.55577690797901e-6 ± 1.112497585465584e-6
P_1: 224.70079906850953 ± 2.9427841133013116e-5
t01: 3503.765175432654 ± 0.000478454114466554
ecos1: 0.009191888636353972 ± 0.05901021241659902
esin1: -0.0007981383247432082 ± 0.053308309279915124
mu_2: 3.0597135951730916e-6 ± 5.850859534484529e-7
P_2: 365.2565156460835 ± 0.00014792042504523545
t02: 3624.4016385889086 ± 0.0012656136362056312
ecos2: 0.02095565915633832 ± 0.0463014894995795
esin2: 0.002901509477767044 ± 0.042117116084751945
mu_3: 1.0443590409834213e-7 ± 6.25367840969998e-7
P_3: 622.5465641889754 ± 10.7893295076671
t03: 593.4486933758452 ± 345.0054463044876
ecos3: 0.5085971534717516 ± 2.8341102342249895
esin3: 0.119125814482904 ± 1.8135796326637008
mu_4: 0.00045127941706602696 ± 0.0005922529757228357
P_4: 3885.1328108197504 ± 513.6505533298998
t04: 4828.736966420982 ± 549.2143068533161
ecos4: -0.05938373370117966 ± 0.24880346278450818
esin4: -0.09570036936033902 ± 0.14622499286786733
Retrieved Earth masses:
[0.8508646861199176, 1.018634388489114, 0.03476861477340474, 150.2391379918587]
 ± [0.3703707103351426, 0.19478577123844143, 0.20819634532858763, 197.1718035008306]
Retrieved eccentricity:
[0.012999293573354921, 0.029635777387361582, 0.7192649922241016, 0.0839812815845605]
 ± [0.08345304271807155, 0.06548019440838078, 4.00803713050137, 0.3518612314352411]
