Global Fit Results.
chi^2: 6.040996360991046
per 4 range=[547.875 - 1826.25, length=200]
mu_1: 2.5419471284167784e-6 ± 2.472469965521196e-7
P_1: 224.70078762130265 ± 1.0062859170688939e-5
t01: 3503.7653957011016 ± 0.00015152400228019323
ecos1: 0.014645401812984536 ± 0.01443742739832335
esin1: 0.01348035531965162 ± 0.008855536283203725
mu_2: 3.098519619215842e-6 ± 1.6971704384515275e-7
P_2: 365.2562710734764 ± 8.301044217159549e-5
t02: 3624.4038457649103 ± 0.0007173590997761248
ecos2: 0.024249199861635297 ± 0.01193419892064152
esin2: 0.012966819268586503 ± 0.006708956798447354
mu_3: 9.13714459666217e-6 ± 4.801695680803235e-6
P_3: 1246.5365322655136 ± 9.96700645269067
t03: 712.1494564632347 ± 50.224360640631375
ecos3: 0.22471034896298114 ± 0.0752514147091734
esin3: 0.11771556961930649 ± 0.0788716112731393
mu_4: 0.0016571426475864137 ± 0.0008187453738629812
P_4: 4904.919891067742 ± 179.53501339560694
t04: 4234.330528947808 ± 159.39739583832414
ecos4: 0.03473614802931025 ± 0.02554197195213515
esin4: -0.04234134454165837 ± 0.01770336606259628
Retrieved Earth masses:
[0.8462605005943388, 1.0315536207443292, 3.0419218692366043, 551.6929722201415]
 ± [0.08231302875404936, 0.05650189529049935, 1.5985719549836246, 272.57524839870786]
Retrieved eccentricity:
[0.020711725870326245, 0.03429354732102042, 0.3177884231090389, 0.04912433164765002]
 ± [0.020417605632485788, 0.01687750596962959, 0.10642157126947524, 0.03612180314446273]
