Global Fit Results.
chi^2: 110.16965563411242
per 4 range=[547.875 - 1826.25, length=200]
mu_1: 2.554815812102447e-6 ± 8.246772439578976e-8
P_1: 224.70077119461868 ± 4.426028899273921e-6
t01: 3503.765529239604 ± 6.826035564219782e-5
ecos1: 0.0013598836296027541 ± 0.0029072985585445283
esin1: 0.004136285454154487 ± 0.002869768650044363
mu_2: 3.076092591619816e-6 ± 4.3030212914300185e-8
P_2: 365.25645724867326 ± 4.429490595909207e-6
t02: 3624.4021901814563 ± 5.5600165947166764e-5
ecos2: 0.014014960091326696 ± 0.002244163808197421
esin2: 0.006037372221226014 ± 0.002287431510590284
mu_3: 2.8794207171075113e-7 ± 6.416647037704623e-8
P_3: 682.5763923413979 ± 1.6553876704995274
t03: 414.2406797740044 ± 18.125689207550668
ecos3: 0.0015516619334260944 ± 0.05086782687162889
esin3: -0.18353228767116248 ± 0.03733700850067523
mu_4: 0.0011020957669180377 ± 9.403801134456469e-5
P_4: 4351.296184687159 ± 22.42748502786999
t04: 4640.161767182775 ± 32.875581123502826
ecos4: 0.025216336296360938 ± 0.006554471998727235
esin4: -0.03944384306596903 ± 0.004468395210026319
Retrieved Earth masses:
[0.850544719796257, 1.0240872547495035, 0.09586116053479078, 366.90775547163196]
 ± [0.02745500760022667, 0.014325541674117023, 0.021362186780207355, 31.30696687814797]
Retrieved eccentricity:
[0.0019231658722333655, 0.019820146637271885, 0.0021943813504692413, 0.03566128478367458]
 ± [0.004111541051361422, 0.0031737268937396456, 0.07193797065030415, 0.009269423194794743]
