Global Fit Results.
per 3 range=[1826.25 - 5478.75, length=200]
mu_1: 2.3106988804973933e-6 ± 6.767854649931313e-7
P_1: 224.7007773681762 ± 1.720699589044438e-5
t01: 3503.7654523206434 ± 0.00041966098742106806
ecos1: 0.003864588071328992 ± 0.0266734005068872
esin1: -0.004851506645228583 ± 0.028902888366078256
mu_2: 3.072158124584653e-6 ± 4.435320858871183e-7
P_2: 365.2564614129986 ± 3.61435947212529e-5
t02: 3624.4022076033843 ± 0.0005546943029909894
ecos2: 0.016358423329619766 ± 0.02073700537141561
esin2: -0.0013258137113810224 ± 0.023354255725209303
mu_3: 0.0009802059062767926 ± 0.0006242809383382176
P_3: 4254.102033024989 ± 156.46893733546867
t03: 557.3546223267616 ± 395.75736782736743
ecos3: 0.04117026774429737 ± 0.061308254690495737
esin3: -0.03792659349974861 ± 0.03736742761049071
Retrieved Earth masses:
[0.7692737466771912, 1.0227773990072158, 326.3284006414312]
 ± [0.22531420893745419, 0.14765991032483133, 207.83449564454617]
Retrieved eccentricity:
[0.005465352863458743, 0.023134304131788717, 0.05822355101051691]
 ± [0.03772188475144927, 0.029326554239259676, 0.086702965268723]
