Global Fit Results.
per 3 range=[1826.25 - 5478.75, length=200]
mu_1: 2.3475108357675745e-6 ± 2.0561955526785287e-7
P_1: 224.70079087533483 ± 6.647968584317892e-6
t01: 3503.7652819614555 ± 0.00012203271711845389
ecos1: 0.012164258564858888 ± 0.011655415488390124
esin1: -0.0016094826297751766 ± 0.011511695594794414
mu_2: 3.1207849454869607e-6 ± 1.4008760047764917e-7
P_2: 365.25645006535467 ± 1.547064782235907e-5
t02: 3624.402274665489 ± 0.00017638321946632744
ecos2: 0.022058905476658442 ± 0.009003039306800608
esin2: 0.0010948852605246573 ± 0.009113990773735032
mu_3: 0.0007332308744738146 ± 0.0001888053347032708
P_3: 4261.102897723145 ± 79.76514988102305
t03: 482.2969887098209 ± 157.3102748737486
ecos3: 0.0149411106112327 ± 0.030882118840496277
esin3: -0.06225315594196663 ± 0.02056165680702818
Retrieved Earth masses:
[0.7815291171160731, 1.0389661534227053, 244.10591390620658]
 ± [0.06845449530704327, 0.04663771389340932, 62.85673501021549]
Retrieved eccentricity:
[0.01720285943863652, 0.03119600329619651, 0.02112992126332185]
 ± [0.016483246658774743, 0.012732220290255489, 0.04367391129904751]
