Global Fit Results.
chi^2: 12.241072858943307
per 4 range=[547.875 - 1826.25, length=200]
mu_1: 2.5548365275989956e-6 ± 2.473986129395953e-7
P_1: 224.70077119359632 ± 1.3277955975316713e-5
t01: 3503.7655292451054 ± 0.00020478766623238326
ecos1: 0.001359446569964176 ± 0.008722013212994454
esin1: 0.004136275021784866 ± 0.008608681099454781
mu_2: 3.076089339106739e-6 ± 1.2908964822797865e-7
P_2: 365.2564572488022 ± 1.3288347599296034e-5
t02: 3624.40219017905 ± 0.0001668014263934535
ecos2: 0.014014618837358434 ± 0.006732592522185795
esin2: 0.0060374021672533265 ± 0.006861795485145369
mu_3: 2.879648725392961e-7 ± 1.9249972507360586e-7
P_3: 682.5758446675835 ± 4.965854304700281
t03: 414.24794776485004 ± 54.373683186760395
ecos3: 0.0015518200222126293 ± 0.15258858399416841
esin3: -0.18352364042608788 ± 0.11199933664376084
mu_4: 0.001102114514316313 ± 0.0002821181342066697
P_4: 4351.294315676191 ± 67.28233272391716
t04: 288.86421178512506 ± 131.53436456001643
ecos4: 0.025216849934057844 ± 0.01966338699376989
esin4: -0.03944430775091997 ± 0.01340516258299802
Retrieved Earth masses:
[0.8505516163623905, 1.0240861719286556, 0.0958687513459303, 366.9139968220014]
 ± [0.08236350461113116, 0.04297629526189134, 0.06408666485778784, 93.9222656567121]
Retrieved eccentricity:
[0.0019225477765649223, 0.019819664031281752, 0.002194604921775218, 0.03566201117707169]
 ± [0.012334789377014092, 0.009521323654806834, 0.21579284494785914, 0.0278082285687801]
