Global Fit Results.
per 3 range=[1826.25 - 5478.75, length=200]
mu_1: 2.6052275217951952e-6 ± 2.5994427357854804e-7
P_1: 224.70079746897278 ± 8.84530202037303e-6
t01: 3503.7652212129246 ± 0.00013410141535721205
ecos1: 0.021595651632726327 ± 0.015948647281113327
esin1: 0.0028302943959672747 ± 0.013077300907693394
mu_2: 3.1941557344538894e-6 ± 1.655646561580557e-7
P_2: 365.2564204977694 ± 2.2168487215610113e-5
t02: 3624.4024921098703 ± 0.00022312684255707265
ecos2: 0.030662567088098926 ± 0.012445037234085401
esin2: 0.0038557083203565583 ± 0.010351403076564921
mu_3: 0.0006950139427668696 ± 0.0001960760412066691
P_3: 4346.4603838203275 ± 142.9209619676426
t03: 4653.81102382828 ± 120.2124532721994
ecos3: 0.002461532815231877 ± 0.03758625773275539
esin3: -0.07399149759520215 ± 0.02490964141056704
Retrieved Earth masses:
[0.8673276962018177, 1.063392625518066, 231.38280121989257]
 ± [0.08654018355693578, 0.05511948979375985, 65.27728564105124]
Retrieved eccentricity:
[0.030540863427286246, 0.0433634182331644, 0.0034811330915273464]
 ± [0.022554793286455252, 0.017599940440681725, 0.05315499544451329]
