Global Fit Results.
chi^2: 7.30041471266808
per 4 range=[547.875 - 1826.25, length=200]
mu_1: 2.5557822628616315e-6 ± 3.034374028417997e-7
P_1: 224.70079906859556 ± 8.025781446747953e-6
t01: 3503.7651754311255 ± 0.00013048874928461388
ecos1: 0.009192300989106604 ± 0.016095008001616114
esin1: -0.000797913329219636 ± 0.014538531758004498
mu_2: 3.0597158720070415e-6 ± 1.5957070246242183e-7
P_2: 365.25651564656505 ± 4.034224836001524e-5
t02: 3624.4016385838713 ± 0.00034517238201695386
ecos2: 0.02095602328885672 ± 0.01262884736870718
esin2: 0.0029017049690651105 ± 0.011486402699535948
mu_3: 1.0441777736923162e-7 ± 1.7058126752322864e-7
P_3: 622.5465998634735 ± 2.9427486833744
t03: 593.4513102654889 ± 94.12303615170038
ecos3: 0.5086867789244184 ± 0.7732862435888818
esin3: 0.1191403980224966 ± 0.49474653607310204
mu_4: 0.00045128083025636916 ± 0.0001615299972908673
P_4: 3885.1311423557836 ± 140.08878858082176
t04: 4828.743242691077 ± 149.78967045816128
ecos4: -0.059383875149317554 ± 0.06785640186583015
esin4: -0.09569904168745898 ± 0.03988072792035787
Retrieved Earth masses:
[0.8508664688578815, 1.0186351464886083, 0.034762580055105644, 150.23960846866487]
 ± [0.10101983851563592, 0.053123993428669955, 0.056789611094757435, 53.77627836559737]
Retrieved eccentricity:
[0.012999876728210177, 0.029636292348507606, 0.7193917417547968, 0.08398148162243549]
 ± [0.022761778602388993, 0.01785988722596547, 1.0935918932799416, 0.095963443812496]
