Global Fit Results.
chi^2: 4.520885900813605
per 4 range=[547.875 - 1826.25, length=200]
mu_1: 2.322677594111252e-6 ± 3.314130258527109e-7
P_1: 224.70077310725742 ± 9.327607424113321e-6
t01: 3503.7655314109797 ± 0.00022344009856966853
ecos1: -0.00014723586950377907 ± 0.012600733158225096
esin1: -0.0021573890782816334 ± 0.013574236518815855
mu_2: 3.0363339124804954e-6 ± 2.1160405948518788e-7
P_2: 365.25645811810057 ± 1.8358417658208605e-5
t02: 3624.402195998941 ± 0.0002975526912954359
ecos2: 0.01286378462818471 ± 0.009889789873803394
esin2: 0.0012912966167200873 ± 0.010938617878754496
mu_3: 2.2045394983993206e-7 ± 2.6878321548173884e-7
P_3: 688.166353498122 ± 6.304230183966426
t03: 379.6708131132768 ± 79.90151064284224
ecos3: -0.08169855049504471 ± 0.1926380469515919
esin3: -0.16759392665413533 ± 0.2506382739402376
mu_4: 0.0010654578200742324 ± 0.0003520491331605556
P_4: 4340.630353475376 ± 92.71635976746013
t04: 4710.688087010965 ± 167.72957262695314
ecos4: 0.03233713216386204 ± 0.031210135323079344
esin4: -0.034981277010855745 ± 0.019161214505939005
Retrieved Earth masses:
[0.7732616786314068, 1.0108508662600357, 0.07339313546845395, 354.7103156074524]
 ± [0.11033343299169324, 0.07044684576868532, 0.08948282831775635, 117.20356900098628]
Retrieved eccentricity:
[0.00020822296352003954, 0.01819213868462536, 0.11553919813631536, 0.045731610874384925]
 ± [0.017820127728206292, 0.01398627496855286, 0.27243133862800634, 0.044137796657398407]
