Global Fit Results.
chi^2: 1.1804465880266632
per 4 range=[547.875 - 1826.25, length=200]
mu_1: 2.626057222578224e-6 ± 9.785877907477065e-7
P_1: 224.70076270730752 ± 5.9407366038864647e-5
t01: 3503.7656601533495 ± 0.0014437716373751025
ecos1: -0.00385077746935726 ± 0.023539848824492178
esin1: 0.0013824731400592365 ± 0.025832056729772637
mu_2: 3.01466138343328e-6 ± 3.868308996519395e-7
P_2: 365.25644894419634 ± 4.73804045222395e-5
t02: 3624.4022458282307 ± 0.0005458761981119428
ecos2: 0.010106576227780922 ± 0.018840481333878428
esin2: 0.003936786100998873 ± 0.02034399676401575
mu_3: 3.596906082703352e-7 ± 6.014265124904521e-7
P_3: 677.0879144150822 ± 8.822763247857301
t03: 447.2482629220611 ± 121.03688887630987
ecos3: 0.08456316456437647 ± 0.50880333404007
esin3: -0.16409308135367082 ± 0.4184052457289834
mu_4: 0.0011969211631127857 ± 0.0009137532885241853
P_4: 4306.771559485871 ± 250.90306902555923
t04: 4654.559849546786 ± 367.78854405124014
ecos4: 0.028450247042119833 ± 0.057649825956590565
esin4: -0.03446491659854702 ± 0.03840085376305801
Retrieved Earth masses:
[0.874262283005303, 1.0036356865752938, 0.11974755525443324, 398.47685710861396]
 ± [0.3257897005078384, 0.12878305261553605, 0.20022584098666096, 304.20511375774544]
Retrieved eccentricity:
[0.005445821722845782, 0.014292857170485295, 0.11959037420412913, 0.0402347252198309]
 ± [0.0332903734638092, 0.026644464224008013, 0.7195565755801153, 0.08152916573625886]
