Global Fit Results.
chi^2: 0.6570373277095861
per 4 range=[547.875 - 1826.25, length=200]
mu_1: 2.555754185623159e-6 ± 1.011519682196516e-6
P_1: 224.70079906853522 ± 2.67525937580663e-5
t01: 3503.7651754326707 ± 0.00043495325495671055
ecos1: 0.009191059812464182 ± 0.05364366441691523
esin1: -0.0007981204645167934 ± 0.04846256595172216
mu_2: 3.0597085339886535e-6 ± 5.318842708160772e-7
P_2: 365.25651564405956 ± 0.00013450772531346076
t02: 3624.401638603632 ± 0.0011507079275192142
ecos2: 0.02095501774904649 ± 0.04209050678211638
esin2: 0.002901527452345839 ± 0.03828860818835348
mu_3: 1.0444298811280181e-7 ± 5.684196886713408e-7
P_3: 622.5468342357975 ± 9.809550357165085
t03: -29.108491930555218 ± 320.59254026448383
ecos3: 0.5085750228633913 ± 2.5756855796928724
esin3: 0.11907733792078372 ± 1.6484224883021616
mu_4: 0.0004512775125922668 ± 0.0005384576061916661
P_4: 3885.1318792115785 ± 466.9651603161764
t04: 4828.738314772057 ± 499.28704202543713
ecos4: -0.05938430248730817 ± 0.22619719520953258
esin4: -0.09569996849912213 ± 0.1329314090469801
Retrieved Earth masses:
[0.8508571214337675, 1.0186327035286251, 0.03477097317085363, 150.23850395785396]
 ± [0.3367533270252577, 0.17707396202194642, 0.1892372681182758, 179.2623451017255]
Retrieved eccentricity:
[0.012998121439369162, 0.029634870300470472, 0.7192336948176148, 0.08398208596961754]
 ± [0.07586359775379253, 0.05952496553842572, 3.6425694792104673, 0.3198911412360755]
