Global Fit Results.
chi^2: 0.7902163109351071
per 4 range=[547.875 - 1826.25, length=200]
mu_1: 2.6260506290200544e-6 ± 1.1961042237233488e-6
P_1: 224.70076270779322 ± 7.260914597122587e-5
t01: 3503.7656601358362 ± 0.0017645767920743127
ecos1: -0.0038508219501934672 ± 0.028770883579672522
esin1: 0.0013825284247265866 ± 0.03157379237665256
mu_2: 3.0146611417514517e-6 ± 4.7279535710043565e-7
P_2: 365.25644894424875 ± 5.790741223928407e-5
t02: 3624.402245827803 ± 0.0006671644979372063
ecos2: 0.010106521052929814 ± 0.023027218454219397
esin2: 0.003936824183419364 ± 0.024865960334959893
mu_3: 3.59693569417574e-7 ± 7.350565888254459e-7
P_3: 677.0879143557466 ± 10.78254691054968
t03: 447.24905557890816 ± 147.92124927080468
ecos3: 0.08456442158670936 ± 0.6218206093564785
esin3: -0.16408779737570545 ± 0.5113951888014313
mu_4: 0.0011969207130682197 ± 0.0011168497269578382
P_4: 4306.7717980151865 ± 306.62097589118457
t04: 347.788287208479 ± 659.1036595894774
ecos4: 0.028449916569366816 ± 0.07046416454518388
esin4: -0.03446511384408448 ± 0.046933811805698465
Retrieved Earth masses:
[0.8742600878896867, 1.0036356061150107, 0.1197485410742863, 398.4767072805804]
 ± [0.3982048831053267, 0.1574021863419702, 0.24471372746923536, 371.8196175121327]
Retrieved eccentricity:
[0.005445884628247613, 0.014292779141462555, 0.1195921519021605, 0.04023425786078159]
 ± [0.04068817375983026, 0.032565404641685086, 0.8793871391150343, 0.09965137716108843]
