Global Fit Results.
per 3 range=[1826.25 - 5478.75, length=200]
mu_1: 2.3106920303760266e-6 ± 6.203985949130073e-7
P_1: 224.70077736815117 ± 1.5773055824047194e-5
t01: 3503.7654523210576 ± 0.00038468899084167753
ecos1: 0.0038644705655108687 ± 0.02445057926103992
esin1: -0.004852170212012848 ± 0.02649473363396574
mu_2: 3.072157894702483e-6 ± 4.065709635035238e-7
P_2: 365.2564614132853 ± 3.313160641542129e-5
t02: 3624.4022075980447 ± 0.000508469948966446
ecos2: 0.0163583473127388 ± 0.019008851226538878
esin2: -0.0013263560315469518 ± 0.021408462649672545
mu_3: 0.0009802041049029359 ± 0.0005722574904179903
P_3: 4254.0975348472 ± 143.42950312686236
t03: 4811.467975683908 ± 276.14194291576115
ecos3: 0.0411698683802558 ± 0.056199609990693164
esin3: -0.03792608183771358 ± 0.0342534575815714
Retrieved Earth masses:
[0.7692714661470132, 1.0227773224752539, 326.32780093126223]
 ± [0.2065419928014426, 0.13535487943681637, 190.51494222526017]
Retrieved eccentricity:
[0.005465186685137095, 0.023134196627684685, 0.05822298622447299]
 ± [0.03457834079884098, 0.026882575209703725, 0.07947825064891677]
