Global Fit Results.
per 3 range=[1826.25 - 5478.75, length=200]
mu_1: 2.3106988804973933e-6 ± 3.3839273249656567e-7
P_1: 224.7007773681762 ± 8.60349794522219e-6
t01: 3503.7654523206434 ± 0.00020983049371053403
ecos1: 0.003864588071328992 ± 0.0133367002534436
esin1: -0.004851506645228583 ± 0.014451444183039128
mu_2: 3.072158124584653e-6 ± 2.2176604294355915e-7
P_2: 365.2564614129986 ± 1.807179736062645e-5
t02: 3624.4022076033843 ± 0.0002773471514954947
ecos2: 0.016358423329619766 ± 0.010368502685707805
esin2: -0.0013258137113810224 ± 0.011677127862604652
mu_3: 0.0009802059062767926 ± 0.0003121404691691088
P_3: 4254.102033024989 ± 78.23446866773433
t03: 557.3546223267616 ± 197.87868391368372
ecos3: 0.04117026774429737 ± 0.030654127345247868
esin3: -0.03792659349974861 ± 0.018683713805245354
Retrieved Earth masses:
[0.7692737466771912, 1.0227773990072158, 326.3284006414312]
 ± [0.11265710446872709, 0.07382995516241567, 103.91724782227308]
Retrieved eccentricity:
[0.005465352863458743, 0.023134304131788717, 0.05822355101051691]
 ± [0.018860942375724634, 0.014663277119629838, 0.0433514826343615]
