Global Fit Results.
per 3 range=[1826.25 - 5478.75, length=200]
mu_1: 2.347515843162703e-6 ± 7.539515919965068e-7
P_1: 224.7007908752903 ± 2.4376016107816925e-5
t01: 3503.76528196247 ± 0.00044745461676573176
ecos1: 0.01216503898153335 ± 0.04273747951668388
esin1: -0.0016099611202227031 ± 0.04220997998708625
mu_2: 3.1207904691672283e-6 ± 5.13657827440362e-7
P_2: 365.25645006489714 ± 5.672582432989698e-5
t02: 3624.402274670346 ± 0.0006467299763808597
ecos2: 0.022059514965987702 ± 0.03301186877661122
esin2: 0.0010944691319469922 ± 0.033418262387943626
mu_3: 0.0007332224870501192 ± 0.0006922868809624463
P_3: 4261.107169610971 ± 292.47257183755323
t03: 482.29524844541004 ± 576.8182166487145
ecos3: 0.014939340210877266 ± 0.11323752873059328
esin3: -0.062253169649464174 ± 0.07539392417209612
Retrieved Earth masses:
[0.7815307841691211, 1.03896799235648, 244.1031215800815]
 ± [0.25100421819719665, 0.17100604702766642, 230.47491267179348]
Retrieved eccentricity:
[0.017203963114481847, 0.031196865244272072, 0.021127417539128363]
 ± [0.06043992315413669, 0.046685832543164496, 0.16014204890041803]
