Global Fit Results.
chi^2: 165.25501330870244
per 4 range=[547.875 - 1826.25, length=200]
mu_1: 2.3333037732015555e-6 ± 4.9197326609613515e-8
P_1: 224.70077254882125 ± 1.3022475333612203e-6
t01: 3503.7655381793465 ± 3.593877443418614e-5
ecos1: -0.0006311476523915463 ± 0.002020864561468099
esin1: -0.001950032409639644 ± 0.002164337493116157
mu_2: 3.031128202556323e-6 ± 3.4347599151403326e-8
P_2: 365.25645783383465 ± 2.799812252702704e-6
t02: 3624.402194272025 ± 4.810301502987721e-5
ecos2: 0.012341892906642775 ± 0.0015689033018438968
esin2: 0.0014167958814797 ± 0.0017524155322221492
mu_3: 2.2752405893679326e-7 ± 4.381949406640623e-8
P_3: 687.9953776509727 ± 0.7868857090443362
t03: 382.3146990014412 ± 12.137171740792839
ecos3: -0.08042679062408953 ± 0.029203723545691288
esin3: -0.16484074534148183 ± 0.038844982824053936
mu_4: 0.0010766698551944714 ± 5.748791617662988e-5
P_4: 4337.49449859641 ± 13.160011911963378
t04: 371.2421701697101 ± 35.26358791120775
ecos4: 0.032747303584754674 ± 0.004983524190156117
esin4: -0.03544730711385214 ± 0.0031361724831119302
Retrieved Earth masses:
[0.7767993272063268, 1.0091177906043187, 0.07574690356877353, 358.4430063261002]
 ± [0.01637868615720808, 0.011434941398715995, 0.014588307746402308, 19.138774437083242]
Retrieved eccentricity:
[0.0008925775698720644, 0.017454072333930513, 0.1137406580787287, 0.04631168086070913]
 ± [0.0028579340705473426, 0.0022187643275195686, 0.04130030191011111, 0.007047767498133175]
