Global Fit Results.
per 3 range=[1826.25 - 5478.75, length=200]
mu_1: 2.3106914995911277e-6 ± 4.5119854155163314e-7
P_1: 224.70077736814818 ± 1.1471291786206063e-5
t01: 3503.7654523210936 ± 0.0002797734801789528
ecos1: 0.003864548243117264 ± 0.017782238900228824
esin1: -0.004852323059728712 ± 0.019268771832284128
mu_2: 3.0721584956908336e-6 ± 2.956879452321353e-7
P_2: 365.25646141337484 ± 2.4095823781762062e-5
t02: 3624.40220759651 ± 0.00036979647753273995
ecos2: 0.016358408674539752 ± 0.013824636898816042
esin2: -0.0013264842992593891 ± 0.015569696847052046
mu_3: 0.0009802019935910519 ± 0.00041618706259360813
P_3: 4254.096120800699 ± 104.31008176463283
t03: 557.3745652582178 ± 263.8303384545392
ecos3: 0.04116970125543114 ± 0.04087254371743913
esin3: -0.03792605326074621 ± 0.02491133778550751
Retrieved Earth masses:
[0.7692712894390522, 1.0227775225552227, 326.32709803707854]
 ± [0.15021221305997023, 0.09843990292107704, 138.55625398106508]
Retrieved eccentricity:
[0.005465296537861552, 0.023134283406375803, 0.058222749874279354]
 ± [0.025147883422062034, 0.019550988997189173, 0.05780250565388966]
