Global Fit Results.
per 3 range=[1826.25 - 5478.75, length=200]
mu_1: 2.5985796813149085e-6 ± 8.876710554811212e-8
P_1: 224.7007881570401 ± 2.5386423781508624e-6
t01: 3503.76530551443 ± 4.2677631756680936e-5
ecos1: 0.025716533509934966 ± 0.005532010255218707
esin1: 0.0020816969124180674 ± 0.004480736865149633
mu_2: 3.182044038049002e-6 ± 5.459085136082843e-8
P_2: 365.25643073884277 ± 7.272250793801549e-6
t02: 3624.402417265434 ± 7.176157667023508e-5
ecos2: 0.03294696972946109 ± 0.004343779525900769
esin2: 0.003759365751429986 ± 0.0035089255717808752
mu_3: 0.0006320445294198366 ± 6.08227135355822e-5
P_3: 4324.377283103666 ± 36.52735480440349
t03: 335.255983211311 ± 64.21753942540813
ecos3: -0.008824434451286544 ± 0.013923941982375813
esin3: -0.08102001017196142 ± 0.00945587030859879
Retrieved Earth masses:
[0.8651145090155749, 1.0593604211704364, 210.4191365293598]
 ± [0.029552186329006584, 0.01817428878989302, 20.248989221182775]
Retrieved eccentricity:
[0.0363686704669722, 0.046594051430499696, 0.012479634881281811]
 ± [0.007823443930117342, 0.00614303191748744, 0.019691427593171995]
