Global Fit Results.
chi^2: 0.6640012053713281
per 4 range=[547.875 - 1826.25, length=200]
mu_1: 2.626049493396165e-6 ± 1.3047734401214952e-6
P_1: 224.7007627077917 ± 7.920813668122606e-5
t01: 3503.7656601331337 ± 0.0019249591219198923
ecos1: -0.003850921320937347 ± 0.03138583140592708
esin1: 0.001382583043620287 ± 0.034443122235250354
mu_2: 3.0146603646732204e-6 ± 5.157744687298716e-7
P_2: 365.2564489442181 ± 6.317321425731923e-5
t02: 3624.4022458277755 ± 0.0007278178217900679
ecos2: 0.010106435715005035 ± 0.025120080265553592
esin2: 0.00393686954225464 ± 0.02712561083365942
mu_3: 3.5969171334675494e-7 ± 8.018890048125616e-7
P_3: 677.0879143848689 ± 11.763017367360915
t03: 447.24846237050264 ± 161.37583673528033
ecos3: 0.08456899581137452 ± 0.6783641034412825
esin3: -0.16408687107505265 ± 0.5578397395971412
mu_4: 0.0011969226684984287 ± 0.0012183032547473417
P_4: 4306.7725166420205 ± 334.48540226969106
t04: 347.7860634706986 ± 718.9795502420127
ecos4: 0.02844992938549746 ± 0.0768640749227811
esin4: -0.034465017880771394 ± 0.05120100957595947
Retrieved Earth masses:
[0.8742597098198087, 1.003635347411513, 0.11974792315450233, 398.4773582789151]
 ± [0.43438284465308225, 0.17171071546754646, 0.2669634561032105, 405.5953448883671]
Retrieved eccentricity:
[0.0054460251597013105, 0.014292658455411947, 0.11959862083271931, 0.04023427598552736]
 ± [0.0443862684406175, 0.03552515819944663, 0.9593517153137269, 0.10870221721505875]
