Global Fit Results.
chi^2: 2.6560048214853125
per 4 range=[547.875 - 1826.25, length=200]
mu_1: 2.626049493396165e-6 ± 6.523867200607476e-7
P_1: 224.7007627077917 ± 3.960406834061303e-5
t01: 3503.7656601331337 ± 0.0009624795609599462
ecos1: -0.003850921320937347 ± 0.01569291570296354
esin1: 0.001382583043620287 ± 0.017221561117625177
mu_2: 3.0146603646732204e-6 ± 2.578872343649358e-7
P_2: 365.2564489442181 ± 3.1586607128659615e-5
t02: 3624.4022458277755 ± 0.00036390891089503396
ecos2: 0.010106435715005035 ± 0.012560040132776796
esin2: 0.00393686954225464 ± 0.01356280541682971
mu_3: 3.5969171334675494e-7 ± 4.009445024062808e-7
P_3: 677.0879143848689 ± 5.881508683680457
t03: 447.24846237050264 ± 80.68791836764017
ecos3: 0.08456899581137452 ± 0.33918205172064125
esin3: -0.16408687107505265 ± 0.2789198697985706
mu_4: 0.0011969226684984287 ± 0.0006091516273736709
P_4: 4306.7725166420205 ± 167.24270113484553
t04: 347.7860634706986 ± 359.48977512100635
ecos4: 0.02844992938549746 ± 0.03843203746139055
esin4: -0.034465017880771394 ± 0.025600504787979737
Retrieved Earth masses:
[0.8742597098198087, 1.003635347411513, 0.11974792315450233, 398.4773582789151]
 ± [0.21719142232654112, 0.08585535773377323, 0.13348172805160524, 202.79767244418355]
Retrieved eccentricity:
[0.0054460251597013105, 0.014292658455411947, 0.11959862083271931, 0.04023427598552736]
 ± [0.02219313422030875, 0.017762579099723314, 0.47967585765686344, 0.054351108607529376]
