Global Fit Results.
chi^2: 2.040185348551191
per 4 range=[547.875 - 1826.25, length=200]
mu_1: 2.333305066572527e-6 ± 4.427790788288349e-7
P_1: 224.70077254887207 ± 1.1720436249988488e-5
t01: 3503.765538178067 ± 0.00032345187802776745
ecos1: -0.0006310717735854641 ± 0.01818781161894117
esin1: -0.0019500903362851714 ± 0.01947934310807772
mu_2: 3.0311289729613936e-6 ± 3.0912919461690103e-7
P_2: 365.2564578339138 ± 2.5198461260494262e-5
t02: 3624.402194270733 ± 0.000432930603528053
ecos2: 0.012341959963566658 ± 0.01412017497344919
esin2: 0.0014167378940159402 ± 0.015772011875922042
mu_3: 2.2751688101032647e-7 ± 3.943767632718519e-7
P_3: 687.9953724932532 ± 7.081840138772968
t03: 382.3122997341558 ± 109.23559662574702
ecos3: -0.08042258756752986 ± 0.2628463366252275
esin3: -0.1648474722284283 ± 0.349619315943301
mu_4: 0.0010766687726492415 ± 0.000517400402439763
P_4: 4337.495312802937 ± 118.4480755951171
t04: 371.2410590739673 ± 317.39819646055093
ecos4: 0.03274705342706153 ± 0.044851769524375786
esin4: -0.03544729900083561 ± 0.028225907211204406
Retrieved Earth masses:
[0.7767997577930819, 1.0091180470861998, 0.07574451390630688, 358.44264592707464]
 ± [0.1474092205591119, 0.10291473967350385, 0.13129520806244377, 172.25201841593744]
Retrieved eccentricity:
[0.0008924702610354064, 0.017454167166741717, 0.11373471405913858, 0.046311327084306755]
 ± [0.025721449861393565, 0.019968942950533003, 0.3717208540754807, 0.0634299807578045]
