Global Fit Results.
per 3 range=[1826.25 - 5478.75, length=200]
mu_1: 2.5986002291232482e-6 ± 7.989186383585654e-7
P_1: 224.70078815694583 ± 2.2848137972960824e-5
t01: 3503.765305515604 ± 0.0003841014841621097
ecos1: 0.02571826302369848 ± 0.04978942666337312
esin1: 0.0020817749692978397 ± 0.0403276558185792
mu_2: 3.1820541637486393e-6 ± 4.913177558312556e-7
P_2: 365.25643073790235 ± 6.545178186540878e-5
t02: 3624.402417274178 ± 0.0006458752971216313
ecos2: 0.032948325525330766 ± 0.03909504039620383
esin2: 0.003759375950317728 ± 0.031581206651208796
mu_3: 0.000632029112048412 ± 0.0005474001154140827
P_3: 4324.382651413082 ± 328.76066660631096
t03: 335.2432357883671 ± 577.967101853442
ecos3: -0.008828030615898041 ± 0.12532069450208275
esin3: -0.08102235884475914 ± 0.08510373567253593
Retrieved Earth masses:
[0.8651213497552492, 1.0593637922002852, 210.41400380558525]
 ± [0.2659745670054765, 0.1635686302647887, 182.2394693095941]
Retrieved eccentricity:
[0.03637111636879287, 0.046595968815406404, 0.012484720626047918]
 ± [0.07041288245012287, 0.05528873634983548, 0.1772302258108608]
