Global Fit Results.
chi^2: 65.36739429074177
per 5 range=[8035.5 - 13149.0, length=500]
mu_1: 2.578064442678283e-6 ± 1.6648275635819206e-7
P_1: 224.70078609059357 ± 2.086523872966711e-5
t01: 3503.7651601539014 ± 0.0005225414354643266
ecos1: 0.0008938052620514934 ± 0.006518441070005401
esin1: 0.008278951264685181 ± 0.005244486740441378
mu_2: 3.0223453166098035e-6 ± 1.0707813533503785e-7
P_2: 365.25647212649966 ± 7.896527112513114e-5
t02: 3624.401862901701 ± 0.0012359978395711645
ecos2: 0.014447831359574077 ± 0.005443970943213435
esin2: 0.009753940136435798 ± 0.004105139303368383
mu_3: 5.377879738873984e-7 ± 2.4314738784179326e-7
P_3: 686.0565870484202 ± 2.269520748384017
t03: 526.4038082759572 ± 45.69174252676455
ecos3: -0.03288292129643852 ± 0.11522133622002328
esin3: 0.1292623732931399 ± 0.062399401409218604
mu_4: 0.0008560172142279416 ± 0.0001559843184779603
P_4: 4395.247450080869 ± 56.86311444829408
t04: 167.07867236832078 ± 136.64810390882081
ecos4: 0.02227053603211838 ± 0.02362424200776129
esin4: -0.05586182055194627 ± 0.01643605963645332
mu_5: 0.008040459747837772 ± 0.003090128209974625
P_5: 11936.809740720053 ± 1675.1320956030477
t05: 3093.8891703850295 ± 900.0585883266766
ecos5: 0.07152836612096113 ± 0.01837498467211526
esin5: 0.002819178754066789 ± 0.005132149313738896
Retrieved Earth masses:
[0.8582846123885525, 1.006193807892533, 0.1790394123102883, 284.98372296244474, 2676.8155069581703]
 ± [0.05542514207357225, 0.03564826168031928, 0.08094819434004544, 51.93002087429024, 1028.7599677584833]
