Global Fit Results.
chi^2: 0.9561045280781343
per 4 range=[547.875 - 1826.25, length=200]
mu_1: 2.624930960332808e-6 ± 1.0953953386544835e-6
P_1: 224.70076264832392 ± 6.629827404917884e-5
t01: 3503.7656583861767 ± 0.0016422374991674465
ecos1: -0.003966125991681754 ± 0.0260162825096957
esin1: 0.0013289054173367056 ± 0.02859294423428827
mu_2: 3.013642609223141e-6 ± 4.2937337023028807e-7
P_2: 365.25644902456656 ± 5.258038459804393e-5
t02: 3624.4022448298265 ± 0.0006060191490132182
ecos2: 0.01000611675605938 ± 0.02083393874867762
esin2: 0.0038958748710644963 ± 0.022522598074692552
mu_3: 3.616453882434997e-7 ± 6.671451516711873e-7
P_3: 677.0070605249985 ± 9.703797204812467
t03: 448.0070136524876 ± 133.60283999417283
ecos3: 0.08584927284584254 ± 0.5614315256503121
esin3: -0.16258626872311477 ± 0.4683547699955854
mu_4: 0.0011985481728944251 ± 0.0010149279813484156
P_4: 4305.2193472414065 ± 279.06103878909147
t04: 350.3759494462942 ± 600.5882148518721
ecos4: 0.028475859661933587 ± 0.0639979811876508
esin4: -0.034392284256886355 ± 0.04260035493518924
Retrieved Earth masses:
[0.8738873297889471, 1.0032965180837752, 0.12039833711379958, 399.0185183008905]
 ± [0.36467706085445334, 0.14294621598179244, 0.22210477303435738, 337.88801189506387]
Retrieved eccentricity:
[0.005608949167516778, 0.014150786023107854, 0.12140920597845879, 0.040270946934139414]
 ± [0.0367925795677416, 0.02946363873603024, 0.7939840779184896, 0.09050681296007396]
