Global Fit Results.
chi^2: 1.391140826685552
per 4 range=[547.875 - 1826.25, length=200]
mu_1: 2.4645301349564646e-6 ± 6.990766928628088e-7
P_1: 224.70076729890647 ± 2.9077553747162876e-5
t01: 3503.7655942240945 ± 0.0005222563908282016
ecos1: -0.002093928660183396 ± 0.021224383947023074
esin1: 0.0020521741574767204 ± 0.02294472626967188
mu_2: 3.0396651066678467e-6 ± 3.7210332599220655e-7
P_2: 365.25645721316977 ± 4.0323225241518416e-5
t02: 3624.402201869233 ± 0.0005517931220621311
ecos2: 0.011905016692242167 ± 0.016306519517679738
esin2: 0.004514105072827821 ± 0.018305831796128574
mu_3: 2.6980591577403693e-7 ± 5.237343907502231e-7
P_3: 684.7302372623581 ± 11.554710908679484
t03: 396.2412054625603 ± 152.43954404319263
ecos3: -0.037247303837945146 ± 0.4592427405060715
esin3: -0.20374067294850082 ± 0.39586649770711113
mu_4: 0.001222508299997745 ± 0.0008275976971167184
P_4: 4385.4049909076875 ± 182.66881096370724
t04: 265.5084273704885 ± 417.3354481407376
ecos4: 0.03478060535276039 ± 0.0483941601990941
esin4: -0.03152545078669406 ± 0.035303233682573126
Retrieved Earth masses:
[0.8204869733215512, 1.0119598814826778, 0.08982330387353914, 406.99528104708827]
 ± [0.23273536472978767, 0.12387997508158739, 0.17436071849803048, 275.5223480548665]
Retrieved eccentricity:
[0.0029612623098730826, 0.016836236066446957, 0.05267564224945346, 0.04918720379742001]
 ± [0.030015811630893834, 0.023060901057004264, 0.6494673120450742, 0.06843967769321513]
