Global Fit Results.
per 3 range=[1826.25 - 5478.75, length=200]
mu_1: 2.4541745790872655e-6 ± 3.789358024045175e-7
P_1: 224.70078887728127 ± 1.1562025701468352e-5
t01: 3503.765301540743 ± 0.00023242726172383423
ecos1: 0.01482169643812847 ± 0.023660880905554675
esin1: -0.0010360863537466015 ± 0.02229780980476376
mu_2: 3.167298909874339e-6 ± 2.8016817068636555e-7
P_2: 365.2564601760243 ± 2.4355587148363163e-5
t02: 3624.4021865743025 ± 0.0003083171324803521
ecos2: 0.023741927396122655 ± 0.018424696750913513
esin2: 0.001508787987976635 ± 0.01774718582980958
mu_3: 0.0006742061758485504 ± 0.00033529755781254065
P_3: 4201.476127724187 ± 96.24814221303184
t03: 549.7930282164389 ± 241.40741798318524
ecos3: 0.008887503517880428 ± 0.06600827504170535
esin3: -0.06988948906265226 ± 0.04294130066792
Retrieved Earth masses:
[0.8170394201463366, 1.0544514994187122, 224.45551659949427]
 ± [0.12615463093274296, 0.09327308728223463, 111.62666443783576]
Retrieved eccentricity:
[0.02096104412017828, 0.033576155720474, 0.012568828010625093]
 ± [0.03346153867433002, 0.02605645602775339, 0.09334979779283319]
