Global Fit Results.
chi^2: 4.59041704046114
per 4 range=[547.875 - 1826.25, length=200]
mu_1: 2.3333075301332855e-6 ± 2.9517956616128406e-7
P_1: 224.70077254886704 ± 7.813487139146017e-6
t01: 3503.7655381782024 ± 0.0002156328092642303
ecos1: -0.0006311908924061187 ± 0.01212530761854855
esin1: -0.0019495338886532272 ± 0.012986671885415848
mu_2: 3.031127863366797e-6 ± 2.060849958382998e-7
P_2: 365.2564578337561 ± 1.679906212124965e-5
t02: 3624.402194274205 ± 0.0002886214217444496
ecos2: 0.012341832233692151 ± 0.009413581999797057
esin2: 0.0014171862487670312 ± 0.01051500285503752
mu_3: 2.2751506110900837e-7 ± 2.629226670400654e-7
P_3: 687.9953807982911 ± 4.721293294906958
t03: 382.3125033061409 ± 72.8268633055898
ecos3: -0.08042733495226188 ± 0.17523589017016428
esin3: -0.16484940738597137 ± 0.233094827259018
mu_4: 0.0010766734329758416 ± 0.00034493475853645937
P_4: 4337.498412174773 ± 78.96528774730632
t04: 371.22772130367304 ± 211.60396483488725
ecos4: 0.032747545151247504 ± 0.029901373147770208
esin4: -0.035447770851771164 ± 0.018817218416910485
Retrieved Earth masses:
[0.7768005779573322, 1.0091176776819473, 0.07574390802800858, 358.44419743468757]
 ± [0.0982706542682704, 0.0686094489509409, 0.0875317449916854, 114.83506410035399]
Retrieved eccentricity:
[0.0008926387204871101, 0.01745398652942087, 0.11374142787501242, 0.046312022487319505]
 ± [0.017147774482097172, 0.01331281533462424, 0.24782097249316845, 0.04228692743915531]
