Global Fit Results.
chi^2: 1.1016965555405687
per 4 range=[547.875 - 1826.25, length=200]
mu_1: 2.554824774257459e-6 ± 8.246939839529254e-7
P_1: 224.70077119396063 ± 4.426040802853629e-5
t01: 3503.7655292486866 ± 0.0006826049729512944
ecos1: 0.0013599712175963008 ± 0.029072665788736036
esin1: 0.004136564486399536 ± 0.028697455369394286
mu_2: 3.0760927757317524e-6 ± 4.3029919653388135e-7
P_2: 365.25645724846794 ± 4.4294949558721725e-5
t02: 3624.402190184826 ± 0.0005560029834257387
ecos2: 0.014015024980980617 ± 0.02244137689924151
esin2: 0.006037592821351679 ± 0.02287414091791606
mu_3: 2.879480321460635e-7 ± 6.416682305282935e-7
P_3: 682.5763259047054 ± 16.553414938239143
t03: 414.2430042774739 ± 181.2497426809452
ecos3: 0.001540483724791276 ± 0.508624477179893
esin3: -0.18353358924420513 ± 0.37336944529223653
mu_4: 0.0011020983736277112 ± 0.0009403816553777745
P_4: 4351.297802443125 ± 224.27425610083856
t04: 4640.157710768876 ± 328.7557576179104
ecos4: 0.02521670303715893 ± 0.0655444311898408
esin4: -0.039443859094017264 ± 0.04468422177324295
Retrieved Earth masses:
[0.8505477034609061, 1.0240873160437207, 0.09586314487227555, 366.9086232927634]
 ± [0.2745556490515303, 0.14325444042217655, 0.2136230419239954, 313.07018211877124]
Retrieved eccentricity:
[0.0019232897403617401, 0.019820238405100516, 0.0021785729762148452, 0.035661803433484976]
 ± [0.0411149582527708, 0.03173689956923362, 0.7193036337827294, 0.09269382352670295]
