Global Fit Results.
chi^2: 2.173657543230671
per 4 range=[547.875 - 1826.25, length=200]
mu_1: 2.464534952438939e-6 ± 5.592612541401145e-7
P_1: 224.70076729851786 ± 2.3263172687059833e-5
t01: 3503.7655942322476 ± 0.00041780584628048513
ecos1: -0.0020940185915051387 ± 0.016979605496227755
esin1: 0.00205256900714174 ± 0.01835445194320646
mu_2: 3.0396640460828954e-6 ± 2.9768337211392774e-7
P_2: 365.2564572127601 ± 3.225800692562315e-5
t02: 3624.402201875393 ± 0.00044142422710280487
ecos2: 0.011904930278376918 ± 0.013045112958807182
esin2: 0.004514431119095194 ± 0.014643499041741484
mu_3: 2.698149948089862e-7 ± 4.189961994388307e-7
P_3: 684.7302685434904 ± 9.244057531262886
t03: 396.24306342652704 ± 121.94875034504594
ecos3: -0.037256882597243725 ± 0.367385236550624
esin3: -0.2037362483221636 ± 0.31668704363763545
mu_4: 0.0012225146091444108 ± 0.0006621176396969751
P_4: 4385.408855155934 ± 146.13151989699986
t04: 265.4967188924108 ± 333.8296701515034
ecos4: 0.034781015798185835 ± 0.038714916033015905
esin4: -0.031525490922296485 ± 0.02824243655710118
Retrieved Earth masses:
[0.8204885771492173, 1.0119595283946288, 0.08982632644964829, 406.9973814769344]
 ± [0.1861882584420268, 0.0991042168767087, 0.13949146680524238, 220.43102272205613]
Retrieved eccentricity:
[0.0029613894919679733, 0.016836113858786743, 0.05268918866076422, 0.04918778425490729]
 ± [0.02401278837651004, 0.018448575669034132, 0.5195611841455402, 0.05475115932002667]
