Global Fit Results.
chi^2: 65.7037325937311
per 4 range=[547.875 - 1826.25, length=200]
mu_1: 2.5557705590937634e-6 ± 1.0114930788722714e-7
P_1: 224.70079906839604 ± 2.6752608619299446e-6
t01: 3503.765175433412 ± 4.3496509864910666e-5
ecos1: 0.009191857105011508 ± 0.005364780046887788
esin1: -0.0007980169959188641 ± 0.004846192591650505
mu_2: 3.0597141105588963e-6 ± 5.3189578162348925e-8
P_2: 365.25651564533194 ± 1.3447612900745334e-5
t02: 3624.4016385935456 ± 0.00011505843581586863
ecos2: 0.0209556998505383 ± 0.004209417356152931
esin2: 0.0029015821513295645 ± 0.003828808031658346
mu_3: 1.0441972567304314e-7 ± 5.6861215238934476e-8
P_3: 622.5465892668077 ± 0.9809342585790433
t03: 593.4460101274517 ± 31.373450649104186
ecos3: 0.5086782145289162 ± 0.25775994819535847
esin3: 0.11910595963683249 ± 0.16491378949513566
mu_4: 0.0004512851266744773 ± 5.3843351242260645e-5
P_4: 3885.1377891234747 ± 46.69701874661679
t04: 4828.741574497848 ± 49.929208321163685
ecos4: -0.05938208055991324 ± 0.02261826772213168
esin4: -0.09569821576966428 ± 0.01329293559387731
Retrieved Earth masses:
[0.8508625724603742, 1.0186345600704363, 0.03476322868093284, 150.2410388245123]
 ± [0.03367444702940373, 0.01770777941794031, 0.01893013427957242, 17.925432384713776]
Retrieved eccentricity:
[0.012999248981302768, 0.029635834937651106, 0.719379629870524, 0.08397894368976101]
 ± [0.0075869447014572785, 0.005953015114760172, 0.3645276145744623, 0.03198706097002423]
