Global Fit Results.
per 3 range=[1826.25 - 5478.75, length=200]
mu_1: 2.6052342265526876e-6 ± 7.798428733334497e-7
P_1: 224.70079746894882 ± 2.6535922135294467e-5
t01: 3503.765221213371 ± 0.00040230420400803093
ecos1: 0.021596315603227747 ± 0.047846887723235254
esin1: 0.0028302613496420576 ± 0.039232389183035996
mu_2: 3.1941598191200376e-6 ± 4.966963002903407e-7
P_2: 365.2564204975904 ± 6.650612927022289e-5
t02: 3624.4024921122545 ± 0.0006693866382976002
ecos2: 0.030663087810118395 ± 0.037335920730263504
esin2: 0.0038556684741666136 ± 0.03105455698839957
mu_3: 0.0006950074838668582 ± 0.000588222911862878
P_3: 4346.463193988076 ± 428.76720617634163
t03: 4653.80980515541 ± 360.6411577726219
ecos3: 0.002460196585038391 ± 0.11276057178494432
esin3: -0.07399209531691193 ± 0.07472928700490354
Retrieved Earth masses:
[0.867329928337714, 1.0633939853778287, 231.38065093442995]
 ± [0.25962389736372476, 0.16535924568535776, 195.83012183427323]
Retrieved eccentricity:
[0.03054180242337437, 0.04336415464530656, 0.003479243376665266]
 ± [0.06766571753554204, 0.05280096546042544, 0.1594675299192132]
