Global Fit Results.
per 3 range=[1826.25 - 5478.75, length=200]
mu_1: 2.4541745790872655e-6 ± 7.57871604809035e-7
P_1: 224.70078887728127 ± 2.3124051402936704e-5
t01: 3503.765301540743 ± 0.00046485452344766846
ecos1: 0.01482169643812847 ± 0.04732176181110935
esin1: -0.0010360863537466015 ± 0.04459561960952752
mu_2: 3.167298909874339e-6 ± 5.603363413727311e-7
P_2: 365.2564601760243 ± 4.8711174296726325e-5
t02: 3624.4021865743025 ± 0.0006166342649607042
ecos2: 0.023741927396122655 ± 0.036849393501827025
esin2: 0.001508787987976635 ± 0.03549437165961916
mu_3: 0.0006742061758485504 ± 0.0006705951156250813
P_3: 4201.476127724187 ± 192.49628442606368
t03: 549.7930282164389 ± 482.8148359663705
ecos3: 0.008887503517880428 ± 0.1320165500834107
esin3: -0.06988948906265226 ± 0.08588260133584
Retrieved Earth masses:
[0.8170394201463366, 1.0544514994187122, 224.45551659949427]
 ± [0.2523092618654859, 0.18654617456446926, 223.2533288756715]
Retrieved eccentricity:
[0.02096104412017828, 0.033576155720474, 0.012568828010625093]
 ± [0.06692307734866004, 0.05211291205550678, 0.18669959558566637]
