Global Fit Results.
chi^2: 4.2761270649119165
per 4 range=[547.875 - 1826.25, length=200]
mu_1: 2.3646562758006146e-6 ± 3.514555427560844e-7
P_1: 224.70077011236833 ± 1.2409845725315972e-5
t01: 3503.7655698629305 ± 0.000254627666391425
ecos1: -0.0004970506129661909 ± 0.012596757146561336
esin1: -0.0013863343722847021 ± 0.013438700574626681
mu_2: 3.039707942465834e-6 ± 2.1936933843720645e-7
P_2: 365.2564603059049 ± 2.1539323547614127e-5
t02: 3624.4021788237596 ± 0.0003166313109887492
ecos2: 0.012637899042721706 ± 0.009817797936917382
esin2: 0.0019359181697751924 ± 0.01083291923459891
mu_3: 2.4065346480797646e-7 ± 2.800404735447804e-7
P_3: 686.7264413025163 ± 7.059884199798699
t03: 388.65904224014815 ± 82.6870473464227
ecos3: -0.06790583229106562 ± 0.22087709418030319
esin3: -0.17877190328304507 ± 0.2378929994356432
mu_4: 0.0011157038158348981 ± 0.0004063241764921034
P_4: 4366.230460052946 ± 108.42847780949377
t04: 4693.230255764056 ± 170.12668704376964
ecos4: 0.03226913220336171 ± 0.031035417363889487
esin4: -0.033372781921587893 ± 0.019619655315640288
Retrieved Earth masses:
[0.7872371464071102, 1.0119741423000812, 0.08011792193530189, 371.43812282654505]
 ± [0.11700595194309385, 0.07303204857629952, 0.09323057457779863, 135.27271954549133]
Retrieved eccentricity:
[0.0007029357180426474, 0.01787268822611899, 0.09603334899025785, 0.04563544440800452]
 ± [0.01781450479858725, 0.013884462995027153, 0.31236738220734417, 0.043890708149921964]
