Global Fit Results.
per 3 range=[1826.25 - 5478.75, length=200]
mu_1: 2.428457036195665e-6 ± 1.6437445797222323e-7
P_1: 224.7007765184966 ± 3.883909244652591e-6
t01: 3503.765462028096 ± 0.00010152542727329213
ecos1: 0.004724674751152099 ± 0.007482520179581007
esin1: -0.0022474458385512656 ± 0.007995518162937266
mu_2: 3.0718689596274756e-6 ± 1.0924099112897082e-7
P_2: 365.25645097983045 ± 8.129757934687634e-6
t02: 3624.4023038696623 ± 0.00013420670152098805
ecos2: 0.017306130626916404 ± 0.005854314393232513
esin2: 0.0007620234776925919 ± 0.006418971212007767
mu_3: 0.0008726605400748722 ± 0.0001511986874297118
P_3: 4251.406914982949 ± 39.04988628786031
t03: 559.5596517059081 ± 105.74989644198561
ecos3: 0.02776100687193686 ± 0.018610740047738057
esin3: -0.036950239564221804 ± 0.010874960025740569
Retrieved Earth masses:
[0.8084775816729072, 1.022681130725834, 290.52458929492064]
 ± [0.05472325113824683, 0.03636831577051867, 50.33679712810123]
Retrieved eccentricity:
[0.006681699110881026, 0.024474564644785573, 0.0392599924234258]
 ± [0.010581881518693827, 0.008279250813305435, 0.026319560981311264]
