Global Fit Results.
chi^2: 1.6525501341540345
per 4 range=[547.875 - 1826.25, length=200]
mu_1: 2.333300855428707e-6 ± 4.919768859779129e-7
P_1: 224.7007725489404 ± 1.3022387370271065e-5
t01: 3503.7655381778163 ± 0.00035938785540440824
ecos1: -0.0006309832402564182 ± 0.020208455447590177
esin1: -0.0019503551348940625 ± 0.021644355832765
mu_2: 3.0311300563762714e-6 ± 3.43472951849849e-7
P_2: 365.2564578340954 ± 2.7998874924399127e-5
t02: 3624.402194268448 ± 0.0004810388174393863
ecos2: 0.01234204260128548 ± 0.01568883126870398
esin2: 0.0014165125086707114 ± 0.01752482838493498
mu_3: 2.2751700485831135e-7 ± 4.382001417423748e-7
P_3: 687.9954758839896 ± 7.86882893727054
t03: 382.3129060650151 ± 121.37599817420885
ecos3: -0.0804270524616487 ± 0.2920501661142589
esin3: -0.16484386883670576 ± 0.3884706134964626
mu_4: 0.0010766629377931079 ± 0.0005748650038750588
P_4: 4337.49010121094 ± 131.6063145803417
t04: 371.2570826817409 ± 352.655412262095
ecos4: 0.03274700682683353 ± 0.04983478704142662
esin4: -0.035446667273188064 ± 0.031362251229023336
Retrieved Earth masses:
[0.7767983558265984, 1.0091184077747468, 0.07574455513755693, 358.44070339718587]
 ± [0.1637880666966607, 0.11434840202758556, 0.1458848089977309, 191.38303095095276]
Retrieved eccentricity:
[0.0008923450560007477, 0.01745428403412444, 0.11374102837295601, 0.046311261181632306]
 ± [0.028579071768594484, 0.02218735795798426, 0.4130213058121002, 0.07047703171196049]
