Global Fit Results.
per 3 range=[1826.25 - 5478.75, length=200]
mu_1: 2.3106869873965182e-6 ± 5.075950893481385e-7
P_1: 224.70077736813863 ± 1.2905225169326885e-5
t01: 3503.765452321354 ± 0.0003147456069549445
ecos1: 0.0038643666362436647 ± 0.020004935063423514
esin1: -0.004852573775946394 ± 0.021677016883624407
mu_2: 3.072157670004974e-6 ± 3.326486314059191e-7
P_2: 365.25646141349426 ± 2.71076243242553e-5
t02: 3624.4022075944335 ± 0.00041602128471057394
ecos2: 0.016358276003002655 ± 0.015552621476301286
esin2: -0.0013266787043626153 ± 0.017515675473546807
mu_3: 0.0009802057474768376 ± 0.0004682121584615229
P_3: 4254.094542444861 ± 117.34995694541601
t03: 557.3805601628793 ± 296.81055092423964
ecos3: 0.04116997385167644 ± 0.04598150583737555
esin3: -0.03792564666469358 ± 0.028024965286466755
Retrieved Earth masses:
[0.7692697872472771, 1.0227772476693604, 326.32834777403366]
 ± [0.16898765108404465, 0.11074478858690043, 155.87635603215358]
Retrieved eccentricity:
[0.005465039706957888, 0.0231340957804887, 0.05822313538358651]
 ± [0.02829125048108661, 0.021994728222240346, 0.06502766917355414]
