Global Fit Results.
chi^2: 1.1302214757757512
per 4 range=[547.875 - 1826.25, length=200]
mu_1: 2.3226771054765895e-6 ± 6.628269685853571e-7
P_1: 224.70077310718705 ± 1.8654997283938754e-5
t01: 3503.765531413487 ± 0.0004468746895879289
ecos1: -0.00014706921073496276 ± 0.025201779107376556
esin1: -0.0021573556846323557 ± 0.0271486497684778
mu_2: 3.036334636766914e-6 ± 4.2320796246612997e-7
P_2: 365.25645811782056 ± 3.671700986316945e-5
t02: 3624.4021960032055 ± 0.0005951064426551906
ecos2: 0.012863895173830566 ± 0.019779766773925893
esin2: 0.0012913211091721804 ± 0.021877358454274444
mu_3: 2.2046711687272863e-7 ± 5.375500474572348e-7
P_3: 688.1664431507359 ± 12.608301694904272
t03: 379.67422534816455 ± 159.7854559352543
ecos3: -0.08170451746584126 ± 0.3852132939635295
esin3: -0.16758091358837188 ± 0.5012243291026509
mu_4: 0.0010654533039936354 ± 0.0007040986005090315
P_4: 4340.62938798482 ± 185.4310114231121
t04: 4710.68822872763 ± 335.4592600173832
ecos4: 0.032337111302599114 ± 0.062420715411889295
esin4: -0.03498144256933935 ± 0.03832263285225091
Retrieved Earth masses:
[0.7732615159560273, 1.0108511073881776, 0.07339751901350933, 354.70881212196133]
 ± [0.22066717122941787, 0.1408936394342565, 0.17896020226785905, 234.40724925921845]
Retrieved eccentricity:
[0.00020798727242889113, 0.01819229501977699, 0.11554763670734212, 0.04573158137210397]
 ± [0.03564069780958284, 0.027972814432262717, 0.5447738647296373, 0.08827622230852512]
