Global Fit Results.
per 3 range=[1826.25 - 5478.75, length=200]
mu_1: 2.5985744795587104e-6 ± 9.764518215764285e-7
P_1: 224.7007881570933 ± 2.7925184119571485e-5
t01: 3503.7653055139 ± 0.00046945398362575067
ecos1: 0.02571641698026839 ± 0.06085250042982747
esin1: 0.002080980428765609 ± 0.04928818113137178
mu_2: 3.1820434984477804e-6 ± 6.004960122047002e-7
P_2: 365.25643073967734 ± 7.999313423793317e-5
t02: 3624.402417257964 ± 0.0007893791431421963
ecos2: 0.03294688150224873 ± 0.047781779343056816
esin2: 0.0037588197496297476 ± 0.03859832869481016
mu_3: 0.0006320459955925377 ± 0.0006690641053523604
P_3: 4324.372255728093 ± 401.7846366207124
t03: 4659.640829744773 ± 428.85220529787676
ecos3: -0.008824159313066873 ± 0.15316519646024565
esin3: -0.08101908743313976 ± 0.10401456259502238
Retrieved Earth masses:
[0.8651127772561865, 1.0593602415273609, 210.41962464495833]
 ± [0.3250785974640605, 0.1999160604924797, 222.74362766854418]
Retrieved eccentricity:
[0.03636850566913731, 0.046593926658379414, 0.012479245777080025]
 ± [0.0860584314121766, 0.06757364038126955, 0.21660829811761897]
