Global Fit Results.
per 3 range=[1826.25 - 5478.75, length=200]
mu_1: 2.4541587688997274e-6 ± 6.315595147460658e-8
P_1: 224.70078887714692 ± 1.9269985002807025e-6
t01: 3503.7653015424444 ± 3.873773275027524e-5
ecos1: 0.014820279377909333 ± 0.00394332386253281
esin1: -0.0010365756795079112 ± 0.0037161387106697473
mu_2: 3.1672892857047294e-6 ± 4.6694037337499414e-8
P_2: 365.25646017624535 ± 4.0592426450417795e-6
t02: 3624.4021865701757 ± 5.138582765047805e-5
ecos2: 0.023740842917195193 ± 0.003070655599315668
esin2: 0.0015084572336246597 ± 0.0029577375097633615
mu_3: 0.0006742249574899999 ± 5.588336294784668e-5
P_3: 4201.47270661709 ± 16.040957709301153
t03: 549.8044657394528 ± 40.232250776584095
ecos3: 0.00889071516961515 ± 0.011000844924422251
esin3: -0.06988726801552857 ± 0.00715656944039884
Retrieved Earth masses:
[0.8170341566469227, 1.0544482953573449, 224.46176935004027]
 ± [0.021025766630992353, 0.015545295561129411, 18.604589440298483]
Retrieved eccentricity:
[0.020959040094397675, 0.033574622035666676, 0.012573369972065958]
 ± [0.005576702087223359, 0.0043425627939291025, 0.015557544089681173]
