Global Fit Results.
chi^2: 2.5429983205522233
per 4 range=[547.875 - 1826.25, length=200]
mu_1: 2.32267702937594e-6 ± 4.4188409679914575e-7
P_1: 224.70077310713023 ± 1.2436848933567216e-5
t01: 3503.765531414034 ± 0.0002979179346561473
ecos1: -0.00014724580925313407 ± 0.016801009673528038
esin1: -0.0021572405270000963 ± 0.01809888128466953
mu_2: 3.0363334695274396e-6 ± 2.821387152224641e-7
P_2: 365.2564581178755 ± 2.4477941806712685e-5
t02: 3624.402196002674 ± 0.0003967369945080871
ecos2: 0.01286375597331499 ± 0.013186399021149573
esin2: 0.0012914312133302259 ± 0.014584744111477806
mu_3: 2.2046790428175932e-7 ± 3.583591324290035e-7
P_3: 688.1663712147498 ± 8.405556921729655
t03: 379.6748886231746 ± 106.52375743068724
ecos3: -0.08170453810206027 ± 0.25680481477723
esin3: -0.16758115502844378 ± 0.3341350304847775
mu_4: 0.0010654596671921903 ± 0.0004694013805854402
P_4: 4340.630319700483 ± 123.62150324722347
t04: 4710.686455547353 ± 223.63860308618857
ecos4: 0.03233754411136645 ± 0.041613530757773645
esin4: -0.03498136766707375 ± 0.02554836502414901
Retrieved Earth masses:
[0.7732614906207349, 1.0108507187928952, 0.07339778115631829, 354.71093054666585]
 ± [0.14711126473933864, 0.09392911745175309, 0.11930428269403329, 156.2722697388761]
Retrieved eccentricity:
[0.00020823702044838399, 0.018192098160519973, 0.11554766589136294, 0.04573219345613264]
 ± [0.023760215741864918, 0.018648384334573033, 0.3631768519406693, 0.058850419575873426]
