Global Fit Results.
per 3 range=[1826.25 - 5478.75, length=200]
mu_1: 2.5985880793613032e-6 ± 5.326182308159853e-7
P_1: 224.70078815706242 ± 1.5231935042931158e-5
t01: 3503.7653055142628 ± 0.00025606594239803844
ecos1: 0.025717497093697566 ± 0.03319272508831294
esin1: 0.0020810415886105505 ± 0.02688464030458216
mu_2: 3.182049771356801e-6 ± 3.2754436933986943e-7
P_2: 365.2564307392123 ± 4.363251994680739e-5
t02: 3624.4024172623135 ± 0.00043056995398460453
ecos2: 0.03294772609194167 ± 0.02606317363174777
esin2: 0.003758826742339756 ± 0.021053764298716523
mu_3: 0.000632034517455844 ± 0.00036493675981014666
P_3: 4324.374927403051 ± 219.15514538524906
t03: 4659.638014011445 ± 233.9195855481
ecos3: -0.008826980621402171 ± 0.08354613136208945
esin3: -0.08102045824014396 ± 0.05673632406728077
Retrieved Earth masses:
[0.86511730487819, 1.0593623298930348, 210.41580336417883]
 ± [0.17731831067499068, 0.10904548677102424, 121.49409466064022]
Retrieved eccentricity:
[0.036370033180197756, 0.0465951210885778, 0.01248323570959144]
 ± [0.046941601992013846, 0.03685889362850253, 0.11815207205607108]
