Global Fit Results.
chi^2: 1.4940027143130181
per 4 range=[547.875 - 1826.25, length=200]
mu_1: 2.626066269029092e-6 ± 8.698405262217725e-7
P_1: 224.70076270669205 ± 5.2807298972816675e-5
t01: 3503.765660152319 ± 0.0012833814618516193
ecos1: -0.00385073826936523 ± 0.020924065518741364
esin1: 0.001382802495521161 ± 0.022961636357163837
mu_2: 3.0146617731239047e-6 ± 3.438486531257463e-7
P_2: 365.25644894414654 ± 4.2116287835011815e-5
t02: 3624.402245828348 ± 0.0004852244700450876
ecos2: 0.01010660158953554 ± 0.01674683961980474
esin2: 0.003937040684679762 ± 0.018083470010454808
mu_3: 3.59684627954396e-7 ± 5.345880639538537e-7
P_3: 677.0879143898457 ± 7.842382653565979
t03: 447.2470270827128 ± 107.59085834654222
ecos3: 0.08456859819266424 ± 0.4522686145915133
esin3: -0.16409771694657502 ± 0.37193287488874355
mu_4: 0.0011969235413578738 ± 0.0008122400680018396
P_4: 4306.772229909689 ± 223.04090088518882
t04: 347.78381741521343 ± 479.3725197338213
ecos4: 0.028450478967430453 ± 0.051243716548623246
esin4: -0.03446489012467592 ± 0.0341330431626135
Retrieved Earth masses:
[0.8742652947335778, 1.0036358163104007, 0.11974556429832567, 398.4776488697235]
 ± [0.2895857553166964, 0.11447347982572718, 0.17797410400708022, 270.40951358344523]
Retrieved eccentricity:
[0.005445766285685409, 0.01429289303742264, 0.11959805851494658, 0.04023505321175064]
 ± [0.029591097236587267, 0.023683607717214953, 0.6396044085910084, 0.0724695589294656]
