Global Fit Results.
per 3 range=[1826.25 - 5478.75, length=200]
mu_1: 2.605235212784148e-6 ± 8.664876135780997e-8
P_1: 224.70079746894703 ± 2.9484398447105125e-6
t01: 3503.765221213122 ± 4.4700379249272695e-5
ecos1: 0.021596394510690613 ± 0.0053164166834212285
esin1: 0.0028302593794931803 ± 0.00435899767916733
mu_2: 3.194160104159854e-6 ± 5.518888201882177e-8
P_2: 365.25642049770477 ± 7.389339327601796e-6
t02: 3624.4024921106625 ± 7.437518156315399e-5
ecos2: 0.030663142719526533 ± 0.004148518509468481
esin2: 0.003855660591375231 ± 0.003450392426196751
mu_3: 0.0006950048093303378 ± 6.535737560044052e-5
P_3: 4346.461067409503 ± 47.64034744673669
t03: 307.34914833887194 ± 77.05226857328533
ecos3: 0.0024597350842435455 ± 0.01252897792885973
esin3: -0.07399241988128548 ± 0.008303476546145763
Retrieved Earth masses:
[0.8673302566721313, 1.0633940802727757, 231.37976053250568]
 ± [0.028846950962434365, 0.018373384089062132, 21.758660821403396]
Retrieved eccentricity:
[0.030541914015378528, 0.04336423229893625, 0.0034785907159821496]
 ± [0.00751854857692089, 0.005866891139846142, 0.017718650509666603]
