Global Fit Results.
chi^2: 1.1497031626235548
per 4 range=[547.875 - 1826.25, length=200]
mu_1: 2.464531353681426e-6 ± 7.689126734795648e-7
P_1: 224.7007672988879 ± 3.198502521729945e-5
t01: 3503.765594216478 ± 0.0005744813192167862
ecos1: -0.0020944044695347056 ± 0.023345544292641764
esin1: 0.002052011062931217 ± 0.02523646743026347
mu_2: 3.0396628421916454e-6 ± 4.0930785486443476e-7
P_2: 365.2564572137824 ± 4.4354549862553645e-5
t02: 3624.4022018599253 ± 0.0006069560074613895
ecos2: 0.011904682047768582 ± 0.017936156685466498
esin2: 0.004513993949218149 ± 0.020133990055666566
mu_3: 2.6979583755413804e-7 ± 5.761437976842881e-7
P_3: 684.7299585503451 ± 12.709780607564314
t03: 396.2394903612132 ± 167.70014001366968
ecos3: -0.03723100160844355 ± 0.5052502403142226
esin3: -0.2037517511894364 ± 0.43549152891270343
mu_4: 0.0012225252278723782 ± 0.0009103453462549141
P_4: 4385.403245107117 ± 200.94066524208822
t04: 265.5134094957814 ± 458.9936262675475
ecos4: 0.03478095526695841 ± 0.05323194913532134
esin4: -0.0315251364803144 ± 0.03883219833321396
Retrieved Earth masses:
[0.82048737905729, 1.011959127597303, 0.0898199486505601, 407.00091664489474]
 ± [0.25598503473887313, 0.13626604042331553, 0.19180876470326305, 303.0705477006668]
Retrieved eccentricity:
[0.0029619352059108085, 0.01683576280769384, 0.05265258741539539, 0.049187698650824514]
 ± [0.033015585359635786, 0.02536555604143558, 0.7145317422446391, 0.07528134441872619]
