Global Fit Results.
chi^2: 2.4053214756666694
per 4 range=[547.875 - 1826.25, length=200]
mu_1: 2.364659340833785e-6 ± 4.686060633502409e-7
P_1: 224.70077011216966 ± 1.654657455622204e-5
t01: 3503.765569864195 ± 0.0003395061572815589
ecos1: -0.0004972505413605136 ± 0.016795628479459666
esin1: -0.0013862269080064488 ± 0.017918167927578426
mu_2: 3.0397068397535292e-6 ± 2.924909445588753e-7
P_2: 365.2564603062142 ± 2.8718749376512526e-5
t02: 3624.402178820201 ± 0.00042217341192933
ecos2: 0.012637750791053257 ± 0.013090375908043397
esin2: 0.0019360140026613108 ± 0.014443810585587786
mu_3: 2.4064892295382494e-7 ± 3.733894836759236e-7
P_3: 686.7262670361056 ± 9.413015625321394
t03: 388.6584663727722 ± 110.25466313733305
ecos3: -0.06790211458419489 ± 0.2945252873267929
esin3: -0.17877921098754215 ± 0.31720292723981486
mu_4: 0.0011157127242396314 ± 0.0005417816115567691
P_4: 4366.23248167546 ± 144.57126305087687
t04: 4693.228059662541 ± 226.83384956938207
ecos4: 0.032269313120469836 ± 0.04138013405518489
esin4: -0.03337262518499594 ± 0.02615936866073551
Retrieved Earth masses:
[0.7872381668124822, 1.0119737751870692, 0.080116409869325, 371.4410885967473]
 ± [0.15600749414458187, 0.09737556316360989, 0.12430816040184761, 180.3689670344965]
Retrieved eccentricity:
[0.000703218459489402, 0.017872478566598828, 0.09602809135878033, 0.0456357002634325]
 ± [0.023752605584231663, 0.01851258714571699, 0.41652165579938316, 0.05852034679365925]
