Global Fit Results.
chi^2: 15.457120300148468
per 4 range=[547.875 - 1826.25, length=200]
mu_1: 2.464533541940881e-6 ± 2.097087953805922e-7
P_1: 224.70076729891895 ± 8.722907181452645e-6
t01: 3503.7655942192105 ± 0.00015667443191119768
ecos1: -0.002094121419230019 ± 0.006367270822826204
esin1: 0.00205203360034003 ± 0.006883203804741745
mu_2: 3.039664291081056e-6 ± 1.1163108889043786e-7
P_2: 365.2564572135113 ± 1.2096717393383799e-5
t02: 3624.4022018640812 ± 0.00016553623762659877
ecos2: 0.011904888218233864 ± 0.004891944845181448
esin2: 0.0045140030851052474 ± 0.0054915414378590545
mu_3: 2.6980510702114453e-7 ± 1.571294415250661e-7
P_3: 684.7300505458442 ± 3.4663351588006557
t03: 396.24114085766223 ± 45.733988352533636
ecos3: -0.03723615636733635 ± 0.1377852896350111
esin3: -0.20374295867990186 ± 0.11876173822667954
mu_4: 0.0012225163502911922 ± 0.00024828546340199776
P_4: 4385.404635504237 ± 54.801215855701216
t04: 265.5096172833285 ± 125.19542810251093
ecos4: 0.034780536005758346 ± 0.014518212799744268
esin4: -0.031525535787036235 ± 0.010590760042346695
Retrieved Earth masses:
[0.8204881075687217, 1.0119596099589794, 0.08982303462496982, 406.9979611364129]
 ± [0.06981587782604656, 0.03716402285092057, 0.052311253195077914, 82.65875328403826]
Retrieved eccentricity:
[0.002961534912331087, 0.016836054376762, 0.05265987734533235, 0.04918710572594921]
 ± [0.009004680752943315, 0.006918254746436754, 0.19485782529733775, 0.020531853442817008]
