Global Fit Results.
per 3 range=[1826.25 - 5478.75, length=200]
mu_1: 2.3475140059241903e-6 ± 5.48319871769537e-7
P_1: 224.70079087522905 ± 1.772788100994608e-5
t01: 3503.765281963164 ± 0.00032542030312687374
ecos1: 0.012164650987426185 ± 0.031081565466777702
esin1: -0.0016095302047944657 ± 0.030698910729398718
mu_2: 3.1207880432471034e-6 ± 3.7356974719247025e-7
P_2: 365.25645006458484 ± 4.125461430784825e-5
t02: 3624.4022746741407 ± 0.00047034511202585175
ecos2: 0.022059209149953404 ± 0.02400845615062463
esin2: 0.0010948165275278423 ± 0.024304763587071117
mu_3: 0.0007332281120914771 ± 0.0005034839754628009
P_3: 4261.110520479364 ± 212.69572084292878
t03: 482.2858716446379 ± 419.49681416698496
ecos3: 0.014940240545443594 ± 0.08235415018201886
esin3: -0.06225313849684735 ± 0.05483228716323471
Retrieved Earth masses:
[0.7815301725189548, 1.0389671847234825, 244.10499425880963]
 ± [0.18254567295367874, 0.12436817341000435, 167.6189863877128]
Retrieved eccentricity:
[0.017203414407953373, 0.031196432755088776, 0.021128690804482736]
 ± [0.043955971422904264, 0.0339530842998531, 0.11646635610512177]
