Global Fit Results.
chi^2: 171.05312548319677
per 5 range=[8035.5 - 13149.0, length=500]
mu_1: 2.294077464964919e-6 ± 5.0854959595091485e-8
P_1: 224.70077094471063 ± 4.81503627883765e-6
t01: 3503.765552598401 ± 0.00011575587064282648
ecos1: 0.000638416354001484 ± 0.0020505972623318922
esin1: -0.004161053344356454 ± 0.0017996041648231705
mu_2: 3.0317394422869555e-6 ± 3.455812944435023e-8
P_2: 365.2564770472701 ± 2.3582774780193492e-5
t02: 3624.401920723445 ± 0.00036593011576669754
ecos2: 0.013671994855758745 ± 0.001613546965029981
esin2: -0.0003880992580445963 ± 0.0014511344031612108
mu_3: 6.426282842615611e-7 ± 1.0046900273709404e-7
P_3: 690.4855228539024 ± 1.1858580850982778
t03: 354.98538293700716 ± 19.792881814045764
ecos3: 0.02155785654576997 ± 0.01164369667576622
esin3: -0.0295208284290461 ± 0.013702169418482233
mu_4: 0.0011048203987712617 ± 5.877133567868839e-5
P_4: 4325.370759419848 ± 13.941705505966175
t04: 428.21627467476424 ± 35.394759626436596
ecos4: 0.04069409556641162 ± 0.004260107991897364
esin4: -0.03282461128253359 ± 0.004941385239243058
mu_5: 0.005457519215133907 ± 0.0017068210539662235
P_5: 12955.777242126385 ± 670.2496722389313
t05: 7177.917755057305 ± 440.6772668227305
ecos5: 0.0589748145401281 ± 0.006925366441795696
esin5: -0.006167690453576882 ± 0.008394248410889177
Retrieved Earth masses:
[0.763740174687494, 1.0093212834443726, 0.21394266129917044, 367.8148350447152, 1816.907555382165]
 ± [0.01693054237184382, 0.01150503076804544, 0.03344796105317215, 19.56604816679336, 568.2318185957117]
