Global Fit Results.
per 3 range=[1826.25 - 5478.75, length=200]
mu_1: 2.4541745790872655e-6 ± 1.8946790120225876e-7
P_1: 224.70078887728127 ± 5.781012850734176e-6
t01: 3503.765301540743 ± 0.00011621363086191712
ecos1: 0.01482169643812847 ± 0.011830440452777338
esin1: -0.0010360863537466015 ± 0.01114890490238188
mu_2: 3.167298909874339e-6 ± 1.4008408534318277e-7
P_2: 365.2564601760243 ± 1.2177793574181581e-5
t02: 3624.4021865743025 ± 0.00015415856624017606
ecos2: 0.023741927396122655 ± 0.009212348375456756
esin2: 0.001508787987976635 ± 0.00887359291490479
mu_3: 0.0006742061758485504 ± 0.00016764877890627032
P_3: 4201.476127724187 ± 48.12407110651592
t03: 549.7930282164389 ± 120.70370899159262
ecos3: 0.008887503517880428 ± 0.033004137520852676
esin3: -0.06988948906265226 ± 0.02147065033396
Retrieved Earth masses:
[0.8170394201463366, 1.0544514994187122, 224.45551659949427]
 ± [0.06307731546637148, 0.046636543641117315, 55.81333221891788]
Retrieved eccentricity:
[0.02096104412017828, 0.033576155720474, 0.012568828010625093]
 ± [0.01673076933716501, 0.013028228013876694, 0.04667489889641659]
