Global Fit Results.
chi^2: 18.361668138926767
per 4 range=[547.875 - 1826.25, length=200]
mu_1: 2.333303957674085e-6 ± 1.4759268948109507e-7
P_1: 224.70077254884856 ± 3.906765163483207e-6
t01: 3503.765538179783 ± 0.00010781661135523643
ecos1: -0.0006311368842418163 ± 0.006062627522903426
esin1: -0.00194994522242778 ± 0.006493216239475287
mu_2: 3.031128706637945e-6 ± 1.0304320341129277e-7
P_2: 365.25645783380764 ± 8.399524836237808e-6
t02: 3624.4021942730474 ± 0.0001443106292505975
ecos2: 0.012341901757582598 ± 0.00470675178974724
esin2: 0.0014168608621453194 ± 0.005257358850912725
mu_3: 2.2751865708065518e-7 ± 1.3146027999302992e-7
P_3: 687.9954727400526 ± 2.3607128444170367
t03: 382.3119409975769 ± 36.41212708031685
ecos3: -0.0804250991115331 ± 0.0876166846322208
esin3: -0.1648449842822987 ± 0.11654257978758836
mu_4: 0.0010766709092900556 ± 0.00017246500087317112
P_4: 4337.49609949168 ± 39.48292520868518
t04: 371.2381797199082 ± 105.80117608339883
ecos4: 0.032747437105726356 ± 0.014950456202803128
esin4: -0.03544720745222845 ± 0.00940863594534303
Retrieved Earth masses:
[0.776799388620592, 1.0091179584222727, 0.0757451051924704, 358.4433572537206]
 ± [0.04913629472778608, 0.03430495934665535, 0.043765521757513484, 57.41674023913954]
Retrieved eccentricity:
[0.0008925623414086747, 0.01745408485104965, 0.11373826591873047, 0.04631186968787814]
 ± [0.008573850066506428, 0.006656352215784385, 0.123908703697053, 0.02114313792566915]
