Global Fit Results.
chi^2: 1.0266208217770485
per 4 range=[547.875 - 1826.25, length=200]
mu_1: 2.5557705590937634e-6 ± 8.091944630978171e-7
P_1: 224.70079906839604 ± 2.1402086895439557e-5
t01: 3503.765175433412 ± 0.0003479720789192853
ecos1: 0.009191857105011508 ± 0.04291824037510231
esin1: -0.0007980169959188641 ± 0.03876954073320404
mu_2: 3.0597141105588963e-6 ± 4.255166252987914e-7
P_2: 365.25651564533194 ± 0.00010758090320596267
t02: 3624.4016385935456 ± 0.000920467486526949
ecos2: 0.0209556998505383 ± 0.03367533884922345
esin2: 0.0029015821513295645 ± 0.03063046425326677
mu_3: 1.0441972567304314e-7 ± 4.548897219114758e-7
P_3: 622.5465892668077 ± 7.847474068632346
t03: 593.4460101274517 ± 250.98760519283348
ecos3: 0.5086782145289162 ± 2.0620795855628677
esin3: 0.11910595963683249 ± 1.3193103159610853
mu_4: 0.0004512851266744773 ± 0.00043074680993808516
P_4: 3885.1377891234747 ± 373.57614997293433
t04: 4828.741574497848 ± 399.4336665693095
ecos4: -0.05938208055991324 ± 0.18094614177705343
esin4: -0.09569821576966428 ± 0.10634348475101849
Retrieved Earth masses:
[0.8508625724603742, 1.0186345600704363, 0.03476322868093284, 150.2410388245123]
 ± [0.26939557623522986, 0.14166223534352249, 0.15144107423657935, 143.4034590777102]
Retrieved eccentricity:
[0.012999248981302768, 0.029635834937651106, 0.719379629870524, 0.08397894368976101]
 ± [0.06069555761165823, 0.047624120918081374, 2.9162209165956985, 0.25589648776019386]
