Global Fit Results.
per 3 range=[1826.25 - 5478.75, length=200]
mu_1: 2.428457036195665e-6 ± 3.2874891594444646e-7
P_1: 224.7007765184966 ± 7.767818489305182e-6
t01: 3503.765462028096 ± 0.00020305085454658427
ecos1: 0.004724674751152099 ± 0.014965040359162013
esin1: -0.0022474458385512656 ± 0.015991036325874532
mu_2: 3.0718689596274756e-6 ± 2.1848198225794165e-7
P_2: 365.25645097983045 ± 1.6259515869375268e-5
t02: 3624.4023038696623 ± 0.0002684134030419761
ecos2: 0.017306130626916404 ± 0.011708628786465025
esin2: 0.0007620234776925919 ± 0.012837942424015534
mu_3: 0.0008726605400748722 ± 0.0003023973748594236
P_3: 4251.406914982949 ± 78.09977257572062
t03: 559.5596517059081 ± 211.49979288397122
ecos3: 0.02776100687193686 ± 0.037221480095476114
esin3: -0.036950239564221804 ± 0.021749920051481138
Retrieved Earth masses:
[0.8084775816729072, 1.022681130725834, 290.52458929492064]
 ± [0.10944650227649366, 0.07273663154103734, 100.67359425620246]
Retrieved eccentricity:
[0.006681699110881026, 0.024474564644785573, 0.0392599924234258]
 ± [0.021163763037387654, 0.01655850162661087, 0.05263912196262253]
