Global Fit Results.
chi^2: 1.82510367816702
per 4 range=[547.875 - 1826.25, length=200]
mu_1: 2.5557822628616315e-6 ± 6.068748056835994e-7
P_1: 224.70079906859556 ± 1.6051562893495906e-5
t01: 3503.7651754311255 ± 0.00026097749856922775
ecos1: 0.009192300989106604 ± 0.03219001600323223
esin1: -0.000797913329219636 ± 0.029077063516008996
mu_2: 3.0597158720070415e-6 ± 3.1914140492484367e-7
P_2: 365.25651564656505 ± 8.068449672003048e-5
t02: 3624.4016385838713 ± 0.0006903447640339077
ecos2: 0.02095602328885672 ± 0.02525769473741436
esin2: 0.0029017049690651105 ± 0.022972805399071896
mu_3: 1.0441777736923162e-7 ± 3.4116253504645727e-7
P_3: 622.5465998634735 ± 5.8854973667488
t03: 593.4513102654889 ± 188.24607230340075
ecos3: 0.5086867789244184 ± 1.5465724871777635
esin3: 0.1191403980224966 ± 0.9894930721462041
mu_4: 0.00045128083025636916 ± 0.0003230599945817346
P_4: 3885.1311423557836 ± 280.1775771616435
t04: 4828.743242691077 ± 299.57934091632256
ecos4: -0.059383875149317554 ± 0.1357128037316603
esin4: -0.09569904168745898 ± 0.07976145584071574
Retrieved Earth masses:
[0.8508664688578815, 1.0186351464886083, 0.034762580055105644, 150.23960846866487]
 ± [0.20203967703127185, 0.10624798685733991, 0.11357922218951487, 107.55255673119474]
Retrieved eccentricity:
[0.012999876728210177, 0.029636292348507606, 0.7193917417547968, 0.08398148162243549]
 ± [0.045523557204777985, 0.03571977445193094, 2.187183786559883, 0.191926887624992]
