Global Fit Results.
per 3 range=[1826.25 - 5478.75, length=200]
mu_1: 2.4284548768274113e-6 ± 5.479153368775739e-7
P_1: 224.70077651847555 ± 1.2946358407898957e-5
t01: 3503.765462028782 ± 0.00033841802317978074
ecos1: 0.0047247451581260425 ± 0.024941531609739158
esin1: -0.002248056996301995 ± 0.026651928302768742
mu_2: 3.071869727163856e-6 ± 3.64134793360825e-7
P_2: 365.25645097982493 ± 2.709938128294961e-5
t02: 3624.402303869722 ± 0.00044735737186734806
ecos2: 0.017306201583903596 ± 0.019514169536118276
esin2: 0.0007615345991186324 ± 0.02139667042810044
mu_3: 0.0008726610736969823 ± 0.0005039929586898061
P_3: 4251.4070174836215 ± 130.17106498084266
t03: 559.5652580541204 ± 352.51599893855484
ecos3: 0.027760812790229388 ± 0.06203510974215349
esin3: -0.03694964691419259 ± 0.036250349674566404
Retrieved Earth masses:
[0.8084768627798826, 1.0226813862526758, 290.524766947441]
 ± [0.18241099591954477, 0.1212271054218493, 167.78843617510782]
Retrieved eccentricity:
[0.006681798681378462, 0.024474664993119205, 0.039259717950442884]
 ± [0.035272652268850374, 0.027597203216426357, 0.08773089354065677]
