Global Fit Results.
chi^2: 1.9005009194625369
per 4 range=[547.875 - 1826.25, length=200]
mu_1: 2.3646587208774624e-6 ± 5.271874074092009e-7
P_1: 224.70077011208386 ± 1.8614792556766132e-5
t01: 3503.7655698667045 ± 0.0003819468165253358
ecos1: -0.0004971123817840371 ± 0.018894916416483384
esin1: -0.0013862314410097417 ± 0.020158067947997516
mu_2: 3.0397072707309418e-6 ± 3.290533264238944e-7
P_2: 365.25646030600024 ± 3.230885736343713e-5
t02: 3624.4021788235477 ± 0.00047494310879454057
ecos2: 0.012637835896612321 ± 0.014726533645957024
esin2: 0.0019360107248447566 ± 0.016249395487889375
mu_3: 2.406656525440671e-7 ± 4.2006708646903745e-7
P_3: 686.7263039591669 ± 10.589547816949038
t03: 388.6638822429431 ± 124.0297846949332
ecos3: -0.06791173547132405 ± 0.33128723490507384
esin3: -0.17876276424020432 ± 0.3568154191533485
mu_4: 0.001115707303273086 ± 0.0006094923572559542
P_4: 4366.230389951997 ± 162.64260889854594
t04: 4693.229408020311 ± 255.1914739239751
ecos4: 0.03226937105152018 ± 0.04655263782303672
esin4: -0.033372973909074566 ± 0.029429937554353285
Retrieved Earth masses:
[0.7872379604177299, 1.0119739186673, 0.08012197945464596, 371.4392838582414]
 ± [0.17551029064047202, 0.10954784606993608, 0.13984798460379597, 202.91110762838747]
Retrieved eccentricity:
[0.0007030230723425772, 0.01787259892403469, 0.09604169734784046, 0.04563578219030958]
 ± [0.02672144705609684, 0.020826463608856125, 0.4685109006438368, 0.06583537177358124]
