Global Fit Results.
per 4 range=[547.875 - 1826.25, length=50]
mu_1: 2.4797403351369212e-6 ± 1.423252867203723e-7
P_1: 224.70077540750134 ± 4.195679614845027e-6
t01: 3503.765445010792 ± 0.00011001926877011142
ecos1: -0.005918034487647422 ± 0.006351468265268938
esin1: 0.005921583024858546 ± 0.006304120840718942
mu_2: 2.978143523538098e-6 ± 1.0292021277712172e-7
P_2: 365.25645481446367 ± 8.432806131303034e-6
t02: 3624.4021537841336 ± 0.00014385558431222986
ecos2: 0.008846315414061437 ± 0.005070148102314001
esin2: 0.008153037265388505 ± 0.004970124154531125
mu_3: 3.988569302810042e-7 ± 1.1647851515904814e-7
P_3: 687.2013536221496 ± 2.0053546442946355
t03: 418.7916827855865 ± 20.684990738555708
ecos3: -0.10251264238148215 ± 0.03517921030556523
esin3: -0.07880402003139618 ± 0.04648633504608055
mu_4: 0.00100114792244061 ± 0.00017676065138664678
P_4: 4355.616117283903 ± 45.69745481172004
t04: 266.9322009865455 ± 118.68377733444963
ecos4: 0.026287870525110543 ± 0.018258827173292132
esin4: -0.04558394686880989 ± 0.011098438184084439
Retrieved Earth masses:
[0.8255507260152866, 0.9914782258436935, 0.13278673726599288, 333.3003792810046]
 ± [0.04738268040304691, 0.034264013524266494, 0.038777819351567405, 58.84684054031159]
Retrieved eccentricity:
[0.008369364635022695, 0.012510579235595846, 0.144974769170595, 0.03717666302251926]
 ± [0.008982332561725648, 0.007170272209532671, 0.0497509163277057, 0.025821881021496136]
