Global Fit Results.
chi^2: 1.6275189277429092
per 4 range=[547.875 - 1826.25, length=200]
mu_1: 2.322670556768607e-6 ± 5.523457976719421e-7
P_1: 224.70077310725296 ± 1.5545656301322195e-5
t01: 3503.7655314142708 ± 0.0003723951935329666
ecos1: -0.00014701674170246957 ± 0.021001216653255345
esin1: -0.002157267975968726 ± 0.022622554602584482
mu_2: 3.0363348998419818e-6 ± 3.526736983907465e-7
P_2: 365.256458117615 ± 3.059730756001971e-5
t02: 3624.402196006858 ± 0.0004959221357300057
ecos2: 0.012863917495650188 ± 0.01648298490067711
esin2: 0.0012913779601607836 ± 0.01823006284145254
mu_3: 2.2047254341529642e-7 ± 4.4795530417770535e-7
P_3: 688.1666507436215 ± 10.506547143941331
t03: 379.6763950819307 ± 133.149674663053
ecos3: -0.08171587314680714 ± 0.3209621741769415
esin3: -0.16757177519489866 ± 0.4176578262275494
mu_4: 0.0010654497502217558 ± 0.0005867356417695952
P_4: 4340.625082678859 ± 154.52785707961914
t04: 370.0676024136412 ± 381.55031114107425
ecos4: 0.03233762262168478 ± 0.052017101826815855
esin4: -0.034981106923855816 ± 0.031934743958733934
Retrieved Earth masses:
[0.7732593357718552, 1.0108511949706596, 0.07339932560837456, 354.70762900657064]
 ± [0.18388597701879397, 0.11741149814256695, 0.14913248026264966, 195.33498252960783]
Retrieved eccentricity:
[0.00020791307001153466, 0.018192326587597035, 0.11556369606537407, 0.04573230448648962]
 ± [0.02970020541736941, 0.02331046079492851, 0.4539090597297863, 0.07356329087882528]
