Global Fit Results.
per 3 range=[1826.25 - 5478.75, length=200]
mu_1: 2.375494710206956e-6 ± 1.7204465452374762e-7
P_1: 224.70078072322195 ± 4.859793785579491e-6
t01: 3503.7654005881554 ± 0.0001096247470469003
ecos1: 0.0017336520162144712 ± 0.006804836444461457
esin1: -0.004341988897870333 ± 0.007506403619221732
mu_2: 3.0627780865790525e-6 ± 1.1337125443551919e-7
P_2: 365.2564696847483 ± 1.0477570844746208e-5
t02: 3624.402121589934 ± 0.00014743257659512028
ecos2: 0.014804234686851441 ± 0.005311406291949674
esin2: -0.0007871696544670724 ± 0.006064615206692964
mu_3: 0.0009337002021711884 ± 0.0001567911821400229
P_3: 4234.639767170124 ± 42.19457852891279
t03: 4790.602098659605 ± 80.62944219157005
ecos3: 0.036716798576443006 ± 0.017682034489418044
esin3: -0.04755927507753671 ± 0.011784626340264979
Retrieved Earth masses:
[0.790845458642968, 1.0196546134978421, 310.84580464368787]
 ± [0.05727679928281144, 0.03774335565797811, 52.19864048440533]
Retrieved eccentricity:
[0.002451754193765966, 0.02093634947469952, 0.051925394513726846]
 ± [0.009623491989488104, 0.00751146281334902, 0.025006172985283823]
