Global Fit Results.
per 3 range=[1826.25 - 5478.75, length=200]
mu_1: 2.4263366771908034e-6 ± 5.096487537985351e-7
P_1: 224.70077479637055 ± 1.1798588068783358e-5
t01: 3503.765487758707 ± 0.0003282268472007167
ecos1: 0.004100790440125199 ± 0.02358493036186629
esin1: -0.0024594606409720165 ± 0.025791673436681702
mu_2: 3.078784642839495e-6 ± 3.493468823862142e-7
P_2: 365.2564513101074 ± 2.616106130321346e-5
t02: 3624.4022941306544 ± 0.00044498463116971946
ecos2: 0.016539546853009335 ± 0.01841425679141204
esin2: 0.0004564929384062186 ± 0.02075063496897899
mu_3: 0.0008651940566690877 ± 0.00048448805189298344
P_3: 4240.857938437701 ± 119.04815001212235
t03: 578.9991944264921 ± 343.5013932522063
ecos3: 0.026007184365751553 ± 0.06133570824392025
esin3: -0.03723719339987197 ± 0.03681394851964592
Retrieved Earth masses:
[0.8077716755378682, 1.0249834876362236, 288.03886096720595]
 ± [0.1696713533870614, 0.11630394049673413, 161.29489742074128]
Retrieved eccentricity:
[0.005799393456874991, 0.023390451475031045, 0.03677971284918337]
 ± [0.0333541283853763, 0.02604169169543578, 0.08674179045631127]
