Global Fit Results.
chi^2: 54.36896727504624
per 4 range=[547.875 - 1826.25, length=200]
mu_1: 2.541946085494898e-6 ± 8.241541313452562e-8
P_1: 224.7007876211663 ± 3.3543339051383436e-6
t01: 3503.7653957028892 ± 5.050863114719529e-5
ecos1: 0.014645160409146105 ± 0.004812424518129765
esin1: 0.013480317778634718 ± 0.0029518427724874886
mu_2: 3.0985174747461307e-6 ± 5.6572188597351244e-8
P_2: 365.25627107175427 ± 2.767017236027347e-5
t02: 3624.4038457801075 ± 0.00023911957507435032
ecos2: 0.024248987887787152 ± 0.003978030041280924
esin2: 0.012966800312932547 ± 0.002236313249566812
mu_3: 9.137132127968718e-6 ± 1.6005563526405151e-6
P_3: 1246.5362170911585 ± 3.3222862739907177
t03: 712.1516036038619 ± 16.741219532830932
ecos3: 0.22471110619593465 ± 0.025083834704107858
esin3: 0.11771798574622995 ± 0.026290493332106056
mu_4: 0.0016571550970424637 ± 0.0002729157830619001
P_4: 4904.923045640928 ± 59.844737049325005
t04: 4234.3282487354645 ± 53.13246936822557
ecos4: 0.034736182632663135 ± 0.008513903984939042
esin4: -0.04234109376296852 ± 0.005901061861415601
Retrieved Earth masses:
[0.8462601533866481, 1.031552906811301, 3.0419177181814367, 551.6971168708274]
 ± [0.027437592228502675, 0.018833912045971648, 0.5328543639137915, 90.85863533987384]
Retrieved eccentricity:
[0.020711384473743925, 0.034293247544729503, 0.3177894939981516, 0.04912438058418096]
 ± [0.00680579602143592, 0.0056257840359070855, 0.03547389923487425, 0.012040478484243132]
