Global Fit Results.
chi^2: 0.9104930217886026
per 4 range=[547.875 - 1826.25, length=200]
mu_1: 2.5548229546176616e-6 ± 9.071549516767132e-7
P_1: 224.70077119420253 ± 4.8686431195247864e-5
t01: 3503.765529246921 ± 0.000750862644597115
ecos1: 0.0013598468264382922 ± 0.03198001990274278
esin1: 0.004136479219213351 ± 0.03156705303047232
mu_2: 3.0760915653096395e-6 ± 4.733281635090424e-7
P_2: 365.2564572485977 ± 4.8724401697947525e-5
t02: 3624.40219018379 ± 0.0006116039042200638
ecos2: 0.0140149219367697 ± 0.024685616389918546
esin2: 0.006037536830217358 ± 0.025161434531731103
mu_3: 2.879542700845936e-7 ± 7.057994612987686e-7
P_3: 682.5763777152255 ± 18.209433863838335
t03: 414.2440745127362 ± 199.36864164209106
ecos3: 0.0015379743758000422 ± 0.5594802499671625
esin3: -0.18352784232203456 ± 0.41067687471523906
mu_4: 0.0011021007191920518 ± 0.0010344173691045982
P_4: 4351.297950369603 ± 246.70434687129642
t04: 4640.157921781318 ± 361.6290674715753
ecos4: 0.02521687209034007 ± 0.07209864133201976
esin4: -0.039444055353448276 ± 0.049152690729661046
Retrieved Earth masses:
[0.8505470976696728, 1.0240869130721515, 0.09586522159563622, 366.90940417385684]
 ± [0.30200840723257477, 0.1575795673004594, 0.23497349679728613, 344.3763840781221]
Retrieved eccentricity:
[0.0019231138246990451, 0.019820092678579912, 0.002175024220838715, 0.03566204251078651]
 ± [0.04522657787142035, 0.03491073349416237, 0.7912245573834505, 0.10196287640041574]
