Global Fit Results.
chi^2: 0.8495151135207825
per 4 range=[547.875 - 1826.25, length=200]
mu_1: 2.541948783707946e-6 ± 6.593240324876408e-7
P_1: 224.70078762133986 ± 2.6834462620774958e-5
t01: 3503.7653957005314 ± 0.000404065196720942
ecos1: 0.014645402230884891 ± 0.038500124602694114
esin1: 0.013480279699611752 ± 0.023614726781661186
mu_2: 3.0985197933122284e-6 ± 4.5258192456190645e-7
P_2: 365.25627107383036 ± 0.0002213642456163753
t02: 3624.403845761707 ± 0.001912979278165721
ecos2: 0.024249210451605236 ± 0.03182480160634089
esin2: 0.012966765026823627 ± 0.01789053264443166
mu_3: 9.137137695971623e-6 ± 1.2804715638530189e-5
P_3: 1246.5365888618005 ± 26.578615880977022
t03: 712.1492647883572 ± 133.93257601270366
ecos3: 0.2247094989273073 ± 0.2006732722353481
esin3: 0.11771659229708047 ± 0.21032792350080343
mu_4: 0.0016571413192902774 ± 0.002183341177785181
P_4: 4904.918737119608 ± 478.75921100605495
t04: 4234.331835285777 ± 425.0651753230229
ecos4: 0.03473618233975758 ± 0.06811228196492419
esin4: -0.04234131723577394 ± 0.04720930221510177
Retrieved Earth masses:
[0.8462610516709195, 1.0315536787041875, 3.0419195718710252, 551.6925300061629]
 ± [0.21950097999653823, 0.15067276646239947, 4.262923073848459, 726.8740476248706]
Retrieved eccentricity:
[0.020711726461326595, 0.03429356229749953, 0.3177872209770604, 0.04912438016994996]
 ± [0.054447398366184084, 0.04500706605152034, 0.28379486320101754, 0.09632531291897616]
