Global Fit Results.
chi^2: 10.62401928594125
per 4 range=[547.875 - 1826.25, length=200]
mu_1: 2.626049493396165e-6 ± 3.261933600303738e-7
P_1: 224.7007627077917 ± 1.9802034170306515e-5
t01: 3503.7656601331337 ± 0.0004812397804799731
ecos1: -0.003850921320937347 ± 0.00784645785148177
esin1: 0.001382583043620287 ± 0.008610780558812588
mu_2: 3.0146603646732204e-6 ± 1.289436171824679e-7
P_2: 365.2564489442181 ± 1.5793303564329807e-5
t02: 3624.4022458277755 ± 0.00018195445544751698
ecos2: 0.010106435715005035 ± 0.006280020066388398
esin2: 0.00393686954225464 ± 0.006781402708414855
mu_3: 3.5969171334675494e-7 ± 2.004722512031404e-7
P_3: 677.0879143848689 ± 2.9407543418402287
t03: 447.24846237050264 ± 40.34395918382008
ecos3: 0.08456899581137452 ± 0.16959102586032063
esin3: -0.16408687107505265 ± 0.1394599348992853
mu_4: 0.0011969226684984287 ± 0.00030457581368683543
P_4: 4306.7725166420205 ± 83.62135056742277
t04: 347.7860634706986 ± 179.74488756050317
ecos4: 0.02844992938549746 ± 0.019216018730695276
esin4: -0.034465017880771394 ± 0.012800252393989868
Retrieved Earth masses:
[0.8742597098198087, 1.003635347411513, 0.11974792315450233, 398.4773582789151]
 ± [0.10859571116327056, 0.042927678866886615, 0.06674086402580262, 101.39883622209177]
Retrieved eccentricity:
[0.0054460251597013105, 0.014292658455411947, 0.11959862083271931, 0.04023427598552736]
 ± [0.011096567110154375, 0.008881289549861657, 0.23983792882843172, 0.027175554303764688]
