Global Fit Results.
chi^2: 0.3775622724906501
per 4 range=[547.875 - 1826.25, length=200]
mu_1: 2.541950437821271e-6 ± 9.889990009228047e-7
P_1: 224.7007876213916 ± 4.0251960075515546e-5
t01: 3503.7653956996437 ± 0.0006061025599791456
ecos1: 0.014645333960551211 ± 0.05774895954428944
esin1: 0.013480329347589737 ± 0.03542194028949525
mu_2: 3.0985192354567257e-6 ± 6.788688710574708e-7
P_2: 365.25627107428835 ± 0.00033204241804371776
t02: 3624.403845757105 ± 0.002869437263765262
ecos2: 0.02424915371044856 ± 0.04773614862923472
esin2: 0.012966803777327767 ± 0.026835625996888324
mu_3: 9.137103713095192e-6 ± 1.920689972177434e-5
P_3: 1246.5366688893243 ± 39.86797891229045
t03: 712.149265207384 ± 200.8973889016387
ecos3: 0.22470891236084126 ± 0.30101537314793997
esin3: 0.11771871085355039 ± 0.3154968029236354
mu_4: 0.0016571394863296482 ± 0.003274969584475509
P_4: 4904.916005850695 ± 718.1475392784622
t04: 4234.332213454508 ± 637.5837400680218
ecos4: 0.03473635087186283 ± 0.10216762161994189
esin4: -0.04234139040183629 ± 0.07081420655480183
Retrieved Earth masses:
[0.8462616023553752, 1.0315534929839294, 3.041908258352464, 551.691919780182]
 ± [0.32925578201522954, 0.22600781276549575, 6.394326770886716, 1090.2970282138244]
Retrieved eccentricity:
[0.020711629912494797, 0.03429348205338621, 0.3177863914468089, 0.0491246185103389]
 ± [0.08166936180046931, 0.06750910880692157, 0.42570002318861466, 0.14448683613032445]
