Global Fit Results.
per 3 range=[1826.25 - 5478.75, length=200]
mu_1: 2.428450766991888e-6 ± 5.479158261480237e-8
P_1: 224.7007765184828 ± 1.2946356206980503e-6
t01: 3503.76546202796 ± 3.3841805890842066e-5
ecos1: 0.004724267910947895 ± 0.0024941536291658915
esin1: -0.0022481021974253505 ± 0.002665191667447647
mu_2: 3.0718665947373993e-6 ± 3.641343679531035e-8
P_2: 365.25645098025575 ± 2.7099050239556266e-6
t02: 3624.402303861666 ± 4.47354693063571e-5
ecos2: 0.017305799447786804 ± 0.0019514182139532049
esin2: 0.0007614899722016687 ± 0.0021396730752296297
mu_3: 0.0008726573180149068 ± 5.039944014593099e-5
P_3: 4251.400707996674 ± 13.017085853500932
t03: 559.576384810664 ± 35.25141756643798
ecos3: 0.027760307755463696 ± 0.006203609342650674
esin3: -0.03694999871133371 ± 0.00362499368170865
Retrieved Earth masses:
[0.8084754945407762, 1.0226803434108511, 290.52351661246837]
 ± [0.018241115880658954, 0.012122696379587001, 16.778891649935566]
Retrieved eccentricity:
[0.006681123751946522, 0.02447409628676892, 0.03925900372342777]
 ± [0.0035272658890084787, 0.0027597221040345046, 0.008773228468041024]
