Global Fit Results.
per 3 range=[1826.25 - 5478.75, length=200]
mu_1: 2.375494710206956e-6 ± 6.881786180949905e-7
P_1: 224.70078072322195 ± 1.9439175142317964e-5
t01: 3503.7654005881554 ± 0.0004384989881876012
ecos1: 0.0017336520162144712 ± 0.02721934577784583
esin1: -0.004341988897870333 ± 0.03002561447688693
mu_2: 3.0627780865790525e-6 ± 4.5348501774207677e-7
P_2: 365.2564696847483 ± 4.191028337898483e-5
t02: 3624.402121589934 ± 0.0005897303063804811
ecos2: 0.014804234686851441 ± 0.021245625167798696
esin2: -0.0007871696544670724 ± 0.024258460826771855
mu_3: 0.0009337002021711884 ± 0.0006271647285600916
P_3: 4234.639767170124 ± 168.77831411565117
t03: 4790.602098659605 ± 322.5177687662802
ecos3: 0.036716798576443006 ± 0.07072813795767217
esin3: -0.04755927507753671 ± 0.047138505361059915
Retrieved Earth masses:
[0.790845458642968, 1.0196546134978421, 310.84580464368787]
 ± [0.22910719713124575, 0.15097342263191244, 208.79456193762132]
Retrieved eccentricity:
[0.002451754193765966, 0.02093634947469952, 0.051925394513726846]
 ± [0.038493967957952416, 0.03004585125339608, 0.1000246919411353]
