Global Fit Results.
per 3 range=[1826.25 - 5478.75, length=200]
mu_1: 2.428458912979223e-6 ± 6.027037749412164e-7
P_1: 224.70077651848783 ± 1.424098753578782e-5
t01: 3503.76546202845 ± 0.0003722597352696933
ecos1: 0.004724715266333682 ± 0.02743581414248145
esin1: -0.002247343151755202 ± 0.029316882338256127
mu_2: 3.071869023397362e-6 ± 4.005498757768276e-7
P_2: 365.25645097962126 ± 2.98090563895564e-5
t02: 3624.40230387343 ± 0.0004920903215887029
ecos2: 0.017306164935927116 ± 0.02146576016826673
esin2: 0.0007621110166013759 ± 0.02353612786111455
mu_3: 0.0008726621643484393 ± 0.0005543944065065834
P_3: 4251.410278648032 ± 143.18374642910945
t03: 4810.961600640486 ± 305.24867245116724
ecos3: 0.027761141286575617 ± 0.06823908498750579
esin3: -0.036950357405012305 ± 0.03987438735348304
Retrieved Earth masses:
[0.8084782064883392, 1.0226811519559909, 290.5251300451772]
 ± [0.20065106492184462, 0.1333503496585397, 184.56799621523783]
Retrieved eccentricity:
[0.0066817564080003024, 0.02447461316505383, 0.03926018251443091]
 ± [0.03880010045504483, 0.03035716915661098, 0.09650463947326095]
