Global Fit Results.
per 3 range=[1826.25 - 5478.75, length=200]
mu_1: 2.3475140059241903e-6 ± 6.853998397119213e-8
P_1: 224.70079087522905 ± 2.21598512624326e-6
t01: 3503.765281963164 ± 4.067753789085922e-5
ecos1: 0.012164650987426185 ± 0.0038851956833472127
esin1: -0.0016095302047944657 ± 0.0038373638411748397
mu_2: 3.1207880432471034e-6 ± 4.669621839905878e-8
P_2: 365.25645006458484 ± 5.156826788481031e-6
t02: 3624.4022746741407 ± 5.879313900323147e-5
ecos2: 0.022059209149953404 ± 0.0030010570188280785
esin2: 0.0010948165275278423 ± 0.0030380954483838897
mu_3: 0.0007332281120914771 ± 6.293549693285011e-5
P_3: 4261.110520479364 ± 26.586965105366097
t03: 482.2858716446379 ± 52.43710177087312
ecos3: 0.014940240545443594 ± 0.010294268772752357
esin3: -0.06225313849684735 ± 0.006854035895404339
Retrieved Earth masses:
[0.7815301725189548, 1.0389671847234825, 244.10499425880963]
 ± [0.022818209119209842, 0.015546021676250544, 20.9523732984641]
Retrieved eccentricity:
[0.017203414407953373, 0.031196432755088776, 0.021128690804482736]
 ± [0.005494496427863033, 0.004244135537481638, 0.01455829451314022]
