Global Fit Results.
per 3 range=[1826.25 - 5478.75, length=200]
mu_1: 2.3475108357675745e-6 ± 8.224782210714115e-7
P_1: 224.70079087533483 ± 2.659187433727157e-5
t01: 3503.7652819614555 ± 0.00048813086847381557
ecos1: 0.012164258564858888 ± 0.046621661953560496
esin1: -0.0016094826297751766 ± 0.046046782379177656
mu_2: 3.1207849454869607e-6 ± 5.603504019105967e-7
P_2: 365.25645006535467 ± 6.188259128943628e-5
t02: 3624.402274665489 ± 0.0007055328778653098
ecos2: 0.022058905476658442 ± 0.03601215722720243
esin2: 0.0010948852605246573 ± 0.036455963094940126
mu_3: 0.0007332308744738146 ± 0.0007552213388130832
P_3: 4261.102897723145 ± 319.0605995240922
t03: 482.2969887098209 ± 629.2410994949944
ecos3: 0.0149411106112327 ± 0.12352847536198511
esin3: -0.06225315594196663 ± 0.08224662722811273
Retrieved Earth masses:
[0.7815291171160731, 1.0389661534227053, 244.10591390620658]
 ± [0.2738179812281731, 0.1865508555736373, 251.42694004086195]
Retrieved eccentricity:
[0.01720285943863652, 0.03119600329619651, 0.02112992126332185]
 ± [0.06593298663509897, 0.050928881161021955, 0.17469564519619005]
