Global Fit Results.
chi^2: 2.009282624540569
per 4 range=[547.875 - 1826.25, length=200]
mu_1: 2.322678566427186e-6 ± 4.971231835149559e-7
P_1: 224.7007731070536 ± 1.3991359924601764e-5
t01: 3503.7655314151084 ± 0.00033515652030083754
ecos1: -0.00014723996179639623 ± 0.018901164365653422
esin1: -0.0021572216334209224 ± 0.02036136981428257
mu_2: 3.036333474048144e-6 ± 3.174062566464774e-7
P_2: 365.2564581178635 ± 2.753768761787953e-5
t02: 3624.4021960027267 ± 0.0004463318366898067
ecos2: 0.012863757148896988 ± 0.0148347378155748
esin2: 0.0012914510962947488 ± 0.01640793354949049
mu_3: 2.2047284443955833e-7 ± 4.0313981343410487e-7
P_3: 688.1663149068962 ± 9.456199083252049
t03: 379.6763757967844 ± 119.83276366665211
ecos3: -0.08170420945386785 ± 0.2888994518756363
esin3: -0.1675775177786835 ± 0.3758839975803355
mu_4: 0.0010654593234749844 ± 0.000528077970617763
P_4: 4340.630606140618 ± 139.074302283662
t04: 4710.685975994545 ± 251.59409071153945
ecos4: 0.03233741759646678 ± 0.04681566886883619
esin4: -0.03498150717409618 ± 0.028742011018005092
Retrieved Earth masses:
[0.7732620023330921, 1.01085072029792, 0.07339942582483451, 354.71081611694717]
 ± [0.16550136288650633, 0.10567032438976126, 0.13421258708033876, 175.80677535420324]
Retrieved eccentricity:
[0.00020822875089575993, 0.01819209982304398, 0.11554720111263195, 0.045732014537045694]
 ± [0.02673028299055013, 0.020979487413034903, 0.4085655230046782, 0.06620735384587603]
