Global Fit Results.
chi^2: 0.9660700187592792
per 4 range=[547.875 - 1826.25, length=200]
mu_1: 2.464533541940881e-6 ± 8.388351815223688e-7
P_1: 224.70076729891895 ± 3.489162872581058e-5
t01: 3503.7655942192105 ± 0.0006266977276447907
ecos1: -0.002094121419230019 ± 0.025469083291304817
esin1: 0.00205203360034003 ± 0.02753281521896698
mu_2: 3.039664291081056e-6 ± 4.4652435556175143e-7
P_2: 365.2564572135113 ± 4.8386869573535195e-5
t02: 3624.4022018640812 ± 0.0006621449505063951
ecos2: 0.011904888218233864 ± 0.01956777938072579
esin2: 0.0045140030851052474 ± 0.021966165751436218
mu_3: 2.6980510702114453e-7 ± 6.285177661002644e-7
P_3: 684.7300505458442 ± 13.865340635202623
t03: 396.24114085766223 ± 182.93595341013454
ecos3: -0.03723615636733635 ± 0.5511411585400444
esin3: -0.20374295867990186 ± 0.47504695290671817
mu_4: 0.0012225163502911922 ± 0.000993141853607991
P_4: 4385.404635504237 ± 219.20486342280486
t04: 265.5096172833285 ± 500.7817124100437
ecos4: 0.034780536005758346 ± 0.05807285119897707
esin4: -0.031525535787036235 ± 0.04236304016938678
Retrieved Earth masses:
[0.8204881075687217, 1.0119596099589794, 0.08982303462496982, 406.9979611364129]
 ± [0.27926351130418625, 0.14865609140368227, 0.20924501278031166, 330.635013136153]
Retrieved eccentricity:
[0.002961534912331087, 0.016836054376762, 0.05265987734533235, 0.04918710572594921]
 ± [0.03601872301177326, 0.027673018985747016, 0.779431301189351, 0.08212741377126803]
