Global Fit Results.
per 3 range=[1826.25 - 5478.75, length=200]
mu_1: 2.347510459812698e-6 ± 6.854026882019731e-7
P_1: 224.70079087520597 ± 2.2159790456339034e-5
t01: 3503.7652819635227 ± 0.00040677507253037527
ecos1: 0.012164431711082429 ± 0.03885160090763351
esin1: -0.0016097007571389099 ± 0.03837159418555241
mu_2: 3.1207867471216993e-6 ± 4.6695953139472496e-7
P_2: 365.25645006473206 ± 5.156881290151838e-5
t02: 3624.402274671998 ± 0.0005879365087839531
ecos2: 0.02205904708866221 ± 0.03001024502114893
esin2: 0.0010946972158478758 ± 0.030379383025760064
mu_3: 0.0007332338428664119 ± 0.000629354827560119
P_3: 4261.108816450117 ± 265.8784509403617
t03: 4743.400189460423 ± 363.6945800891932
ecos3: 0.014941287792502048 ± 0.10294009047505104
esin3: -0.06225247507478344 ± 0.06853871495322318
Retrieved Earth masses:
[0.7815289919538467, 1.0389667532197264, 244.10690213817145]
 ± [0.22818303950632193, 0.15545933366502568, 209.52368578736431]
Retrieved eccentricity:
[0.017203104304374127, 0.031196203565812836, 0.02113017183547596]
 ± [0.05494446092348216, 0.04244089551904847, 0.14557927206173063]
