Global Fit Results.
chi^2: 0.6712218184501911
per 4 range=[547.875 - 1826.25, length=200]
mu_1: 2.541951600542202e-6 ± 7.417466521964205e-7
P_1: 224.7007876214795 ± 3.0189043670782744e-5
t01: 3503.765395697853 ± 0.00045457916828016166
ecos1: 0.014645719213980692 ± 0.04331330043348897
esin1: 0.013480155691140538 ± 0.026566927386500964
mu_2: 3.0985228026978382e-6 ± 5.091594806360385e-7
P_2: 365.256271076829 ± 0.00024903393035468117
t02: 3624.4038457354472 ± 0.002152102904909562
ecos2: 0.024249481034242067 ± 0.03580340866808524
esin2: 0.012966654479818233 ± 0.020127188795672307
mu_3: 9.136975819408646e-6 ± 1.4405206894091952e-5
P_3: 1246.5365523827038 ± 29.901796927452725
t03: 712.1491328640045 ± 150.6785733628936
ecos3: 0.22470807409215987 ± 0.22576230029635858
esin3: 0.11771697417986744 ± 0.23662083134489445
mu_4: 0.0016571098012204244 ± 0.0024562372744402856
P_4: 4904.911072013253 ± 538.6212540069729
t04: 4234.338957579935 ± 478.20804105794156
ecos4: 0.0347353219944522 ± 0.07662870203671959
esin4: -0.04234186094634509 ± 0.05311146446526909
Retrieved Earth masses:
[0.846261989446352, 1.031554680583473, 3.04186568021463, 551.6820370666074]
 ± [0.24694097142487778, 0.16950846543915998, 4.79575576575899, 817.7261290013345]
Retrieved eccentricity:
[0.02071217474311972, 0.03429394495913428, 0.3177852059558708, 0.04912316345795077]
 ± [0.061254256904180564, 0.05063366611759258, 0.3192761069516577, 0.10836934968737566]
