Global Fit Results.
chi^2: 2.5821095829484757
per 4 range=[547.875 - 1826.25, length=200]
mu_1: 2.3333037732015555e-6 ± 3.935786128769081e-7
P_1: 224.70077254882125 ± 1.0417980266889763e-5
t01: 3503.7655381793465 ± 0.0002875101954734891
ecos1: -0.0006311476523915463 ± 0.01616691649174479
esin1: -0.001950032409639644 ± 0.017314699944929256
mu_2: 3.031128202556323e-6 ± 2.747807932112266e-7
P_2: 365.25645783383465 ± 2.239849802162163e-5
t02: 3624.402194272025 ± 0.00038482412023901766
ecos2: 0.012341892906642775 ± 0.012551226414751175
esin2: 0.0014167958814797 ± 0.014019324257777193
mu_3: 2.2752405893679326e-7 ± 3.505559525312498e-7
P_3: 687.9953776509727 ± 6.2950856723546895
t03: 382.3146990014412 ± 97.09737392634271
ecos3: -0.08042679062408953 ± 0.2336297883655303
esin3: -0.16484074534148183 ± 0.3107598625924315
mu_4: 0.0010766698551944714 ± 0.00045990332941303906
P_4: 4337.49449859641 ± 105.28009529570703
t04: 371.2421701697101 ± 282.108703289662
ecos4: 0.032747303584754674 ± 0.039868193521248936
esin4: -0.03544730711385214 ± 0.025089379864895442
Retrieved Earth masses:
[0.7767993272063268, 1.0091177906043187, 0.07574690356877353, 358.4430063261002]
 ± [0.13102948925766464, 0.09147953118972796, 0.11670646197121846, 153.11019549666594]
Retrieved eccentricity:
[0.0008925775698720644, 0.017454072333930513, 0.1137406580787287, 0.04631168086070913]
 ± [0.02286347256437874, 0.01775011462015655, 0.3304024152808889, 0.0563821399850654]
