Global Fit Results.
per 3 range=[1826.25 - 5478.75, length=200]
mu_1: 2.4284583979834746e-6 ± 4.931202502039173e-7
P_1: 224.70077651849076 ± 1.165172094361728e-5
t01: 3503.76546202839 ± 0.0003045762111768866
ecos1: 0.0047246909151652024 ± 0.02244743996109003
esin1: -0.002247331709617365 ± 0.023986367086099986
mu_2: 3.071868869665088e-6 ± 3.2772257327244925e-7
P_2: 365.256450979648 ± 2.4389252794109596e-5
t02: 3624.4023038729188 ± 0.0004026195461430048
ecos2: 0.017306145136834483 ± 0.017562849181746
esin2: 0.000762122690503281 ± 0.019256690325042347
mu_3: 0.0008726630742623594 ± 0.00045359476707052806
P_3: 4251.409855201012 ± 117.1499613004083
t03: 4810.962075020194 ± 249.74701425301785
ecos3: 0.027761298064394823 ± 0.05583155812641697
esin3: -0.03695032180313121 ± 0.032624398271663205
Retrieved Earth masses:
[0.8084780350368739, 1.0226811007757166, 290.5254329720953]
 ± [0.1641687134738668, 0.10910481410616311, 151.0099601824369]
Retrieved eccentricity:
[0.006681721970247579, 0.02447458516490851, 0.03926040423174911]
 ± [0.0317454740335293, 0.024837619506738406, 0.07895774671080066]
