Global Fit Results.
per 3 range=[1826.25 - 5478.75, length=200]
mu_1: 2.4541617834724463e-6 ± 6.315606952296794e-7
P_1: 224.70078887716838 ± 1.927002003966165e-5
t01: 3503.7653015422406 ± 0.0003873779256136979
ecos1: 0.01482036693050148 ± 0.03943326122210935
esin1: -0.0010362665617346051 ± 0.037162394998648964
mu_2: 3.1672896241292998e-6 ± 4.669421556883449e-7
P_2: 365.25646017618953 ± 4.059257467570288e-5
t02: 3624.402186572125 ± 0.0005138600287707287
ecos2: 0.023740907252655284 ± 0.030706620116777224
esin2: 0.001508696718384901 ± 0.029578218247808787
mu_3: 0.0006742249801734762 ± 0.0005588331525272613
P_3: 4201.475274214993 ± 160.41478018245022
t03: 549.7967241747925 ± 402.34318779571623
ecos3: 0.008890848012030906 ± 0.1100094661806841
esin3: -0.0698876546145944 ± 0.07156494990147234
Retrieved Earth masses:
[0.8170351602530912, 1.0544484080250487, 224.46177690178268]
 ± [0.210258059314421, 0.1554535489758734, 186.0457356172409]
Retrieved eccentricity:
[0.02095916391246091, 0.03357471301974688, 0.012573557839611976]
 ± [0.05576705282890809, 0.04342571862378486, 0.1555768790621478]
