Global Fit Results.
per 3 range=[1826.25 - 5478.75, length=200]
mu_1: 2.5985796813149085e-6 ± 7.10136844384897e-7
P_1: 224.7007881570401 ± 2.03091390252069e-5
t01: 3503.76530551443 ± 0.0003414210540534475
ecos1: 0.025716533509934966 ± 0.044256082041749654
esin1: 0.0020816969124180674 ± 0.035845894921197066
mu_2: 3.182044038049002e-6 ± 4.3672681088662744e-7
P_2: 365.25643073884277 ± 5.8178006350412395e-5
t02: 3624.402417265434 ± 0.0005740926133618806
ecos2: 0.03294696972946109 ± 0.03475023620720615
esin2: 0.003759365751429986 ± 0.028071404574247002
mu_3: 0.0006320445294198366 ± 0.0004865817082846576
P_3: 4324.377283103666 ± 292.2188384352279
t03: 335.255983211311 ± 513.7403154032651
ecos3: -0.008824434451286544 ± 0.1113915358590065
esin3: -0.08102001017196142 ± 0.07564696246879032
Retrieved Earth masses:
[0.8651145090155749, 1.0593604211704364, 210.4191365293598]
 ± [0.23641749063205267, 0.14539431031914415, 161.9919137694622]
Retrieved eccentricity:
[0.0363686704669722, 0.046594051430499696, 0.012479634881281811]
 ± [0.06258755144093874, 0.04914425533989952, 0.15753142074537596]
