Global Fit Results.
chi^2: 1.0690317662279791
per 4 range=[547.875 - 1826.25, length=200]
mu_1: 2.3646562758006146e-6 ± 7.029110855121688e-7
P_1: 224.70077011236833 ± 2.4819691450631944e-5
t01: 3503.7655698629305 ± 0.00050925533278285
ecos1: -0.0004970506129661909 ± 0.025193514293122672
esin1: -0.0013863343722847021 ± 0.026877401149253362
mu_2: 3.039707942465834e-6 ± 4.387386768744129e-7
P_2: 365.2564603059049 ± 4.3078647095228255e-5
t02: 3624.4021788237596 ± 0.0006332626219774984
ecos2: 0.012637899042721706 ± 0.019635595873834764
esin2: 0.0019359181697751924 ± 0.02166583846919782
mu_3: 2.4065346480797646e-7 ± 5.600809470895608e-7
P_3: 686.7264413025163 ± 14.119768399597397
t03: 388.65904224014815 ± 165.3740946928454
ecos3: -0.06790583229106562 ± 0.44175418836060637
esin3: -0.17877190328304507 ± 0.4757859988712864
mu_4: 0.0011157038158348981 ± 0.0008126483529842068
P_4: 4366.230460052946 ± 216.85695561898754
t04: 4693.230255764056 ± 340.25337408753927
ecos4: 0.03226913220336171 ± 0.062070834727778974
esin4: -0.033372781921587893 ± 0.039239310631280576
Retrieved Earth masses:
[0.7872371464071102, 1.0119741423000812, 0.08011792193530189, 371.43812282654505]
 ± [0.2340119038861877, 0.14606409715259905, 0.18646114915559725, 270.54543909098265]
Retrieved eccentricity:
[0.0007029357180426474, 0.01787268822611899, 0.09603334899025785, 0.04563544440800452]
 ± [0.0356290095971745, 0.027768925990054306, 0.6247347644146883, 0.08778141629984393]
