Global Fit Results.
per 3 range=[1826.25 - 5478.75, length=200]
mu_1: 2.6052275217951952e-6 ± 5.198885471570961e-7
P_1: 224.70079746897278 ± 1.769060404074606e-5
t01: 3503.7652212129246 ± 0.0002682028307144241
ecos1: 0.021595651632726327 ± 0.031897294562226654
esin1: 0.0028302943959672747 ± 0.02615460181538679
mu_2: 3.1941557344538894e-6 ± 3.311293123161114e-7
P_2: 365.2564204977694 ± 4.4336974431220226e-5
t02: 3624.4024921098703 ± 0.0004462536851141453
ecos2: 0.030662567088098926 ± 0.024890074468170802
esin2: 0.0038557083203565583 ± 0.020702806153129843
mu_3: 0.0006950139427668696 ± 0.0003921520824133382
P_3: 4346.4603838203275 ± 285.8419239352852
t03: 4653.81102382828 ± 240.4249065443988
ecos3: 0.002461532815231877 ± 0.07517251546551078
esin3: -0.07399149759520215 ± 0.04981928282113408
Retrieved Earth masses:
[0.8673276962018177, 1.063392625518066, 231.38280121989257]
 ± [0.17308036711387156, 0.1102389795875197, 130.55457128210247]
Retrieved eccentricity:
[0.030540863427286246, 0.0433634182331644, 0.0034811330915273464]
 ± [0.045109586572910504, 0.03519988088136345, 0.10630999088902658]
