Global Fit Results.
per 3 range=[1826.25 - 5478.75, length=200]
mu_1: 2.4541587688997274e-6 ± 5.052476117968527e-7
P_1: 224.70078887714692 ± 1.541598800224562e-5
t01: 3503.7653015424444 ± 0.00030990186200220194
ecos1: 0.014820279377909333 ± 0.03154659090026248
esin1: -0.0010365756795079112 ± 0.02972910968535798
mu_2: 3.1672892857047294e-6 ± 3.735522986999953e-7
P_2: 365.25646017624535 ± 3.2473941160334236e-5
t02: 3624.4021865701757 ± 0.0004110866212038244
ecos2: 0.023740842917195193 ± 0.024565244794525345
esin2: 0.0015084572336246597 ± 0.023661900078106892
mu_3: 0.0006742249574899999 ± 0.0004470669035827734
P_3: 4201.47270661709 ± 128.32766167440923
t03: 549.8044657394528 ± 321.85800621267276
ecos3: 0.00889071516961515 ± 0.08800675939537801
esin3: -0.06988726801552857 ± 0.05725255552319072
Retrieved Earth masses:
[0.8170341566469227, 1.0544482953573449, 224.46176935004027]
 ± [0.16820613304793883, 0.12436236448903529, 148.83671552238786]
Retrieved eccentricity:
[0.020959040094397675, 0.033574622035666676, 0.012573369972065958]
 ± [0.04461361669778687, 0.03474050235143282, 0.12446035271744939]
