Global Fit Results.
per 3 range=[1826.25 - 5478.75, length=200]
mu_1: 2.3475089616423214e-6 ± 6.168650505123311e-7
P_1: 224.7007908751768 ± 1.9943791056354605e-5
t01: 3503.765281964647 ± 0.000366096230354033
ecos1: 0.012164577838698697 ± 0.03496672980685634
esin1: -0.0016107129303808484 ± 0.03453490168537612
mu_2: 3.1207883150518858e-6 ± 4.2026391960276877e-7
P_2: 365.25645006439015 ± 4.6411025585841205e-5
t02: 3624.4022746759915 ± 0.0005291321200250528
ecos2: 0.02205918131053118 ± 0.02700938891511681
esin2: 0.0010938794826281485 ± 0.027341875787453507
mu_3: 0.0007332312554505113 ± 0.0005664171302906677
P_3: 4261.113501634384 ± 239.27309304296804
t03: 482.29221525078003 ± 471.89330980865395
ecos3: 0.0149397491576949 ± 0.09264698682481926
esin3: -0.062251666801295576 ± 0.06168557004401956
Retrieved Earth masses:
[0.7815284931856392, 1.0389672752122454, 244.10604074028836]
 ± [0.20536561150697757, 0.1399135139393289, 188.57057995676658]
Retrieved eccentricity:
[0.017203310960030888, 0.031196393384200303, 0.02112799587726415]
 ± [0.04945042352469179, 0.03819704411516773, 0.13102262528066083]
