Global Fit Results.
chi^2: 1.2722361512299265
per 4 range=[547.875 - 1826.25, length=200]
mu_1: 2.364655922785943e-6 ± 6.443336921145785e-7
P_1: 224.70077011239619 ± 2.275122780046566e-5
t01: 3503.7655698617386 ± 0.00046681619536024583
ecos1: -0.0004969963061615979 ± 0.023093746927908554
esin1: -0.001386340883904307 ± 0.024637706879892914
mu_2: 3.0397081676370158e-6 ± 4.0217600907948366e-7
P_2: 365.2564603059756 ± 3.948847593575651e-5
t02: 3624.4021788229907 ± 0.000580481584068037
ecos2: 0.012637935127237411 ± 0.017999083633173152
esin2: 0.0019359042543684668 ± 0.019860383771742037
mu_3: 2.4065143199385195e-7 ± 5.134111785077302e-7
P_3: 686.7264200676242 ± 12.94275881740741
t03: 388.65943128223563 ± 151.59821852895377
ecos3: -0.0679074821356807 ± 0.40493812506443494
esin3: -0.1787734491293365 ± 0.4361486009184303
mu_4: 0.0011157015675296548 ± 0.0007449280430857544
P_4: 4366.229588592942 ± 198.78607980608223
t04: 4693.231115266381 ± 311.8965075229867
ecos4: 0.03226901567174536 ± 0.05689805556821013
esin4: -0.03337284040281275 ± 0.03596927725872696
Retrieved Earth masses:
[0.7872370288820959, 1.0119742172636692, 0.08011724517445214, 371.43737432477667]
 ± [0.21451042263742884, 0.13389171905499758, 0.17092393310528517, 248.0001144009438]
Retrieved eccentricity:
[0.0007028589166230628, 0.017872739257330492, 0.0960356822228883, 0.04563527960741223]
 ± [0.03265949011146028, 0.025454548184321073, 0.5726689883880565, 0.08046600185722076]
