Global Fit Results.
chi^2: 95.61617371603316
per 4 range=[547.875 - 1826.25, length=200]
mu_1: 2.626066269029092e-6 ± 1.0873006577772156e-7
P_1: 224.70076270669205 ± 6.6009123716020844e-6
t01: 3503.765660152319 ± 0.00016042268273145242
ecos1: -0.00385073826936523 ± 0.0026155081898426706
esin1: 0.001382802495521161 ± 0.0028702045446454797
mu_2: 3.0146617731239047e-6 ± 4.298108164071829e-8
P_2: 365.25644894414654 ± 5.264535979376477e-6
t02: 3624.402245828348 ± 6.065305875563595e-5
ecos2: 0.01010660158953554 ± 0.0020933549524755927
esin2: 0.003937040684679762 ± 0.002260433751306851
mu_3: 3.59684627954396e-7 ± 6.682350799423171e-8
P_3: 677.0879143898457 ± 0.9802978316957474
t03: 447.2470270827128 ± 13.448857293317777
ecos3: 0.08456859819266424 ± 0.05653357682393916
esin3: -0.16409771694657502 ± 0.04649160936109294
mu_4: 0.0011969235413578738 ± 0.00010153000850022995
P_4: 4306.772229909689 ± 27.880112610648602
t04: 347.78381741521343 ± 59.921564966727665
ecos4: 0.028450478967430453 ± 0.006405464568577906
esin4: -0.03446489012467592 ± 0.004266630395326688
Retrieved Earth masses:
[0.8742652947335778, 1.0036358163104007, 0.11974556429832567, 398.4776488697235]
 ± [0.03619821941458705, 0.014309184978215898, 0.022246763000885027, 33.801189197930654]
Retrieved eccentricity:
[0.005445766285685409, 0.01429289303742264, 0.11959805851494658, 0.04023505321175064]
 ± [0.0036988871545734084, 0.002960450964651869, 0.07995055107387605, 0.0090586948661832]
