Global Fit Results.
chi^2: 0.45627591966697106
per 4 range=[547.875 - 1826.25, length=200]
mu_1: 2.5557885615606507e-6 ± 1.2137335621906969e-6
P_1: 224.70079906852084 ± 3.210302916780495e-5
t01: 3503.7651754316034 ± 0.0005219508143624791
ecos1: 0.009192466599802027 ± 0.06437867105179262
esin1: -0.0007979700405562071 ± 0.058154980520919324
mu_2: 3.059717067038148e-6 ± 6.382969564937558e-7
P_2: 365.25651564707334 ± 0.00016137029675509436
t02: 3624.4016385800405 ± 0.001380693233572998
ecos2: 0.02095615785723275 ± 0.05051413470232624
esin2: 0.002901644876467046 ± 0.04594630502593308
mu_3: 1.0441670054157917e-7 ± 6.823572822860743e-7
P_3: 622.5464917856735 ± 11.770266181207608
t03: 593.4538934035979 ± 376.5062259832813
ecos3: 0.5086856588103281 ± 3.093471817312666
esin3: 0.11915130279838447 ± 1.9791902561295447
mu_4: 0.0004512831266283292 ± 0.0006461211620734816
P_4: 3885.134790878458 ± 560.3597833428922
t04: 4828.741787435087 ± 599.1328890847906
ecos4: -0.0593834102138776 ± 0.27142797947698033
esin4: -0.09569909674774217 ± 0.15951893087744823
Retrieved Earth masses:
[0.8508685658095158, 1.0186355443362314, 0.03476222155956574, 150.24037297271877]
 ± [0.40407401099935064, 0.21250068339017117, 0.22716916840487744, 215.10550394549713]
Retrieved eccentricity:
[0.013000110937101716, 0.029636482656930054, 0.7193901576742588, 0.08398082410443068]
 ± [0.0910451897290013, 0.07143777438757118, 4.3748297988625175, 0.38385712978387165]
