Global Fit Results.
per 3 range=[1826.25 - 5478.75, length=200]
mu_1: 2.3475108357675745e-6 ± 4.1123911053570575e-7
P_1: 224.70079087533483 ± 1.3295937168635785e-5
t01: 3503.7652819614555 ± 0.00024406543423690779
ecos1: 0.012164258564858888 ± 0.023310830976780248
esin1: -0.0016094826297751766 ± 0.023023391189588828
mu_2: 3.1207849454869607e-6 ± 2.8017520095529833e-7
P_2: 365.25645006535467 ± 3.094129564471814e-5
t02: 3624.402274665489 ± 0.0003527664389326549
ecos2: 0.022058905476658442 ± 0.018006078613601217
esin2: 0.0010948852605246573 ± 0.018227981547470063
mu_3: 0.0007332308744738146 ± 0.0003776106694065416
P_3: 4261.102897723145 ± 159.5302997620461
t03: 482.2969887098209 ± 314.6205497474972
ecos3: 0.0149411106112327 ± 0.061764237680992554
esin3: -0.06225315594196663 ± 0.04112331361405636
Retrieved Earth masses:
[0.7815291171160731, 1.0389661534227053, 244.10591390620658]
 ± [0.13690899061408654, 0.09327542778681865, 125.71347002043098]
Retrieved eccentricity:
[0.01720285943863652, 0.03119600329619651, 0.02112992126332185]
 ± [0.032966493317549486, 0.025464440580510977, 0.08734782259809502]
