Global Fit Results.
chi^2: 1.147604258682923
per 4 range=[547.875 - 1826.25, length=200]
mu_1: 2.333303957674085e-6 ± 5.903707579243803e-7
P_1: 224.70077254884856 ± 1.562706065393283e-5
t01: 3503.765538179783 ± 0.0004312664454209457
ecos1: -0.0006311368842418163 ± 0.024250510091613706
esin1: -0.00194994522242778 ± 0.02597286495790115
mu_2: 3.031128706637945e-6 ± 4.121728136451711e-7
P_2: 365.25645783380764 ± 3.359809934495123e-5
t02: 3624.4021942730474 ± 0.00057724251700239
ecos2: 0.012341901757582598 ± 0.01882700715898896
esin2: 0.0014168608621453194 ± 0.0210294354036509
mu_3: 2.2751865708065518e-7 ± 5.258411199721197e-7
P_3: 687.9954727400526 ± 9.442851377668147
t03: 382.3119409975769 ± 145.6485083212674
ecos3: -0.0804250991115331 ± 0.3504667385288832
esin3: -0.1648449842822987 ± 0.46617031915035345
mu_4: 0.0010766709092900556 ± 0.0006898600034926845
P_4: 4337.49609949168 ± 157.93170083474072
t04: 371.2381797199082 ± 423.2047043335953
ecos4: 0.032747437105726356 ± 0.05980182481121251
esin4: -0.03544720745222845 ± 0.03763454378137212
Retrieved Earth masses:
[0.776799388620592, 1.0091179584222727, 0.0757451051924704, 358.4433572537206]
 ± [0.1965451789111443, 0.1372198373866214, 0.17506208703005394, 229.66696095655817]
Retrieved eccentricity:
[0.0008925623414086747, 0.01745408485104965, 0.11373826591873047, 0.04631186968787814]
 ± [0.03429540026602571, 0.02662540886313754, 0.495634814788212, 0.0845725517026766]
