Global Fit Results.
chi^2: 1.717457809181866
per 4 range=[547.875 - 1826.25, length=200]
mu_1: 2.4645384591079265e-6 ± 6.291529003843057e-7
P_1: 224.7007672986093 ± 2.6169890836750805e-5
t01: 3503.7655942222323 ± 0.00047002273974035047
ecos1: -0.002094274744677556 ± 0.019101670885245406
esin1: 0.0020525438165315607 ± 0.020649521343053097
mu_2: 3.0396634253501377e-6 ± 3.3489132679431e-7
P_2: 365.256457213345 ± 3.6289513146418794e-5
t02: 3624.4022018664937 ± 0.0004965893524005952
ecos2: 0.011904770398088623 ± 0.014675618738930444
esin2: 0.004514403473495685 ± 0.016474752289884105
mu_3: 2.69798987712587e-7 ± 4.7137673430110326e-7
P_3: 684.7299937181299 ± 10.398843209725342
t03: 396.2394403492493 ± 137.20634081788856
ecos3: -0.037235442687776364 ± 0.413371124477849
esin3: -0.2037520480553496 ± 0.35631644603136337
mu_4: 0.0012225249112104335 ± 0.0007448869866344575
P_4: 4385.407949534348 ± 164.40473704849907
t04: 265.4988615123433 ± 375.59447807917724
ecos4: 0.03478082999755004 ± 0.04355483684851198
esin4: -0.03152529564750219 ± 0.03177239140289091
Retrieved Earth masses:
[0.8204897445831972, 1.0119593217413871, 0.08982099739568787, 407.00081122236537]
 ± [0.20945646055243436, 0.11149142273237238, 0.15692990097187073, 247.98644596046415]
Retrieved eccentricity:
[0.0029617517472584503, 0.01683588775391468, 0.052658868050019424, 0.04918752149312825]
 ± [0.027013842029901338, 0.020754459056812172, 0.584595050529991, 0.06159584097811308]
