Global Fit Results.
per 3 range=[1826.25 - 5478.75, length=200]
mu_1: 2.4263384760688576e-6 ± 5.096477934377664e-8
P_1: 224.7007747964014 ± 1.1798593902684321e-6
t01: 3503.7654877579016 ± 3.2822692029462454e-5
ecos1: 0.004100771304154344 ± 0.0023585028278855554
esin1: -0.002459382021913308 ± 0.0025792363189550208
mu_2: 3.0787842461653136e-6 ± 3.493463265112178e-8
P_2: 365.2564513102665 ± 2.6161110260476073e-6
t02: 3624.4022941283647 ± 4.44985680779691e-5
ecos2: 0.016539520427238694 ± 0.0018414339329818924
esin2: 0.00045653824046356354 ± 0.002075124719475368
mu_3: 0.0008651876871310549 ± 4.8448655787038226e-5
P_3: 4240.856505970802 ± 11.904993298147529
t03: 4819.857121963274 ± 27.55060468713566
ecos3: 0.026006330519720518 ± 0.0061336497320584734
esin3: -0.0372375982166516 ± 0.0036815152143454483
Retrieved Earth masses:
[0.8077722744171391, 1.0249833555761634, 288.0367404319737]
 ± [0.016967103366546856, 0.01163037554358226, 16.129440003340374]
Retrieved eccentricity:
[0.005799366394525478, 0.023390414103347808, 0.036778505328546096]
 ± [0.0033354266860910497, 0.0026041808422370212, 0.008674290637923193]
