Global Fit Results.
per 3 range=[1826.25 - 5478.75, length=200]
mu_1: 2.3754986369181703e-6 ± 6.308290841740926e-7
P_1: 224.70078072326197 ± 1.7819214252361905e-5
t01: 3503.7654005874965 ± 0.00040195727251779955
ecos1: 0.001733526806723802 ± 0.02495092295098504
esin1: -0.004341399895815221 ± 0.02752344635756027
mu_2: 3.062776765489749e-6 ± 4.156948649963221e-7
P_2: 365.2564696845389 ± 3.841757515988179e-5
t02: 3624.4021215940434 ± 0.0005405840675867361
ecos2: 0.01480412316736388 ± 0.01947507132538764
esin2: -0.0007866868764186747 ± 0.022236862844588225
mu_3: 0.000933704250916131 ± 0.0005749016635867638
P_3: 4234.643825544913 ± 154.71218395516533
t03: 555.9481754750268 ± 381.14929978382554
ecos3: 0.03671736513966362 ± 0.06483361709576652
esin3: -0.047559668098068546 ± 0.0432102336753067
Retrieved Earth masses:
[0.7908467659166561, 1.0196541736831495, 310.84715254462714]
 ± [0.21001449266772726, 0.13839239243555368, 191.39523563673566]
Retrieved eccentricity:
[0.0024515771208061237, 0.02093619176232774, 0.05192619575511739]
 ± [0.035285933631009174, 0.02754190999654657, 0.09168858059453716]
