Global Fit Results.
chi^2: 3.0602682147358267
per 4 range=[547.875 - 1826.25, length=200]
mu_1: 2.5548365275989956e-6 ± 4.947972258791906e-7
P_1: 224.70077119359632 ± 2.6555911950633426e-5
t01: 3503.7655292451054 ± 0.0004095753324647665
ecos1: 0.001359446569964176 ± 0.01744402642598891
esin1: 0.004136275021784866 ± 0.017217362198909562
mu_2: 3.076089339106739e-6 ± 2.581792964559573e-7
P_2: 365.2564572488022 ± 2.6576695198592067e-5
t02: 3624.40219017905 ± 0.000333602852786907
ecos2: 0.014014618837358434 ± 0.01346518504437159
esin2: 0.0060374021672533265 ± 0.013723590970290737
mu_3: 2.879648725392961e-7 ± 3.849994501472117e-7
P_3: 682.5758446675835 ± 9.931708609400562
t03: 414.24794776485004 ± 108.74736637352079
ecos3: 0.0015518200222126293 ± 0.30517716798833683
esin3: -0.18352364042608788 ± 0.22399867328752168
mu_4: 0.001102114514316313 ± 0.0005642362684133394
P_4: 4351.294315676191 ± 134.56466544783433
t04: 288.86421178512506 ± 263.06872912003286
ecos4: 0.025216849934057844 ± 0.03932677398753978
esin4: -0.03944430775091997 ± 0.02681032516599604
Retrieved Earth masses:
[0.8505516163623905, 1.0240861719286556, 0.0958687513459303, 366.9139968220014]
 ± [0.16472700922226233, 0.08595259052378268, 0.12817332971557568, 187.8445313134242]
Retrieved eccentricity:
[0.0019225477765649223, 0.019819664031281752, 0.002194604921775218, 0.03566201117707169]
 ± [0.024669578754028185, 0.019042647309613667, 0.43158568989571827, 0.0556164571375602]
