Global Fit Results.
chi^2: 17.104508259647666
per 4 range=[547.875 - 1826.25, length=200]
mu_1: 2.3646562758006146e-6 ± 1.757277713780422e-7
P_1: 224.70077011236833 ± 6.204922862657986e-6
t01: 3503.7655698629305 ± 0.0001273138331957125
ecos1: -0.0004970506129661909 ± 0.006298378573280668
esin1: -0.0013863343722847021 ± 0.0067193502873133405
mu_2: 3.039707942465834e-6 ± 1.0968466921860323e-7
P_2: 365.2564603059049 ± 1.0769661773807064e-5
t02: 3624.4021788237596 ± 0.0001583156554943746
ecos2: 0.012637899042721706 ± 0.004908898968458691
esin2: 0.0019359181697751924 ± 0.005416459617299455
mu_3: 2.4065346480797646e-7 ± 1.400202367723902e-7
P_3: 686.7264413025163 ± 3.5299420998993494
t03: 388.65904224014815 ± 41.34352367321135
ecos3: -0.06790583229106562 ± 0.11043854709015159
esin3: -0.17877190328304507 ± 0.1189464997178216
mu_4: 0.0011157038158348981 ± 0.0002031620882460517
P_4: 4366.230460052946 ± 54.214238904746885
t04: 4693.230255764056 ± 85.06334352188482
ecos4: 0.03226913220336171 ± 0.015517708681944744
esin4: -0.033372781921587893 ± 0.009809827657820144
Retrieved Earth masses:
[0.7872371464071102, 1.0119741423000812, 0.08011792193530189, 371.43812282654505]
 ± [0.058502975971546925, 0.03651602428814976, 0.04661528728889931, 67.63635977274566]
Retrieved eccentricity:
[0.0007029357180426474, 0.01787268822611899, 0.09603334899025785, 0.04563544440800452]
 ± [0.008907252399293625, 0.0069422314975135764, 0.15618369110367208, 0.021945354074960982]
