Global Fit Results.
chi^2: 1.365743911096628
per 4 range=[547.875 - 1826.25, length=200]
mu_1: 2.3333026586461916e-6 ± 5.411664264726435e-7
P_1: 224.70077254895676 ± 1.432477352458632e-5
t01: 3503.765538177087 ± 0.00039532742881780424
ecos1: -0.0006310553238725443 ± 0.022229713432657117
esin1: -0.0019503126918791163 ± 0.0238078011262013
mu_2: 3.0311296362737488e-6 ± 3.7782151084103045e-7
P_2: 365.2564578341114 ± 3.079813141879271e-5
t02: 3624.4021942681525 ± 0.0005291345493157062
ecos2: 0.012341988757828404 ± 0.017258121712271545
esin2: 0.001416550634050308 ± 0.019276612135228504
mu_3: 2.2750970948992593e-7 ± 4.820302813636271e-7
P_3: 687.995453563232 ± 8.655739665767616
t03: 382.3101321514581 ± 133.52090950435883
ecos3: -0.08042226869640143 ± 0.32127732262767217
esin3: -0.1648518446151455 ± 0.4273462236382428
mu_4: 0.0010766668293242625 ± 0.0006323753414865464
P_4: 4337.493084931986 ± 144.76369464643588
t04: 371.2491072586842 ± 387.9010266131287
ecos4: 0.0327470481763988 ± 0.05481883525304144
esin4: -0.035446836399442815 ± 0.03449697089302356
Retrieved Earth masses:
[0.7767989561505445, 1.009118267914965, 0.07574212637653635, 358.4419989587915]
 ± [0.18016416071440025, 0.12578366297444715, 0.16047666084325016, 210.52926989210636]
Retrieved eccentricity:
[0.0008924469976282981, 0.017454207887977198, 0.11373426310726412, 0.04631131965874831]
 ± [0.03143756222413106, 0.02440666978658, 0.45435474694297046, 0.07752554028834754]
