Global Fit Results.
chi^2: 153.94057444266684
per 4 range=[547.875 - 1826.25, length=200]
mu_1: 2.364659340833785e-6 ± 5.857575791878011e-8
P_1: 224.70077011216966 ± 2.068321819527755e-6
t01: 3503.765569864195 ± 4.2438269660194865e-5
ecos1: -0.0004972505413605136 ± 0.0020994535599324583
esin1: -0.0013862269080064488 ± 0.0022397709909473032
mu_2: 3.0397068397535292e-6 ± 3.656136806985941e-8
P_2: 365.2564603062142 ± 3.5898436720640657e-6
t02: 3624.402178820201 ± 5.277167649116625e-5
ecos2: 0.012637750791053257 ± 0.0016362969885054246
esin2: 0.0019360140026613108 ± 0.0018054763231984733
mu_3: 2.4064892295382494e-7 ± 4.667368545949045e-8
P_3: 686.7262670361056 ± 1.1766269531651743
t03: 388.6584663727722 ± 13.781832892166632
ecos3: -0.06790211458419489 ± 0.03681566091584911
esin3: -0.17877921098754215 ± 0.03965036590497686
mu_4: 0.0011157127242396314 ± 6.772270144459613e-5
P_4: 4366.23248167546 ± 18.071407881359608
t04: 4693.228059662541 ± 28.35423119617276
ecos4: 0.032269313120469836 ± 0.005172516756898111
esin4: -0.03337262518499594 ± 0.0032699210825919388
Retrieved Earth masses:
[0.7872381668124822, 1.0119737751870692, 0.080116409869325, 371.4410885967473]
 ± [0.019500936768072734, 0.012171945395451236, 0.015538520050230951, 22.546120879312063]
Retrieved eccentricity:
[0.000703218459489402, 0.017872478566598828, 0.09602809135878033, 0.0456357002634325]
 ± [0.002969075698028958, 0.002314073393214624, 0.052065206974922895, 0.007315043349207406]
