Global Fit Results.
per 3 range=[1826.25 - 5478.75, length=50]
mu_1: 2.5422114760773427e-6 ± 1.458848894553615e-7
P_1: 224.7007801462334 ± 3.537020015519096e-6
t01: 3503.7653473548107 ± 9.839408530100254e-5
ecos1: -0.0026354060665073798 ± 0.007551033460965996
esin1: 0.007070933429512279 ± 0.00751667499028475
mu_2: 3.0255990602230164e-6 ± 1.0473310443047199e-7
P_2: 365.25645401365455 ± 7.892992392315316e-6
t02: 3624.4021707627294 ± 0.00013408504895318893
ecos2: 0.01205835344823142 ± 0.005989945087443054
esin2: 0.008297963598665177 ± 0.005980728317894671
mu_3: 0.0007712459266691669 ± 0.00014258925313238348
P_3: 4210.129103785005 ± 39.721245106452365
t03: 603.9707287145262 ± 113.36567300360373
ecos3: 0.01616715500087284 ± 0.022693007015598798
esin3: -0.04249266002789348 ± 0.012857986844640358
Retrieved Earth masses:
[0.8463485067456309, 1.0072770384082825, 256.76181722587785]
 ± [0.048567736991657055, 0.03486755817747219, 47.47055962975128]
Retrieved eccentricity:
[0.0037270270016150674, 0.017053086986377253, 0.022863809867222376]
 ± [0.010678773930431162, 0.008471061580532062, 0.032092758292487616]
