Global Fit Results.
per 3 range=[1826.25 - 5478.75, length=200]
mu_1: 2.426336913401098e-6 ± 4.5868278402970234e-7
P_1: 224.70077479638203 ± 1.0618721321639174e-5
t01: 3503.76548775841 ± 0.000295404184684729
ecos1: 0.0041006936759730855 ± 0.02122638964223785
esin1: -0.0024593857340615903 ± 0.02321332530560449
mu_2: 3.078783958048773e-6 ± 3.144115657970524e-7
P_2: 365.2564513101061 ± 2.354478492832548e-5
t02: 3624.402294130783 ± 0.0004004854931748432
ecos2: 0.016539466565481838 ± 0.016572798106969606
esin2: 0.000456541877695722 ± 0.01867625665960248
mu_3: 0.0008651915013011415 ± 0.0004360375071847067
P_3: 4240.858129264983 ± 107.14388316310594
t03: 578.9982468916 ± 309.16764815166033
ecos3: 0.026006683061929523 ± 0.055202415248179364
esin3: -0.03723731900441892 ± 0.033133387671771763
Retrieved Earth masses:
[0.8077717541765779, 1.024983259656919, 288.03801023867067]
 ± [0.1527038537063298, 0.10467333725772043, 145.16482856111392]
Retrieved eccentricity:
[0.0057992566116987195, 0.023390337931320768, 0.03677900389851938]
 ± [0.030018648112268558, 0.023437475849347574, 0.0780680043197266]
