Global Fit Results.
per 3 range=[1826.25 - 5478.75, length=200]
mu_1: 2.454162200312336e-6 ± 6.94719151999407e-7
P_1: 224.70078887717702 ± 2.1196970735788517e-5
t01: 3503.765301541997 ± 0.0004261154621437872
ecos1: 0.014820666307029572 ± 0.04337701506165416
esin1: -0.0010365585813428078 ± 0.04087890947841315
mu_2: 3.1672919227183245e-6 ± 5.136350327370905e-7
P_2: 365.2564601761959 ± 4.4651742300867546e-5
t02: 3624.4021865704053 ± 0.0005652458099087337
ecos2: 0.02374113909789177 ± 0.03377761569031588
esin2: 0.0015084582956857797 ± 0.03253619611132912
mu_3: 0.0006742193939830613 ± 0.0006147124902794197
P_3: 4201.472144310875 ± 176.45423041440242
t03: 4751.277097791555 ± 362.16526273112765
ecos3: 0.008889822909083968 ± 0.1210110976055819
esin3: -0.06988783374650251 ± 0.0787223747806462
Retrieved Earth masses:
[0.8170352990266833, 1.0544491732672039, 224.4599171572412]
 ± [0.23128466000379305, 0.170998458255742, 204.64898499657585]
Retrieved eccentricity:
[0.020959587294807194, 0.03357504089842469, 0.012572108125121589]
 ± [0.06134436299545333, 0.04776876221387097, 0.17113553543146828]
