Global Fit Results.
per 3 range=[1826.25 - 5478.75, length=200]
mu_1: 2.375489253324344e-6 ± 4.587849393691706e-7
P_1: 224.70078072322403 ± 1.2959431671583582e-5
t01: 3503.7654005881814 ± 0.0002923325493265127
ecos1: 0.0017332239830056657 ± 0.018145915459211487
esin1: -0.0043422860105305295 ± 0.020016805964738968
mu_2: 3.062775568209706e-6 ± 3.023226858962887e-7
P_2: 365.2564696849425 ± 2.7940066724177148e-5
t02: 3624.4021215865296 ± 0.0003931537140022012
ecos2: 0.014803908187122518 ± 0.014163497602882826
esin2: -0.0007873893234204363 ± 0.016172097459969947
mu_3: 0.0009337058656943698 ± 0.00041810916864750547
P_3: 4234.63741897151 ± 112.52386068533059
t03: 555.9686262494853 ± 277.2124600574357
ecos3: 0.03671722908026967 ± 0.04715140425011909
esin3: -0.0475589417600405 ± 0.031425565867762566
Retrieved Earth masses:
[0.7908436419473492, 1.0196537750868147, 310.84769013371596]
 ± [0.15273786307959739, 0.10064872893991604, 139.19615809755223]
Retrieved eccentricity:
[0.002451148863396927, 0.020935887734354765, 0.05192600333807717]
 ± [0.025662199744092496, 0.020030210400635715, 0.06668215537545481]
