Global Fit Results.
per 3 range=[1826.25 - 5478.75, length=200]
mu_1: 2.598424115715771e-6 ± 8.875834999028489e-7
P_1: 224.70078815712628 ± 2.5387014221702926e-5
t01: 3503.7653055158016 ± 0.00042677917061311767
ecos1: 0.02570462656005579 ± 0.055308951546856604
esin1: 0.0020764060334130356 ± 0.044805322960274126
mu_2: 3.181975542738582e-6 ± 5.458419332666053e-7
P_2: 365.25643074330884 ± 7.271845875905436e-5
t02: 3624.402417224654 ± 0.0007175928144610164
ecos2: 0.03293771805340996 ± 0.043428424696151526
esin2: 0.003755581670400369 ± 0.03508799067809877
mu_3: 0.0006321659548457852 ± 0.0006083288387475848
P_3: 4324.358946689782 ± 365.2085337613
t03: 335.3401213549802 ± 642.0980907593639
ecos3: -0.008800175994964661 ± 0.13920842530013333
esin3: -0.0809994037017306 ± 0.09453417670617704
Retrieved Earth masses:
[0.8650627183939961, 1.059337617833956, 210.45956126542114]
 ± [0.29549271444323494, 0.18172072209042492, 202.52375112347198]
Retrieved eccentricity:
[0.03635183149696657, 0.04658096758475351, 0.012445328243349171]
 ± [0.07821866939820098, 0.061417067197796146, 0.19687044305605045]
