Global Fit Results.
per 3 range=[1826.25 - 5478.75, length=200]
mu_1: 2.375489253324344e-6 ± 5.734811742114632e-8
P_1: 224.70078072322403 ± 1.6199289589479478e-6
t01: 3503.7654005881814 ± 3.6541568665814085e-5
ecos1: 0.0017332239830056657 ± 0.002268239432401436
esin1: -0.0043422860105305295 ± 0.002502100745592371
mu_2: 3.062775568209706e-6 ± 3.7790335737036085e-8
P_2: 365.2564696849425 ± 3.4925083405221435e-6
t02: 3624.4021215865296 ± 4.914421425027515e-5
ecos2: 0.014803908187122518 ± 0.0017704372003603532
esin2: -0.0007873893234204363 ± 0.0020215121824962434
mu_3: 0.0009337058656943698 ± 5.2263646080938184e-5
P_3: 4234.63741897151 ± 14.065482585666324
t03: 555.9686262494853 ± 34.65155750717946
ecos3: 0.03671722908026967 ± 0.005893925531264887
esin3: -0.0475589417600405 ± 0.003928195733470321
Retrieved Earth masses:
[0.7908436419473492, 1.0196537750868147, 310.84769013371596]
 ± [0.019092232884949673, 0.012581091117489505, 17.39951976219403]
Retrieved eccentricity:
[0.002451148863396927, 0.020935887734354765, 0.05192600333807717]
 ± [0.003207774968011562, 0.0025037763000794644, 0.008335269421931852]
