Global Fit Results.
per 3 range=[1826.25 - 5478.75, length=200]
mu_1: 2.605238032618069e-6 ± 8.664901836266679e-7
P_1: 224.70079746894947 ± 2.9484333101474945e-5
t01: 3503.765221213347 ± 0.00044700449036991636
ecos1: 0.021596615669435142 ± 0.053163656383557606
esin1: 0.0028303768536834355 ± 0.04359133882080679
mu_2: 3.1941615957429783e-6 ± 5.518871736178418e-7
P_2: 365.25642049752287 ± 7.389477048168527e-5
t02: 3624.4024921130854 ± 0.0007437545207709261
ecos2: 0.030663320620865582 ± 0.04148467017188653
esin2: 0.003855748869589862 ± 0.0345049174080713
mu_3: 0.0006950041772623232 ± 0.0006535898249367868
P_3: 4346.463059914208 ± 476.4036567876174
t03: 4653.80909490496 ± 400.7109916584681
ecos3: 0.002459605664626324 ± 0.12529149883303875
esin3: -0.07399241015535837 ± 0.08303440206614099
Retrieved Earth masses:
[0.867331195446207, 1.063394576847967, 231.3795501055505]
 ± [0.28847036524032543, 0.18373329271735095, 217.59195785431925]
Retrieved eccentricity:
[0.030542226781074478, 0.0433644838894227, 0.003478407689004238]
 ± [0.07518476388297014, 0.05866818318765652, 0.17718893689973622]
