Global Fit Results.
per 3 range=[1826.25 - 5478.75, length=200]
mu_1: 2.3106976638342278e-6 ± 5.639999814258488e-7
P_1: 224.70077736816322 ± 1.433914322487489e-5
t01: 3503.765452320726 ± 0.0003497170675296581
ecos1: 0.003864743009531107 ± 0.022228061469842245
esin1: -0.0048518450015574595 ± 0.024086732381963932
mu_2: 3.0721592682229184e-6 ± 3.6961057908444603e-7
P_2: 365.25646141316565 ± 3.0119524984328017e-5
t02: 3624.402207600199 ± 0.00046224435970232397
ecos2: 0.016358550512969403 ± 0.017280987052335713
esin2: -0.0013261047288959887 ± 0.019462751830663476
mu_3: 0.0009801991666135077 ± 0.0005202355645266998
P_3: 4254.099015636391 ± 130.3912534876652
t03: 557.3641780161971 ± 329.80474419097743
ecos3: 0.041169554073340206 ± 0.05109123689329208
esin3: -0.03792653243881451 ± 0.03113953405022879
Retrieved Earth masses:
[0.7692733416278619, 1.0227777797452255, 326.32615688476074]
 ± [0.18776586707132323, 0.1230500942306311, 173.19589551713094]
Retrieved eccentricity:
[0.005465571979165504, 0.02313448399620668, 0.05822254172737022]
 ± [0.03143522599591374, 0.02443900626060702, 0.0722539201329103]
