Global Fit Results.
chi^2: 1.3450569639562824
per 4 range=[547.875 - 1826.25, length=200]
mu_1: 2.3226786815773333e-6 ± 6.075935727523847e-7
P_1: 224.70077310710943 ± 1.7100318612019155e-5
t01: 3503.76553141531 ± 0.0004096353528941194
ecos1: -0.00014713753472630648 ± 0.02310129821937679
esin1: -0.0021570120479988296 ± 0.02488525067289865
mu_2: 3.036333653436966e-6 ± 3.8793829724543154e-7
P_2: 365.2564581176498 ± 3.365721901658737e-5
t02: 3624.4021960071777 ± 0.0005455157821685399
ecos2: 0.012863814949453416 ± 0.018131170570251137
esin2: 0.0012916031477398341 ± 0.020053348095000593
mu_3: 2.204718220506806e-7 ± 4.927470034640261e-7
P_3: 688.1664595577186 ± 11.557501803384076
t03: 379.6757585008272 ± 146.46690253946375
ecos3: -0.08170975119432587 ± 0.3530883557507493
esin3: -0.16757725230248532 ± 0.45943597019928667
mu_4: 0.0010654554175310868 ± 0.0006454216659981857
P_4: 4340.63230891256 ± 169.9888928623579
t04: 370.047833825368 ± 419.7151925510657
ecos4: 0.03233735520029982 ± 0.05721910872891961
esin4: -0.034981851117659314 ± 0.03512792082770938
Retrieved Earth masses:
[0.7732620406686735, 1.0108507800197264, 0.0733990854529543, 354.70951575707693]
 ± [0.2022789676808063, 0.12915172544564688, 0.16404445283547098, 214.8726289607163]
Retrieved eccentricity:
[0.00020808389714408487, 0.01819218156537479, 0.11555503831714685, 0.04573192629554013]
 ± [0.03267016925026809, 0.02564134732214908, 0.49934234141872585, 0.08092003959133887]
