Global Fit Results.
per 3 range=[1826.25 - 5478.75, length=200]
mu_1: 2.428457036195665e-6 ± 6.574978318888929e-7
P_1: 224.7007765184966 ± 1.5535636978610364e-5
t01: 3503.765462028096 ± 0.00040610170909316853
ecos1: 0.004724674751152099 ± 0.029930080718324027
esin1: -0.0022474458385512656 ± 0.031982072651749065
mu_2: 3.0718689596274756e-6 ± 4.369639645158833e-7
P_2: 365.25645097983045 ± 3.2519031738750535e-5
t02: 3624.4023038696623 ± 0.0005368268060839522
ecos2: 0.017306130626916404 ± 0.02341725757293005
esin2: 0.0007620234776925919 ± 0.02567588484803107
mu_3: 0.0008726605400748722 ± 0.0006047947497188472
P_3: 4251.406914982949 ± 156.19954515144124
t03: 559.5596517059081 ± 422.99958576794245
ecos3: 0.02776100687193686 ± 0.07444296019095223
esin3: -0.036950239564221804 ± 0.043499840102962276
Retrieved Earth masses:
[0.8084775816729072, 1.022681130725834, 290.52458929492064]
 ± [0.21889300455298732, 0.14547326308207467, 201.34718851240493]
Retrieved eccentricity:
[0.006681699110881026, 0.024474564644785573, 0.0392599924234258]
 ± [0.04232752607477531, 0.03311700325322174, 0.10527824392524505]
