Global Fit Results.
per 3 range=[1826.25 - 5478.75, length=200]
mu_1: 2.3106988804973933e-6 ± 1.6919636624828283e-7
P_1: 224.7007773681762 ± 4.301748972611095e-6
t01: 3503.7654523206434 ± 0.00010491524685526702
ecos1: 0.003864588071328992 ± 0.0066683501267218
esin1: -0.004851506645228583 ± 0.007225722091519564
mu_2: 3.072158124584653e-6 ± 1.1088302147177957e-7
P_2: 365.2564614129986 ± 9.035898680313225e-6
t02: 3624.4022076033843 ± 0.00013867357574774735
ecos2: 0.016358423329619766 ± 0.005184251342853902
esin2: -0.0013258137113810224 ± 0.005838563931302326
mu_3: 0.0009802059062767926 ± 0.0001560702345845544
P_3: 4254.102033024989 ± 39.11723433386717
t03: 557.3546223267616 ± 98.93934195684186
ecos3: 0.04117026774429737 ± 0.015327063672623934
esin3: -0.03792659349974861 ± 0.009341856902622677
Retrieved Earth masses:
[0.7692737466771912, 1.0227773990072158, 326.3284006414312]
 ± [0.056328552234363546, 0.03691497758120783, 51.95862391113654]
Retrieved eccentricity:
[0.005465352863458743, 0.023134304131788717, 0.05822355101051691]
 ± [0.009430471187862317, 0.007331638559814919, 0.02167574131718075]
