Global Fit Results.
per 3 range=[1826.25 - 5478.75, length=200]
mu_1: 2.3754958642781815e-6 ± 5.734830453508094e-7
P_1: 224.70078072322738 ± 1.6199306689222573e-5
t01: 3503.7654005880167 ± 0.0003654156599015415
ecos1: 0.0017336689621165779 ± 0.02268273860123135
esin1: -0.00434189893234171 ± 0.025021304978190075
mu_2: 3.062778107620392e-6 ± 3.779041468715295e-7
P_2: 365.2564696847298 ± 3.492524015531976e-5
t02: 3624.4021215902594 ± 0.000491441986197579
ecos2: 0.014804246727471623 ± 0.01770465696971784
esin2: -0.0007870990780968258 ± 0.020215358772230935
mu_3: 0.0009336993769425974 ± 0.0005226355693444568
P_3: 4234.63990684363 ± 140.64875394497133
t03: 4790.600893616367 ± 268.7656478422165
ecos3: 0.036716751423115694 ± 0.05894004024024876
esin3: -0.047559396753318314 ± 0.03928214344187664
Retrieved Earth masses:
[0.7908458428543003, 1.0196546205028874, 310.84552991005836]
 ± [0.19092295178586785, 0.12581117401421485, 173.99490083702872]
Retrieved eccentricity:
[0.002451778158890552, 0.020936366502707877, 0.051925327828851855]
 ± [0.032078236561625104, 0.025038166003738312, 0.08335380427457577]
