Global Fit Results.
chi^2: 1.5102490902253163
per 4 range=[547.875 - 1826.25, length=200]
mu_1: 2.5419524792418347e-6 ± 4.944957694169915e-7
P_1: 224.70078762137175 ± 2.0125967900598043e-5
t01: 3503.7653956996974 ± 0.00030305052830226296
ecos1: 0.014645248720686916 ± 0.028874759980775624
esin1: 0.013480430425205676 ± 0.01771104486367485
mu_2: 3.0985185638794783e-6 ± 3.3943468537638943e-7
P_2: 365.25627107422895 ± 0.00016602058720209092
t02: 3624.4038457574575 ± 0.0014347146432942169
ecos2: 0.024249082034568215 ± 0.023868356800230216
esin2: 0.012966879152038143 ± 0.013417878438571456
mu_3: 9.137090889559097e-6 ± 9.603302298097264e-6
P_3: 1246.536567977258 ± 19.933956516530237
t03: 712.1499828418359 ± 100.44844615577254
ecos3: 0.2247076615519775 ± 0.15050687018834819
esin3: 0.11772039710460476 ± 0.157746403455307
mu_4: 0.001657136665187972 ± 0.0016374836682586423
P_4: 4904.915614100733 ± 359.06954488177456
t04: 4234.331122472249 ± 318.79603046147344
ecos4: 0.034736230520967845 ± 0.051083877735217345
esin4: -0.04234152608907041 ± 0.035406941569630285
Retrieved Earth masses:
[0.8462622819814651, 1.031553269403631, 3.041903989163717, 551.690980570731]
 ± [0.16462664887496947, 0.11300398956158286, 3.1971142591027433, 545.1481399137924]
Retrieved eccentricity:
[0.020711509365122657, 0.03429338068838413, 0.31778462253594986, 0.049124448308470965]
 ± [0.040835077175080774, 0.03375495389844566, 0.21284885705068887, 0.07224351271175336]
