Global Fit Results.
per 3 range=[1826.25 - 5478.75, length=200]
mu_1: 2.3754915292906086e-6 ± 5.161439901947731e-7
P_1: 224.70078072318873 ± 1.4579364180172791e-5
t01: 3503.7654005886643 ± 0.00032887423236504615
ecos1: 0.0017338000890852684 ± 0.020414520001719245
esin1: -0.00434261422821644 ± 0.02251989876113259
mu_2: 3.062779543067096e-6 ± 3.4011403444517586e-7
P_2: 365.2564696849794 ± 3.1432781914732445e-5
t02: 3624.4021215856587 ± 0.00044229806840543343
ecos2: 0.014804363352793524 ± 0.0159342112436063
esin2: -0.0007876865517072551 ± 0.018194462591199934
mu_3: 0.000933693437709352 ± 0.00047036886267588795
P_3: 4234.635849811993 ± 126.58207611690463
t03: 555.976206577272 ± 311.8656347402773
ecos3: 0.03671587264069073 ± 0.05304634035603036
esin3: -0.04755904440820063 ± 0.035354916135353465
Retrieved Earth masses:
[0.7908443996579755, 1.0196550983892418, 310.8435526311279]
 ± [0.1718337358940424, 0.11323015724091913, 156.59436214946388]
Retrieved eccentricity:
[0.002451963600428067, 0.020936531435819826, 0.0519240850428281]
 ± [0.028870491055768176, 0.02253437764642589, 0.07501885396575737]
