Global Fit Results.
per 3 range=[1826.25 - 5478.75, length=200]
mu_1: 2.5985880793613032e-6 ± 1.0652364616319706e-6
P_1: 224.70078815706242 ± 3.0463870085862316e-5
t01: 3503.7653055142628 ± 0.0005121318847960769
ecos1: 0.025717497093697566 ± 0.06638545017662588
esin1: 0.0020810415886105505 ± 0.05376928060916432
mu_2: 3.182049771356801e-6 ± 6.550887386797389e-7
P_2: 365.2564307392123 ± 8.726503989361478e-5
t02: 3624.4024172623135 ± 0.0008611399079692091
ecos2: 0.03294772609194167 ± 0.05212634726349554
esin2: 0.003758826742339756 ± 0.042107528597433046
mu_3: 0.000632034517455844 ± 0.0007298735196202933
P_3: 4324.374927403051 ± 438.3102907704981
t03: 4659.638014011445 ± 467.8391710962
ecos3: -0.008826980621402171 ± 0.1670922627241789
esin3: -0.08102045824014396 ± 0.11347264813456154
Retrieved Earth masses:
[0.86511730487819, 1.0593623298930348, 210.41580336417883]
 ± [0.35463662134998136, 0.21809097354204848, 242.98818932128043]
Retrieved eccentricity:
[0.036370033180197756, 0.0465951210885778, 0.01248323570959144]
 ± [0.09388320398402769, 0.07371778725700506, 0.23630414411214215]
