Global Fit Results.
chi^2: 3.864280075037117
per 4 range=[547.875 - 1826.25, length=200]
mu_1: 2.464533541940881e-6 ± 4.194175907611844e-7
P_1: 224.70076729891895 ± 1.744581436290529e-5
t01: 3503.7655942192105 ± 0.00031334886382239536
ecos1: -0.002094121419230019 ± 0.012734541645652409
esin1: 0.00205203360034003 ± 0.01376640760948349
mu_2: 3.039664291081056e-6 ± 2.2326217778087571e-7
P_2: 365.2564572135113 ± 2.4193434786767597e-5
t02: 3624.4022018640812 ± 0.00033107247525319755
ecos2: 0.011904888218233864 ± 0.009783889690362896
esin2: 0.0045140030851052474 ± 0.010983082875718109
mu_3: 2.6980510702114453e-7 ± 3.142588830501322e-7
P_3: 684.7300505458442 ± 6.932670317601311
t03: 396.24114085766223 ± 91.46797670506727
ecos3: -0.03723615636733635 ± 0.2755705792700222
esin3: -0.20374295867990186 ± 0.23752347645335908
mu_4: 0.0012225163502911922 ± 0.0004965709268039955
P_4: 4385.404635504237 ± 109.60243171140243
t04: 265.5096172833285 ± 250.39085620502186
ecos4: 0.034780536005758346 ± 0.029036425599488536
esin4: -0.031525535787036235 ± 0.02118152008469339
Retrieved Earth masses:
[0.8204881075687217, 1.0119596099589794, 0.08982303462496982, 406.9979611364129]
 ± [0.13963175565209313, 0.07432804570184114, 0.10462250639015583, 165.3175065680765]
Retrieved eccentricity:
[0.002961534912331087, 0.016836054376762, 0.05265987734533235, 0.04918710572594921]
 ± [0.01800936150588663, 0.013836509492873508, 0.3897156505946755, 0.041063706885634016]
