Global Fit Results.
per 3 range=[1826.25 - 5478.75, length=200]
mu_1: 2.4263346648709374e-6 ± 6.115747527960454e-7
P_1: 224.7007747963962 ± 1.415830969962037e-5
t01: 3503.765487758191 ± 0.00039387232278853144
ecos1: 0.0041005118087877514 ± 0.028301773322052637
esin1: -0.0024595590293989317 ± 0.030950542204664915
mu_2: 3.0787827260964655e-6 ± 4.1921466817931004e-7
P_2: 365.2564513102987 ± 3.1393291944741225e-5
t02: 3624.4022941278818 ± 0.0005339825725286065
ecos2: 0.016539324332245513 ± 0.022096980438770317
esin2: 0.0004564101753660402 ± 0.02490127776741776
mu_3: 0.0008651939289727441 ± 0.0005813850675408228
P_3: 4240.856501881218 ± 142.85963206053393
t03: 4819.859379881347 ± 330.60496869056664
ecos3: 0.026007002115136478 ± 0.07360307359069371
esin3: -0.03723709193000382 ± 0.04417746229116012
Retrieved Earth masses:
[0.8077710055999305, 1.024982849517556, 288.0388184547672]
 ± [0.2036043750345001, 0.13956419902835412, 193.5536789081874]
Retrieved eccentricity:
[0.005798999412658669, 0.02339013678314894, 0.036779455107891774]
 ± [0.04002475167125589, 0.03124984942400197, 0.10409046490430401]
