Global Fit Results.
chi^2: 0.8111571908790649
per 4 range=[547.875 - 1826.25, length=200]
mu_1: 2.5557742074186192e-6 ± 9.102537250230757e-7
P_1: 224.70079906865342 ± 2.4077315621807986e-5
t01: 3503.7651754313506 ± 0.00039146704837953204
ecos1: 0.009192240743855454 ± 0.04828116693101408
esin1: -0.0007981358432311654 ± 0.0436167031412244
mu_2: 3.0597155944828377e-6 ± 4.786900934426117e-7
P_2: 365.2565156458654 ± 0.00012101922183218618
t02: 3624.4016385900804 ± 0.0010354630055965073
ecos2: 0.020955955770288366 ± 0.037883017381022226
esin2: 0.0029015259009083976 ± 0.03446007386210897
mu_3: 1.0442666318728528e-7 ± 5.116479484579638e-7
P_3: 622.546678948261 ± 8.82732984463898
t03: 593.4470163946581 ± 282.3038413924144
ecos3: 0.5086499571027726 ± 2.3190985643827617
esin3: 0.11911746047546015 ± 1.4839963830559637
mu_4: 0.0004512750039033696 ± 0.00048457349406310404
P_4: 3885.1269679218462 ± 420.2625424710157
t04: 4828.74357345586 ± 449.3550427243283
ecos4: -0.05938535875921017 ± 0.20357062643667945
esin4: -0.0956995583053628 ± 0.1196337425845687
Retrieved Earth masses:
[0.850863787054173, 1.018635054095746, 0.03476553830579081, 150.23766876962435]
 ± [0.3030400453237079, 0.15936465144285078, 0.1703369217044982, 161.3233426755028]
Retrieved eccentricity:
[0.01299979152855893, 0.029636196862832528, 0.7193396678352341, 0.0839835797636669]
 ± [0.0682798810810395, 0.05357467696385732, 3.279700642230076, 0.287892340807539]
