Global Fit Results.
chi^2: 37.17789896222349
per 3 range=[1826.25 - 8035.5, length=300]
mu_1: 3.123047823261138e-6 ± 3.6042999201740926e-7
P_1: 224.70078981625346 ± 1.0234907493303317e-5
t01: 3503.765226826303 ± 0.00014297591530394653
ecos1: 0.06380929366823988 ± 0.019824854026246206
esin1: 0.014669842401595684 ± 0.01402472177307867
mu_2: 3.6737450979184697e-6 ± 2.1424022483184963e-7
P_2: 365.25634085024876 ± 2.4985932228095037e-5
t02: 3624.403002044613 ± 0.00022987800232748546
ecos2: 0.06600597490489275 ± 0.01564808540742047
esin2: 0.01439569489572284 ± 0.011088328809852487
mu_3: 0.0005176728603812694 ± 0.00010976226654900934
P_3: 4679.569764297009 ± 148.54259473480388
t03: 4440.6387206963245 ± 105.27055169989886
ecos3: -0.04956950395601383 ± 0.042113042873832746
esin3: -0.09810838035236355 ± 0.029108563411666843
Retrieved Earth masses:
[1.0397195066520275, 1.2230566603314255, 172.3427246274839]
 ± [0.11999370957170259, 0.07132447323031742, 36.54185785287664]
Retrieved eccentricity:
[0.06547388971588089, 0.06755756622818848, 0.10991992548127617]
