Global Fit Results.
chi^2: 10.94668715141721
per 3 range=[4017.75 - 4748.25, length=100]
mu_1: 3.6267324699299057e-6 ± 7.832099271059725e-7
P_1: 224.7007753620741 ± 1.4275154772220166e-5
t01: 3503.76881028475 ± 0.00037389348646855525
ecos1: -0.08574483201692848 ± 0.07070292975105774
esin1: -0.06564440443631617 ± 0.03281849679865924
mu_2: 2.5836174483381655e-6 ± 4.4407498093415663e-7
P_2: 365.256455537872 ± 3.0430660514826704e-5
t02: 3624.407497613148 ± 0.0004981806086779959
ecos2: -0.05242966894859043 ± 0.05589846405067719
esin2: -0.05061695245653193 ± 0.025372344173481706
mu_3: 0.00040727409829881885 ± 0.00027910418253050597
P_3: 4227.7395157072715 ± 159.97127394729029
t03: 1455.157038175547 ± 500.91954773675474
ecos3: -0.08420346780653853 ± 0.14186500645455433
esin3: 0.11995482266196952 ± 0.13593446932784795
Retrieved Earth masses:
[1.207405300139431, 0.8601333091206762, 135.58896581776418]
 ± [0.26074485089545224, 0.14784064997481886, 92.91886624461415]
Retrieved eccentricity:
[0.12126150434174304, 0.07414674889782812, 0.11908168617085309]
 ± [0.09998904215345805, 0.07905236597629257, 0.2006274161541774]
