Global Fit Results.
chi^2: 117.3358964877288
per 3 range=[4017.75 - 4748.25, length=200]
mu_1: 3.1333461605661207e-6 ± 3.016178884967953e-7
P_1: 224.70077736015187 ± 7.706045546677965e-6
t01: 3503.7695532650823 ± 0.00013064282084015178
ecos1: -0.1527340282967424 ± 0.03701312013838291
esin1: -0.027080739865638453 ± 0.011671806642903727
mu_2: 2.3751090996844234e-6 ± 1.6483752303599294e-7
P_2: 365.256390456533 ± 1.9129553482293837e-5
t02: 3624.4091877582455 ± 0.00019393076348869082
ecos2: -0.1042985867054424 ± 0.028851457866030782
esin2: -0.022042927797530466 ± 0.009118857970713547
mu_3: 0.000526496266425083 ± 0.00016163624320366863
P_3: 4644.972837992349 ± 86.7030292740626
t03: 1254.02785426658 ± 168.93381928905853
ecos3: -0.04222388228649153 ± 0.047500373669174575
esin3: 0.18265697608085188 ± 0.059526128230121954
Retrieved Earth masses:
[1.0431480107249789, 0.7907170818761246, 175.28019721773228]
 ± [0.10041408904774632, 0.0548774139327018, 53.81164956523728]
Retrieved eccentricity:
[0.15511624631682036, 0.10660246645664362, 0.1874738038936224]
