Global Fit Results.
chi^2: 1022.0410339749951
per 3 range=[4090.7999999999997 - 4383.0, length=200]
mu_1: 4.053070516323499e-6 ± 8.57128728194902e-8
P_1: 224.7007793145188 ± 1.6185587445424504e-6
t01: 3503.7695020522333 ± 3.659181319925605e-5
ecos1: -0.055083216366999 ± 0.006496926952342719
esin1: -0.058086005218330905 ± 0.002982596898302627
mu_2: 2.717948188744862e-6 ± 4.500843044198543e-8
P_2: 365.2564743118583 ± 3.4655048251231935e-6
t02: 3624.4084810292993 ± 4.8757516818843446e-5
ecos2: -0.02828756342099358 ± 0.005136890965802181
esin2: -0.044526663947425875 ± 0.002315367597415973
mu_3: 0.0003650645120617714 ± 2.9059095315890513e-5
P_3: 4176.147795704556 ± 17.08984946800027
t03: 1246.9424339333532 ± 65.9308290238379
ecos3: -0.16831161488803714 ± 0.024560659637706598
esin3: 0.054131745750280215 ± 0.016115007523078904
Retrieved Earth masses:
[1.3493410015275908, 0.9048544594353103, 121.53662571221224]
 ± [0.02853537662082629, 0.014984126322298157, 9.674302141823333]
Retrieved eccentricity:
[0.08005088836207623, 0.05275234636093194, 0.17680227827771877]
 ± [0.007148842149735977, 0.005634587465440915, 0.029375490962844513]
