Global Fit Results.
chi^2: 840.5913773379651
per 3 range=[4017.75 - 4748.25, length=100]
mu_1: 3.469349721387537e-6 ± 8.498009217569989e-8
P_1: 224.70078827857262 ± 1.9202181268991998e-6
t01: 3503.7686529662374 ± 3.888745583806693e-5
ecos1: -0.09908800814713034 ± 0.008146129916961922
esin1: -0.0523078641255394 ± 0.003490136232612587
mu_2: 2.594568849053222e-6 ± 4.7457356849999436e-8
P_2: 365.2564726269341 ± 4.057277945384185e-6
t02: 3624.407329910398 ± 5.128093095687376e-5
ecos2: -0.06421289517782147 ± 0.006414302648961297
esin2: -0.03894653969414801 ± 0.0026973245503487744
mu_3: 0.0004499301583771047 ± 3.68694444332458e-5
P_3: 4218.982169859957 ± 16.459347019263443
t03: 1542.9220552616982 ± 47.96176814190908
ecos3: -0.06699419785907611 ± 0.01558486542758423
esin3: 0.12705944568722774 ± 0.014636560780455688
Retrieved Earth masses:
[1.1550097164243078, 0.8637792298983854, 149.78994519758143]
 ± [0.02829142059691557, 0.015799418530698814, 12.274509628430792]
Retrieved eccentricity:
[0.14013160499020746, 0.09081074723971704, 0.09474410321261201]
 ± [0.011520367409420765, 0.009071193799326737, 0.02204032805544918]
