Global Fit Results.
chi^2: 9.565426377342817
per 3 range=[4017.75 - 4748.25, length=100]
mu_1: 3.5723265719973313e-6 ± 8.376348012230993e-7
P_1: 224.70078107893391 ± 1.7716941153871455e-5
t01: 3503.7687297906905 ± 0.0003784323362263757
ecos1: -0.08915492342623917 ± 0.07719140021039933
esin1: -0.05618416276684925 ± 0.033336620967407714
mu_2: 2.5542593457574364e-6 ± 4.6122558993457163e-7
P_2: 365.25647336519603 ± 3.7510409153181386e-5
t02: 3624.407316039885 ± 0.0004999125618634116
ecos2: -0.05581418991623187 ± 0.06092977022612624
esin2: -0.04203520932813967 ± 0.02575836095285629
mu_3: 0.00040715854787954807 ± 0.0003224688288424292
P_3: 4201.386410943476 ± 174.94979606180772
t03: 1476.3955453846934 ± 535.6577767899661
ecos3: -0.10277322908941874 ± 0.18111642278391982
esin3: 0.11246675370129977 ± 0.1473287787491366
Retrieved Earth masses:
[1.1892925857147285, 0.8503594620139735, 135.55049697843907]
 ± [0.27886388283764296, 0.1535504001092478, 107.35574688850126]
Retrieved eccentricity:
[0.1260841018617222, 0.07893318435240275, 0.1453432944271331]
 ± [0.10916512507611612, 0.08616770740606412, 0.25613730146951885]
