Global Fit Results.
chi^2: 178.89199774647005
per 3 range=[4090.7999999999997 - 4383.0, length=200]
mu_1: 3.7578367874376767e-6 ± 2.579633803130657e-7
P_1: 224.70078375943152 ± 4.810596560881624e-6
t01: 3503.769457922959 ± 0.00010870278715813019
ecos1: -0.07526383974065966 ± 0.022109471929168897
esin1: -0.06392437450632682 ± 0.009878027854774044
mu_2: 2.529073943177037e-6 ± 1.3375465782001204e-7
P_2: 365.25649273936267 ± 1.0146103849574708e-5
t02: 3624.4080896423857 ± 0.00014108405417472504
ecos2: -0.04594913399238674 ± 0.017505083716204413
esin2: -0.04855524655300531 ± 0.007663061438611442
mu_3: 0.00022745720219347166 ± 6.678812099533959e-5
P_3: 4079.600429775739 ± 45.99833392130573
t03: 1375.7792762477072 ± 219.94481961079413
ecos3: -0.37189081759626774 ± 0.1470210434152347
esin3: 0.04302661443201658 ± 0.07917265107716032
Retrieved Earth masses:
[1.2510523155017481, 0.841974782743074, 75.72464574112678]
 ± [0.08588070810690346, 0.04452936192818759, 22.234982024379967]
Retrieved eccentricity:
[0.09874700617503716, 0.06685009261379855, 0.3743715664442238]
 ± [0.024215783763619943, 0.01910891065768163, 0.16698351980207538]
