Global Fit Results.
chi^2: 5.837440118816922
per 3 range=[4017.75 - 4748.25, length=100]
mu_1: 3.4693079556336934e-6 ± 1.0197739315219505e-6
P_1: 224.70078827877452 ± 2.304260475055316e-5
t01: 3503.7686529624766 ± 0.00046664905335540156
ecos1: -0.09909263637760893 ± 0.09775765380185468
esin1: -0.05230825698533077 ± 0.04188153772501958
mu_2: 2.594548108334094e-6 ± 5.694920451943037e-7
P_2: 365.25647262704945 ± 4.8687316132943414e-5
t02: 3624.4073299083807 ± 0.0006153700746809914
ecos2: -0.0642165234356612 ± 0.07697482028486669
esin2: -0.038946750063300825 ± 0.032367902240916034
mu_3: 0.00044990996349560396 ± 0.00044241073529646094
P_3: 4218.980481398216 ± 197.50629564334355
t03: 1542.9463764594402 ± 575.5329846298141
ecos3: -0.06700117410006366 ± 0.18702308192468478
esin3: 0.12706871349370083 ± 0.17565058573979275
Retrieved Earth masses:
[1.1549958118440904, 0.8637723249351955, 149.78322195368025]
 ± [0.33950131697677305, 0.18959427513773466, 147.2865922878104]
Retrieved eccentricity:
[0.14013815029652008, 0.09081587837116177, 0.09475396910723098]
 ± [0.13825019983235665, 0.1088588348080901, 0.2644905789347037]
