Global Fit Results.
chi^2: 1189.9413669175779
per 3 range=[4017.75 - 4748.25, length=200]
mu_1: 3.66209050931976e-6 ± 8.14106954761293e-8
P_1: 224.70077666932642 ± 1.558943930975056e-6
t01: 3503.769509210266 ± 3.618573599557131e-5
ecos1: -0.08926494313203219 ± 0.007436958512580804
esin1: -0.06323322741424402 ± 0.0032034746675185842
mu_2: 2.58929776758351e-6 ± 4.436212499730983e-8
P_2: 365.25646647219804 ± 3.222839493270471e-6
t02: 3624.40855597836 ± 4.763633047247993e-5
ecos2: -0.05442799761731055 ± 0.005853863950644034
esin2: -0.04864547848617712 ± 0.002474949534901161
mu_3: 0.00039561853652945973 ± 2.8295992691119846e-5
P_3: 4228.699856047842 ± 16.6258004286814
t03: 1425.4822362657496 ± 50.825272934222504
ecos3: -0.10719602310825521 ± 0.016642710219771487
esin3: 0.10904442643598698 ± 0.013622645611934357
Retrieved Earth masses:
[1.219176635498687, 0.862024390864416, 131.7086169987903]
 ± [0.027103103419099304, 0.01476895946731771, 9.420251378129636]
Retrieved eccentricity:
[0.10939228090494521, 0.07299855821712566, 0.1529106742741623]
