Global Fit Results.
chi^2: 18.218646264374613
per 3 range=[4017.75 - 4748.25, length=100]
mu_1: 3.7090472338230735e-6 ± 3.790363586131079e-7
P_1: 224.70078087007846 ± 1.4239169118828588e-5
t01: 3503.7688142172387 ± 0.0002570104997337721
ecos1: -0.07058864313471723 ± 0.02343475589372711
esin1: -0.03075839382847964 ± 0.01580100968909897
mu_2: 2.6808649634589666e-6 ± 2.302926229403172e-7
P_2: 365.2564063257656 ± 3.6814992257970136e-5
t02: 3624.407945238204 ± 0.0003931911739678321
ecos2: -0.041824567159857724 ± 0.01805509175844864
esin2: -0.02320460479570331 ± 0.012514268032916269
mu_3: 0.0010364904904121683 ± 0.00045235801483969586
P_3: 4684.582554398238 ± 238.21184166742793
t03: 924.9913792253731 ± 346.85974978000627
ecos3: 0.03557602260204368 ± 0.037225846032145384
esin3: 0.06706696695362586 ± 0.03601163737750421
Retrieved Earth masses:
[1.2348093844021604, 0.892508778267016, 345.0665639232985]
 ± [0.12618810792621313, 0.07666860895491541, 150.59822283736196]
Retrieved eccentricity:
[0.09982741647063158, 0.059148870117855155, 0.050312093659101935]
 ± [0.033141749615811705, 0.02553375563468876, 0.052645296329472666]
