Global Fit Results.
chi^2: 7.556008885504679
per 3 range=[4017.75 - 4748.25, length=100]
mu_1: 3.7448993867988372e-6 ± 9.325914186848191e-7
P_1: 224.70077760892474 ± 1.8734786679680573e-5
t01: 3503.768779458352 ± 0.00043496944900286663
ecos1: -0.0836487643828052 ± 0.08114802537593294
esin1: -0.0579434963306337 ± 0.03741683946107571
mu_2: 2.6032644026402235e-6 ± 5.124438443031325e-7
P_2: 365.2564660340157 ± 3.8798584201076875e-5
t02: 3624.4074023825697 ± 0.0005734034417453961
ecos2: -0.05075653655506854 ± 0.06407482467595212
esin2: -0.04451674522868426 ± 0.028903413748621105
mu_3: 0.0004406599806343088 ± 0.000374995242172711
P_3: 4227.067809789774 ± 196.6846370203986
t03: 1424.138708314632 ± 582.101368363418
ecos3: -0.07778336817364398 ± 0.17526618854115758
esin3: 0.10398909588794829 ± 0.1454266930763638
Retrieved Earth masses:
[1.2467452191744406, 0.8666741380769296, 146.70373417079935]
 ± [0.31047667042459415, 0.17060188992859066, 124.8427466543049]
Retrieved eccentricity:
[0.11829721706591462, 0.0717805823752637, 0.11000229419822707]
 ± [0.11476063804644043, 0.09061548606340973, 0.24786382086034497]
