Global Fit Results.
chi^2: 465.41003157654285
per 3 range=[4090.7999999999997 - 4529.1, length=200]
mu_1: 3.7339433312492565e-6 ± 7.750845117302395e-8
P_1: 224.70077915240276 ± 2.654635944278738e-6
t01: 3503.7695802609555 ± 4.476998177856874e-5
ecos1: -0.0858128240314994 ± 0.005702148441535348
esin1: -0.022419391552725976 ± 0.003099068349468273
mu_2: 2.5422278618111994e-6 ± 4.2080596113893276e-8
P_2: 365.2564264584451 ± 6.598820528503893e-6
t02: 3624.408848032522 ± 6.664838855984827e-5
ecos2: -0.05403499753677483 ± 0.004369721465190714
esin2: -0.0164672184061655 ± 0.0024505712598931195
mu_3: 0.0008588222448545176 ± 7.699530593525146e-5
P_3: 4467.565851405854 ± 34.714887147984236
t03: 1249.4298576014169 ± 51.436200073232165
ecos3: 0.025750634021843192 ± 0.008953302940377609
esin3: 0.085610522557094 ± 0.008599653060254444
Retrieved Earth masses:
[1.2430977487175305, 0.8463539618548978, 285.91756875163986]
 ± [0.025803975211250173, 0.014009396943999967, 25.633139814659756]
Retrieved eccentricity:
[0.08869312197603331, 0.05648849653545063, 0.08939942239760618]
