Global Fit Results.
chi^2: 9.862307787020805
per 3 range=[4017.75 - 4748.25, length=100]
mu_1: 3.7622971911553078e-6 ± 7.985881940718726e-7
P_1: 224.70077398355662 ± 1.582862579807166e-5
t01: 3503.7688437325173 ± 0.0003877670244359598
ecos1: -0.07549055453392305 ± 0.06451333895631861
esin1: -0.056987278655960746 ± 0.03355590776070277
mu_2: 2.6246191825825454e-6 ± 4.382709711213075e-7
P_2: 365.2564539154239 ± 3.335909252132345e-5
t02: 3624.4075391337065 ± 0.0005135167267081484
ecos2: -0.04475208835930789 ± 0.051124457466449856
esin2: -0.04439534304846844 ± 0.025788260597755592
mu_3: 0.0005168234887992767 ± 0.0003759422787491404
P_3: 4276.591865691113 ± 169.41268959639552
t03: 1357.668658625102 ± 487.80750988069707
ecos3: -0.03327164854739701 ± 0.11620068920315989
esin3: 0.09579709487653472 ± 0.10893230853714331
Retrieved Earth masses:
[1.2525372651455617, 0.8737835332968558, 172.0599533565427]
 ± [0.2658645560833967, 0.14590838938813414, 125.15803238086107]
Retrieved eccentricity:
[0.10675976605293971, 0.06328901030225233, 0.04705321661823994]
 ± [0.09123563890599831, 0.07230090111801983, 0.1643325906282096]
