Global Fit Results.
chi^2: 7.905311057475248
per 3 range=[4017.75 - 4748.25, length=100]
mu_1: 3.572343495528112e-6 ± 9.214055235705145e-7
P_1: 224.700781079072 ± 1.948856879299629e-5
t01: 3503.7687297881007 ± 0.00041627467359624427
ecos1: -0.08915317435749978 ± 0.08491095612823961
esin1: -0.056184643001547914 ± 0.036670073823021114
mu_2: 2.5542671702676607e-6 ± 5.073526139628968e-7
P_2: 365.2564733654744 ± 4.126141992979083e-5
t02: 3624.4073160364765 ± 0.0005499019335076634
ecos2: -0.0558128021935836 ± 0.06702309257276053
esin2: -0.04203561154835812 ± 0.028334032082337098
mu_3: 0.0004071537989380844 ± 0.0003547061695871188
P_3: 4201.385465193988 ± 192.44306176211288
t03: 1476.3828073970897 ± 589.2341657056867
ecos3: -0.10277849117133143 ± 0.19923026926340073
esin3: 0.11246466294409495 ± 0.16206258160974477
Retrieved Earth masses:
[1.1892982198663875, 0.8503620669359504, 135.5489159693239]
 ± [0.30675268219006185, 0.1689069266116107, 118.0881448252841]
Retrieved eccentricity:
[0.12608162830498942, 0.07893122181621276, 0.14535073613474034]
 ± [0.12008222575062333, 0.0947849665085854, 0.2817541488275449]
