Global Fit Results.
chi^2: 465.410031506386
per 3 range=[4017.75 - 4748.25, length=200]
mu_1: 3.733948064370993e-6 ± 7.750768952603871e-8
P_1: 224.70077915236706 ± 2.654629796084745e-6
t01: 3503.7695802614553 ± 4.4769781078842986e-5
ecos1: -0.0858124134562427 ± 0.005702038547584709
esin1: -0.022419744097248215 ± 0.003099093382984904
mu_2: 2.5422292256393735e-6 ± 4.208020874121299e-8
P_2: 365.2564264584029 ± 6.5988230720691264e-6
t02: 3624.408848032625 ± 6.664820648706207e-5
ecos2: -0.05403467584446111 ± 0.0043696346092602185
esin2: -0.016467516385025024 ± 0.0024505920202053558
mu_3: 0.0008588243092843376 ± 7.699358346897673e-5
P_3: 4467.566198316003 ± 34.71406969370118
t03: 1249.4244439411093 ± 51.435083848634136
ecos3: 0.025750256105797058 ± 0.008953238641205811
esin3: 0.08560970394790034 ± 0.008599410100344429
Retrieved Earth masses:
[1.2430993244599704, 0.8463544158981391, 285.9182560379305]
 ± [0.025803721645095395, 0.014009267980578713, 25.632566374262193]
Retrieved eccentricity:
[0.0886928138496645, 0.05648827568183558, 0.08939852962751278]
