Global Fit Results.
chi^2: 2.168797142578746
per 3 range=[4017.75 - 4748.25, length=100]
mu_1: 3.4801269341114463e-6 ± 1.0552611460743976e-6
P_1: 224.70078867775877 ± 3.533279975666233e-5
t01: 3503.768732415096 ± 0.0005445767144750186
ecos1: -0.10668382870273685 ± 0.09534570778018088
esin1: -0.026571412185902078 ± 0.04240765996725819
mu_2: 2.5009865918201676e-6 ± 5.649136063003837e-7
P_2: 365.2564091729939 ± 7.929199101221575e-5
t02: 3624.4079094128447 ± 0.000768488816626954
ecos2: -0.0695089573335496 ± 0.07354993056344389
esin2: -0.018900924752000683 ± 0.033399482856592486
mu_3: 0.0008014918488206799 ± 0.000886430696824056
P_3: 4646.426260847958 ± 452.367371416952
t03: 1104.9932435815501 ± 649.8987409918716
ecos3: 0.006863228726217615 ± 0.12354380776635634
esin3: 0.0979344239246865 ± 0.1252238240365208
Retrieved Earth masses:
[1.1585976468469315, 0.8326239918655163, 266.83123563932014]
 ± [0.35131565710058094, 0.18807002943372486, 295.1089253000069]
Retrieved eccentricity:
[0.15087371743729852, 0.09830051016751866, 0.009706071146285574]
 ± [0.13483919305679373, 0.10401530931442177, 0.17471732849039565]
