Global Fit Results.
chi^2: 8.675188570899241
per 3 range=[4017.75 - 4748.25, length=100]
mu_1: 3.480110571096413e-6 ± 5.276396660947858e-7
P_1: 224.70078867797073 ± 1.7666439928598867e-5
t01: 3503.768732409903 ± 0.00027228894030137944
ecos1: -0.10668551395224332 ± 0.04767451760399157
esin1: -0.026571335480964766 ± 0.021204124469223203
mu_2: 2.5009806520265307e-6 ± 2.824586532652679e-7
P_2: 365.2564091740669 ± 3.964617298334643e-5
t02: 3624.407909400416 ± 0.00038424692919469073
ecos2: -0.06951027461517086 ± 0.036776268780211493
esin2: -0.018900823377125796 ± 0.0166999648313129
mu_3: 0.0008014725512297218 ± 0.00044321455998634526
P_3: 4646.411245722696 ± 226.1817942254907
t03: 1105.017647922047 ± 324.9471862367586
ecos3: 0.006861345286512771 ± 0.061774664487355406
esin3: 0.09793685536490142 ± 0.06261416821733873
Retrieved Earth masses:
[1.1585921993011747, 0.8326220144000214, 266.8248111197848]
 ± [0.17566085579479115, 0.09403563065387108, 147.5542001687325]
Retrieved eccentricity:
[0.15087610074000657, 0.0983023730850529, 0.009703407560311069]
 ± [0.06742194937515976, 0.05200949808245333, 0.08736256832906561]
