Global Fit Results.
chi^2: 9.374126041312758
per 3 range=[4017.75 - 4748.25, length=100]
mu_1: 3.6426190299840244e-6 ± 8.202424288358959e-7
P_1: 224.70077446087956 ± 1.4405446698680036e-5
t01: 3503.7688228648035 ± 0.00039871214050091604
ecos1: -0.08203493192717563 ± 0.07475486842298838
esin1: -0.06537166007557474 ± 0.03521521333800113
mu_2: 2.588838882880252e-6 ± 4.7313505479727846e-7
P_2: 365.25645864300003 ± 3.148410380004953e-5
t02: 3624.407468797455 ± 0.0005368871911999638
ecos2: -0.04948188740820125 ± 0.059118751470162975
esin2: -0.05048181152068693 ± 0.027264228703098987
mu_3: 0.00039808171128325316 ± 0.00029559182376428736
P_3: 4225.768420691771 ± 167.93874626790554
t03: 1451.3636520039113 ± 546.9970498670159
ecos3: -0.08676909500008201 ± 0.15751606057941223
esin3: 0.12058344107845084 ± 0.1490395994672072
Retrieved Earth masses:
[1.2126942253549975, 0.8618716197881208, 132.52865274103442]
 ± [0.2730736452680342, 0.1575152778928397, 98.40790233357879]
Retrieved eccentricity:
[0.1160149133197654, 0.0699779562644967, 0.1227100309439555]
 ± [0.10571934877720639, 0.08360654011966884, 0.22276134916298682]
