Global Fit Results.
chi^2: 206.57380306977254
per 3 range=[4017.75 - 4748.25, length=200]
mu_1: 3.432709852613552e-6 ± 2.3003325821961064e-7
P_1: 224.7007790856656 ± 3.88787987283949e-6
t01: 3503.7694771852503 ± 0.00010185577487538043
ecos1: -0.10728040390808607 ± 0.023476867109241097
esin1: -0.0696545774987247 ± 0.009310249141780998
mu_2: 2.6141223594145265e-6 ± 1.3109315499200697e-7
P_2: 365.2564615425171 ± 8.112920422713533e-6
t02: 3624.4086389498966 ± 0.00013363900136970718
ecos2: -0.07001031053773758 ± 0.018479011796225894
esin2: -0.053040978142279295 ± 0.0071787884084826585
mu_3: 0.00040641409125984963 ± 7.976098291879514e-5
P_3: 4275.577627103401 ± 42.503722374388786
t03: 1481.1915545914187 ± 132.571119540507
ecos3: -0.08195460645056138 ± 0.03785151963347858
esin3: 0.12275519714685663 ± 0.039127536907707545
Retrieved Earth masses:
[1.1428116367145635, 0.8702889496646814, 135.30265380947074]
 ± [0.0765822617150661, 0.043643299157494306, 26.55388405926317]
Retrieved eccentricity:
[0.12790951969735456, 0.0878338712791381, 0.14759876674630462]
