Global Fit Results.
chi^2: 216.95776356277526
per 3 range=[4090.7999999999997 - 4346.475, length=200]
mu_1: 3.905336249300831e-6 ± 2.1394616465689416e-7
P_1: 224.70078008615485 ± 3.6008633964445897e-6
t01: 3503.76941650724 ± 9.961949558990934e-5
ecos1: -0.06714996108085178 ± 0.017444331478946404
esin1: -0.057434300668671154 ± 0.008319719231744929
mu_2: 2.6455981944060754e-6 ± 1.1837061022507486e-7
P_2: 365.25646165036244 ± 7.853270771942287e-6
t02: 3624.408517623328 ± 0.0001338759056258776
ecos2: -0.03676999245911673 ± 0.013753817143914767
esin2: -0.04371391776092728 ± 0.00645110456322179
mu_3: 0.0003497848667290116 ± 7.442857320799523e-5
P_3: 4187.17033878291 ± 46.56115129914443
t03: 1498.4131178476077 ± 160.5447268976454
ecos3: -0.11338810916799213 ± 0.055073141217221566
esin3: 0.12689120442435606 ± 0.04325569171665825
Retrieved Earth masses:
[1.3001575730573813, 0.8807678284654231, 116.44975346233232]
 ± [0.07122657524177126, 0.03940773226354254, 24.778627736742305]
Retrieved eccentricity:
[0.08836184791220263, 0.0571221406413714, 0.1701712110227703]
 ± [0.019326728353304574, 0.015191584384581642, 0.07002932064084733]
