Global Fit Results.
chi^2: 6.558712655105613
per 3 range=[4017.75 - 4748.25, length=100]
mu_1: 3.709045388195587e-6 ± 6.317305988413837e-7
P_1: 224.7007808701272 ± 2.373191049894358e-5
t01: 3503.7688142162683 ± 0.00042835016184440293
ecos1: -0.07058877632467901 ± 0.03905863472836951
esin1: -0.03075875112307659 ± 0.0263352161717971
mu_2: 2.680864418644388e-6 ± 3.8382357385530104e-7
P_2: 365.25640632583924 ± 6.135762493646178e-5
t02: 3624.4079452379688 ± 0.0006553117378976077
ecos2: -0.04182466244252596 ± 0.03009238319051371
esin2: -0.023204887275943158 ± 0.020857248724790268
mu_3: 0.0010364831095257074 ± 0.0007539297344061916
P_3: 4684.582554398238 ± 397.0077737953668
t03: 924.9897582828637 ± 578.0874050265774
ecos3: 0.03557532216527983 ± 0.06204363254815707
esin3: 0.06706728037171748 ± 0.06002047649439296
Retrieved Earth masses:
[1.2348087699591521, 0.8925085968883191, 345.06410669175284]
 ± [0.21031462332155013, 0.1277818590794224, 250.9969414072449]
Retrieved eccentricity:
[0.09982760482968189, 0.05914900486789683, 0.050311103091930924]
 ± [0.05523725096063693, 0.042557056432152636, 0.08774294660849652]
