Global Fit Results.
chi^2: 15.244584643570644
per 3 range=[4017.75 - 4748.25, length=100]
mu_1: 3.5767348828355325e-6 ± 6.33326431796243e-7
P_1: 224.7007739387752 ± 1.2488819904305522e-5
t01: 3503.7688440673282 ± 0.0003128778843468939
ecos1: -0.08937101321067015 ± 0.05827898287708652
esin1: -0.06141035044892258 ± 0.027644189834409704
mu_2: 2.5598652967154787e-6 ± 3.6135821628225053e-7
P_2: 365.25646034235024 ± 2.537014182444317e-5
t02: 3624.407482573047 ± 0.00040684767317970285
ecos2: -0.05579958957780837 ± 0.04600534909596615
esin2: -0.047813636603027246 ± 0.021265922663798023
mu_3: 0.00047649212371656777 ± 0.00028048652606352416
P_3: 4281.266252358105 ± 133.94565886089214
t03: 1392.015871798202 ± 391.9562691026938
ecos3: -0.04831129534352882 ± 0.09766419946135046
esin3: 0.10614816418311246 ± 0.09922206934419123
Retrieved Earth masses:
[1.1907601926901086, 0.8522257852002527, 158.63290728505172]
 ± [0.21084590518030594, 0.120302732337065, 93.3790735861311]
Retrieved eccentricity:
[0.12638969896555477, 0.078912536355789, 0.06832248909063061]
 ± [0.08241892798608513, 0.06506138863322414, 0.13811803543655296]
