Global Fit Results.
chi^2: 11.053125463943111
per 3 range=[4017.75 - 4748.25, length=100]
mu_1: 3.643901759268349e-6 ± 7.479170085016344e-7
P_1: 224.7007741734688 ± 1.3531905405869825e-5
t01: 3503.7688269824953 ± 0.00036810998255652685
ecos1: -0.08443908263059623 ± 0.06869607003033867
esin1: -0.06484806047285349 ± 0.03247606479537128
mu_2: 2.5839528158056607e-6 ± 4.378404600841466e-7
P_2: 365.25645667422435 ± 2.9713844614334234e-5
t02: 3624.407483283864 ± 0.0004951832773036983
ecos2: -0.05155158854097896 ± 0.0543901799124506
esin2: -0.050095582455778886 ± 0.025133056394158297
mu_3: 0.00040373135172556225 ± 0.0002753211610617615
P_3: 4220.202033572561 ± 152.34092980349112
t03: 1462.181344707248 ± 490.40466341543674
ecos3: -0.08646769027617389 ± 0.1430662702960687
esin3: 0.12029780039331023 ± 0.13516128583355771
Retrieved Earth masses:
[1.2131212692986515, 0.8602449590593207, 134.40952095242963]
 ± [0.2489951954318688, 0.14576506442210854, 91.65942948996663]
Retrieved eccentricity:
[0.11941489585053162, 0.07290495567652988, 0.12228378029564131]
 ± [0.09715091391863687, 0.07691933009210031, 0.20232625977083543]
