Global Fit Results.
chi^2: 1265.050037646719
per 3 range=[4017.75 - 4748.25, length=200]
mu_1: 3.733701373708653e-6 ± 7.161697377340354e-8
P_1: 224.700775766346 ± 1.4393681478786166e-6
t01: 3503.769531244693 ± 3.52568504161137e-5
ecos1: -0.07778440953676542 ± 0.00583146465469363
esin1: -0.057164266520671074 ± 0.0030470164806599095
mu_2: 2.6265532394763936e-6 ± 3.958570959475874e-8
P_2: 365.2564522345031 ± 3.0300578953177126e-6
t02: 3624.40871304749 ± 4.661616935281312e-5
ecos2: -0.046458887439052445 ± 0.00461712099112922
esin2: -0.044578208223485655 ± 0.0023414779277974203
mu_3: 0.0005410409043392165 ± 3.498901799946043e-5
P_3: 4283.587217288492 ± 14.816155912921127
t03: 1349.6441871373972 ± 42.57291759072051
ecos3: -0.02976733899634147 ± 0.010038201911880096
esin3: 0.09363038646784123 ± 0.009469902234546614
Retrieved Earth masses:
[1.243017196645009, 0.8744274160656471, 180.12237210979785]
 ± [0.023842595071707974, 0.013178803777444268, 11.648481416672832]
Retrieved eccentricity:
[0.09653065696362767, 0.06438668240009722, 0.09824837780360762]
