Global Fit Results.
chi^2: 26.570628821330036
per 3 range=[4017.75 - 4748.25, length=100]
mu_1: 3.5722933802019773e-6 ± 5.025820921294334e-7
P_1: 224.70078107905624 ± 1.0630173523129662e-5
t01: 3503.7687297875655 ± 0.00022705975941377055
ecos1: -0.08915846781280745 ± 0.046315950226297725
esin1: -0.05618452156409074 ± 0.020002087925614597
mu_2: 2.554242922241767e-6 ± 2.76740420972345e-7
P_2: 365.2564733652261 ± 2.250625850831656e-5
t02: 3624.4073160362104 ± 0.00029994734287707846
ecos2: -0.05581698917087797 ± 0.03655866688512608
esin2: -0.04203540223986769 ± 0.015455138309566031
mu_3: 0.000407142613612724 ± 0.00019347337625370327
P_3: 4201.379571415061 ± 104.9684451072577
t03: 1476.428269498052 ± 321.3884543533345
ecos3: -0.10277970337702784 ± 0.10867317139964039
esin3: 0.11247525321996792 ± 0.08840131805663763
Retrieved Earth masses:
[1.189281535561467, 0.850353994326453, 135.5451921707708]
 ± [0.16731873299823785, 0.09213192696600654, 64.41081107068989]
Retrieved eccentricity:
[0.12608911438127737, 0.0789371430962878, 0.14535245045247655]
 ± [0.06550064496422747, 0.05170176253122546, 0.1536870728594674]
