Global Fit Results.
chi^2: 14.945978719663465
per 3 range=[4017.75 - 4748.25, length=100]
mu_1: 3.5723488140690293e-6 ± 6.70097398812167e-7
P_1: 224.70078107895068 ± 1.4173597698117709e-5
t01: 3503.768729789949 ± 0.0003027462853559147
ecos1: -0.08915251673844575 ± 0.06175142944117549
esin1: -0.056183849484151706 ± 0.0266693975448003
mu_2: 2.554270988400766e-6 ± 3.689782858738301e-7
P_2: 365.2564733653186 ± 3.0008324067785978e-5
t02: 3624.4073160373896 ± 0.0003999311825433158
ecos2: -0.055812287197141826 ± 0.048742564116892505
esin2: -0.04203500726664103 ± 0.020606741488242587
mu_3: 0.00040716256988033994 ± 0.0002579774819731686
P_3: 4201.383437037072 ± 139.95841913518143
t03: 1476.3894005561895 ± 428.52546611893865
ecos3: -0.1027720179369743 ± 0.14489299010028728
esin3: 0.11246335186764685 ± 0.11786150818651488
Retrieved Earth masses:
[1.189299990505536, 0.8503633380620085, 135.5518359757634]
 ± [0.22308762988274497, 0.12283959230360184, 85.88540280641332]
Retrieved eccentricity:
[0.12608069829120436, 0.07893049350126023, 0.14534158159892005]
 ± [0.08732970901163561, 0.06893239523894955, 0.20490963169261686]
