Global Fit Results.
chi^2: 563.3866113824006
per 3 range=[4017.75 - 4748.25, length=100]
mu_1: 3.1790046073766746e-6 ± 1.0471742398013807e-7
P_1: 224.70078885615993 ± 2.54220128485072e-6
t01: 3503.768637563253 ± 4.324073222473915e-5
ecos1: -0.13131737822839282 ± 0.012161600196122588
esin1: -0.041149205960415026 ± 0.003975493574338841
mu_2: 2.3516005391930973e-6 ± 5.592986750612198e-8
P_2: 365.2564698092727 ± 5.904216611437207e-6
t02: 3624.4073751477313 ± 6.210983885717627e-5
ecos2: -0.08991825898104822 ± 0.009562144179327384
esin2: -0.03078556805139653 ± 0.003071309416489557
mu_3: 0.0003609571862469554 ± 3.6968269125392764e-5
P_3: 4216.754825946354 ± 33.51858131265573
t03: 1665.6411309699556 ± 56.38263851841991
ecos3: -0.09358847007482964 ± 0.021977815436463988
esin3: 0.1742484081326732 ± 0.022383890643634104
Retrieved Earth masses:
[1.0583485393364158, 0.7828906538803413, 120.1692221335567]
 ± [0.03486233786993676, 0.01862007165482845, 12.307410168537405]
Retrieved eccentricity:
[0.18571081726587052, 0.12716362135597475, 0.1323540836615726]
 ± [0.01719909993751586, 0.013522913983771735, 0.031081324661580135]
