Global Fit Results.
chi^2: 6.9470361749359
per 3 range=[4017.75 - 4748.25, length=100]
mu_1: 3.4693263914493434e-6 ± 9.348021208398946e-7
P_1: 224.7007882787507 ± 2.112244335168547e-5
t01: 3503.768652962833 ± 0.00042776323057091593
ecos1: -0.09909056777597217 ± 0.08961139854260887
esin1: -0.05230860731881873 ± 0.0383914393350148
mu_2: 2.594556996435183e-6 ± 5.220368691112989e-7
P_2: 365.25647262725766 ± 4.46300406789085e-5
t02: 3624.407329906668 ± 0.0005640894412061673
ecos2: -0.06421489068263775 ± 0.07056058336452811
esin2: -0.03894706659997039 ± 0.029670547573496648
mu_3: 0.00044991279314241395 ± 0.0004055525695598627
P_3: 4218.9820779171305 ± 181.05635556756593
t03: 1542.932396168337 ± 527.6028889354236
ecos3: -0.06700203668882451 ± 0.1714396499517707
esin3: 0.12706582429130012 ± 0.16101399415962184
Retrieved Earth masses:
[1.1550019494629284, 0.8637752839459448, 149.7841639946453]
 ± [0.31121265343993887, 0.17379558262409103, 135.01583754293497]
Retrieved eccentricity:
[0.14013522485203023, 0.09081356930969199, 0.09475518899195533]
 ± [0.12672965516217807, 0.09978773396307306, 0.24245227809029005]
