Global Fit Results.
chi^2: 5.420423682437747
per 3 range=[4017.75 - 4748.25, length=100]
mu_1: 3.709035525831271e-6 ± 6.949068763615647e-7
P_1: 224.70078087019007 ± 2.6104362549321334e-5
t01: 3503.7688142147717 ± 0.0004711808948005932
ecos1: -0.07058967796904042 ± 0.04296596396696415
esin1: -0.030758919669085328 ± 0.028969210301075535
mu_2: 2.6808602444526534e-6 ± 4.222081097079598e-7
P_2: 365.25640632585095 ± 6.749275259874961e-5
t02: 3624.4079452381793 ± 0.0007208342685790192
ecos2: -0.041825352069623914 ± 0.03310282991469971
esin2: -0.023205001168293757 ± 0.022943370622663738
mu_3: 0.0010364663615569402 ± 0.0008293185363653572
P_3: 4684.582554398238 ± 436.7039592093068
t03: 924.9945298951902 ± 635.9094562088769
ecos3: 0.03557422967182335 ± 0.06824933008781316
esin3: 0.06706870352905259 ± 0.06602505599249271
Retrieved Earth masses:
[1.2348054865984284, 0.8925072072238578, 345.0585309878861]
 ± [0.23134715686335294, 0.14056077023875255, 276.09524678581]
Retrieved eccentricity:
[0.09982887994736624, 0.05914998014789174, 0.050309558072867966]
 ± [0.06076304896251441, 0.04681447101829814, 0.09651912823306351]
