Global Fit Results.
chi^2: 36.79303181621123
per 3 range=[4017.75 - 4748.25, length=100]
mu_1: 3.626738620081672e-6 ± 4.2720011403675917e-7
P_1: 224.70077536205915 ± 7.78644238548043e-6
t01: 3503.768810285411 ± 0.00020394169298266105
ecos1: -0.08574421348272881 ± 0.03856440202265672
esin1: -0.06564481722292936 ± 0.01790096084477248
mu_2: 2.583619663580722e-6 ± 2.4222323878594234e-7
P_2: 365.2564555377695 ± 1.6598548015119187e-5
t02: 3624.407497614989 ± 0.0002717344789998807
ecos2: -0.05242917707643032 ± 0.030489421736601748
esin2: -0.05061728964649038 ± 0.013839427295708012
mu_3: 0.0004072769742478891 ± 0.0001522380458441296
P_3: 4227.740959378769 ± 87.2557872122256
t03: 1455.1505763979528 ± 273.2202158054119
ecos3: -0.08420225807793333 ± 0.07737977289373131
esin3: 0.1199530499904931 ± 0.0741444095220963
Retrieved Earth masses:
[1.2074073476369789, 0.8601340466152739, 135.58992327359505]
 ± [0.1422226994091244, 0.08064052828598581, 50.68281847616521]
Retrieved eccentricity:
[0.12126062960228909, 0.07414605328554834, 0.11907997535625281]
 ± [0.05453830036524955, 0.043118553728815234, 0.10943152427966482]
