Global Fit Results.
chi^2: 1234.8113562324043
per 3 range=[4017.75 - 4748.25, length=100]
mu_1: 3.576719695071381e-6 ± 7.036951955917463e-8
P_1: 224.70077393881286 ± 1.387649019479217e-6
t01: 3503.7688440662905 ± 3.4764261544365654e-5
ecos1: -0.08937266204120492 ± 0.006475457826504227
esin1: -0.06141042063175096 ± 0.0030715807166061277
mu_2: 2.5598575046104662e-6 ± 4.015104091397449e-8
P_2: 365.25646034249024 ± 2.818886551942197e-6
t02: 3624.407482570271 ± 4.5205100602571465e-5
ecos2: -0.055800898960795146 ± 0.0051117101199682005
esin2: -0.04781365165915759 ± 0.002362883336582049
mu_3: 0.00047648821239578955 ± 3.116490353445833e-5
P_3: 4281.262891269501 ± 14.883088437792175
t03: 1392.0308259057974 ± 43.55065512509206
ecos3: -0.04831133960691007 ± 0.010851540058598487
esin3: 0.10615037122778143 ± 0.011024638139168605
Retrieved Earth masses:
[1.1907551364067777, 0.852223191066561, 158.63160513511997]
 ± [0.02342729484142372, 0.013367012871116154, 10.375364055062578]
Retrieved eccentricity:
[0.1263920307640591, 0.07891438810296723, 0.06832255168850469]
 ± [0.00915768028081728, 0.007229049778578829, 0.01534639512350491]
