Global Fit Results.
chi^2: 11.650387300657764
per 3 range=[4017.75 - 4748.25, length=100]
mu_1: 3.6490275537693046e-6 ± 4.893594016996551e-7
P_1: 224.7007774841632 ± 1.5901570011501652e-5
t01: 3503.7688049139992 ± 0.00026782903764253896
ecos1: -0.09305272899579521 ± 0.039288550044292145
esin1: -0.028147822618626 ± 0.020051800645878755
mu_2: 2.5324698349798976e-6 ± 2.6291603637782883e-7
P_2: 365.2564168040963 ± 3.989442749661846e-5
t02: 3624.4077855457986 ± 0.0004012747507562634
ecos2: -0.05930720274886373 ± 0.030332412419359932
esin2: -0.02054907494608164 ± 0.015733900372698652
mu_3: 0.0007840635420893608 ± 0.000431959257564637
P_3: 4469.12092402048 ± 202.0589131869001
t03: 1245.7557773342048 ± 312.5644609660204
ecos3: 0.007984348945104977 ± 0.06250390813803157
esin3: 0.09364943275513717 ± 0.059521586992102464
Retrieved Earth masses:
[1.214827739654321, 0.8431053369803851, 261.02903487201155]
 ± [0.1629166585029758, 0.08752953752344939, 143.80710497731206]
Retrieved eccentricity:
[0.13159643136168175, 0.08387305047385399, 0.011291574564886773]
 ± [0.05556240031861202, 0.04289650902295292, 0.0883938745901263]
