Global Fit Results.
chi^2: 385.3381266175577
per 3 range=[4017.75 - 4748.25, length=100]
mu_1: 3.672756819560434e-6 ± 7.835547377612791e-8
P_1: 224.70078203334208 ± 2.787262234631089e-6
t01: 3503.76878113042 ± 4.475745542208762e-5
ecos1: -0.09107021834745647 ± 0.006073815609386749
esin1: -0.028511035945832482 ± 0.003299832081485116
mu_2: 2.5785836295048947e-6 ± 4.361104672045577e-8
P_2: 365.25640362970177 ± 6.764296593377972e-6
t02: 3624.407904983891 ± 6.781042029199461e-5
ecos2: -0.05734950863321319 ± 0.004678178537079054
esin2: -0.021307503710951442 ± 0.0025992170531262486
mu_3: 0.0008518071529268891 ± 7.391206688582094e-5
P_3: 4554.934911904406 ± 37.459966043148924
t03: 1137.269797227013 ± 56.30937665817211
ecos3: 0.014371592511015592 ± 0.009221309371845158
esin3: 0.08798341191302048 ± 0.008985536419400163
Retrieved Earth masses:
[1.2227276444645538, 0.8584574591401151, 283.58211686909516]
 ± [0.026085964464332687, 0.014518911828068843, 24.606673373932406]
Retrieved eccentricity:
[0.12879273791525203, 0.08110445290452299, 0.020324501041977854]
 ± [0.008589672410148146, 0.006615943534339923, 0.013040900776501548]
