Global Fit Results.
chi^2: 998.412018841583
per 3 range=[4017.75 - 4748.25, length=200]
mu_1: 3.7346440153228393e-6 ± 7.909590583591116e-8
P_1: 224.70078104844958 ± 1.776432280749971e-6
t01: 3503.769485518682 ± 3.791768092589272e-5
ecos1: -0.07197308632542654 ± 0.006648649742142413
esin1: -0.05696693853184218 ± 0.0031921490475245906
mu_2: 2.65278786097255e-6 ± 4.487360994074954e-8
P_2: 365.2564724311589 ± 3.762230623919059e-6
t02: 3624.4085062033864 ± 5.033709823422465e-5
ecos2: -0.0420936668156352 ± 0.0052813463904744715
esin2: -0.04363945341551834 ± 0.0024641112917680287
mu_3: 0.00045180237063796087 ± 3.289958975852276e-5
P_3: 4207.370953574431 ± 18.10329313385335
t03: 1353.7082954693028 ± 54.986027252117886
ecos3: -0.08182052082889975 ± 0.01564029865912107
esin3: 0.07857042523206369 ± 0.01183752001508035
Retrieved Earth masses:
[1.2433310192085805, 0.8831613994251152, 150.4132387615502]
 ± [0.026332467783997924, 0.014939242121682496, 10.952872696347807]
Retrieved eccentricity:
[0.09178974474797273, 0.06063232372580572, 0.11343680773831626]
