Global Fit Results.
chi^2: 6.944226890788268
per 3 range=[4017.75 - 4748.25, length=100]
mu_1: 3.829568769096564e-6 ± 9.202204825056576e-7
P_1: 224.70077941980233 ± 1.94813380404797e-5
t01: 3503.7687468192908 ± 0.00044041019766330783
ecos1: -0.06712133414410024 ± 0.07619674141504847
esin1: -0.05579867931653254 ± 0.036665472287159176
mu_2: 2.678628637866706e-6 ± 5.222952560449241e-7
P_2: 365.2564794238312 ± 4.17602018566882e-5
t02: 3624.4072679018445 ± 0.0005879253308761997
ecos2: -0.038154743499742454 ± 0.06039177438688511
esin2: -0.04226567153902736 ± 0.028359486935481567
mu_3: 0.00043103231737546584 ± 0.00038070081980969776
P_3: 4211.021349262363 ± 206.93798958092637
t03: 1318.3949146350042 ± 679.6021550014221
ecos3: -0.109617720304871 ± 0.21477275598832038
esin3: 0.07564544360206447 ± 0.15379121429250595
Retrieved Earth masses:
[1.2749331987934012, 0.8917642647427015, 143.49850970412967]
 ± [0.3063581604340585, 0.17388160434081054, 126.74223737670383]
Retrieved eccentricity:
[0.09492390107116284, 0.05395895572620247, 0.15502286673156918]
 ± [0.10775846511779724, 0.08540686639370902, 0.30373454434693004]
