Global Fit Results.
chi^2: 8.287078067336765
per 3 range=[4017.75 - 4748.25, length=100]
mu_1: 3.7622928956744734e-6 ± 8.711915357271325e-7
P_1: 224.7007739835655 ± 1.726763418108908e-5
t01: 3503.76884373216 ± 0.00042301945717409606
ecos1: -0.07549091921132128 ± 0.07037984833902522
esin1: -0.05698761662700462 ± 0.03660639753052368
mu_2: 2.6246175837948656e-6 ± 4.78109933693032e-7
P_2: 365.256453915502 ± 3.639156645635544e-5
t02: 3624.4075391325196 ± 0.0005602000015050176
ecos2: -0.04475238345251904 ± 0.055773426299237254
esin2: -0.04439559387969268 ± 0.02813267706823974
mu_3: 0.000516819539914632 ± 0.00041011833421067585
P_3: 4276.591865691113 ± 184.8153561511427
t03: 1357.670995640861 ± 532.1658750669856
ecos3: -0.03327283886242542 ± 0.12676668800440927
esin3: 0.09579795355567154 ± 0.11883872799638091
Retrieved Earth masses:
[1.2525358351017497, 0.8737830010313153, 172.05863870091557]
 ± [0.2900355309896569, 0.15917150569461103, 136.53586376055327]
Retrieved eccentricity:
[0.10676028178466218, 0.06328942762707371, 0.047054899977896615]
 ± [0.09953213603881102, 0.07887553589239758, 0.17927516943295432]
