Global Fit Results.
chi^2: 1088.0652793815773
per 3 range=[4017.75 - 4748.25, length=100]
mu_1: 3.74491408633452e-6 ± 7.771787340096563e-8
P_1: 224.70077760883055 ± 1.5612336536902111e-6
t01: 3503.768779460677 ± 3.6247503540298115e-5
ecos1: -0.08364748713862276 ± 0.006762384070371692
esin1: -0.05794224453713038 ± 0.0031180271783995063
mu_2: 2.603269586133199e-6 ± 4.2704432375800377e-8
P_2: 365.2564660337188 ± 3.2332139423298657e-6
t02: 3624.4074023871794 ± 4.778354720110899e-5
ecos2: -0.05075553285658909 ± 0.005339613266335233
esin2: -0.044515792003578865 ± 0.0024085853776833767
mu_3: 0.00044067283695301565 ± 3.1250360262415935e-5
P_3: 4227.069963138932 ± 16.389954278384838
t03: 1424.1322678755187 ± 48.508794564864445
ecos3: -0.07777680402248895 ± 0.01460498536798777
esin3: 0.1039864148098333 ± 0.012118611940040054
Retrieved Earth masses:
[1.2467501129176213, 0.8666758637561585, 146.70801427347456]
 ± [0.025873695685555986, 0.014217083398760818, 10.403814156393208]
Retrieved eccentricity:
[0.11829541076986934, 0.07177916293126153, 0.10999301108663816]
 ± [0.00956345526629542, 0.007551353499078589, 0.02065456838566891]
