Global Fit Results.
chi^2: 157.09564447952266
per 3 range=[4017.75 - 4748.25, length=200]
mu_1: 3.239161398594685e-6 ± 2.6310401417632756e-7
P_1: 224.7007717842774 ± 5.248326196561364e-6
t01: 3503.769701082431 ± 0.0001122995712593839
ecos1: -0.11875693077131799 ± 0.029315707622461194
esin1: -0.058333545353028 ± 0.010764102571987061
mu_2: 2.4147233833924356e-6 ± 1.4660710840866757e-7
P_2: 365.256470873601 ± 1.1018233093072457e-5
t02: 3624.408369821266 ± 0.0001462256654053251
ecos2: -0.07955535306078726 ± 0.023143790278166473
esin2: -0.042904509751035116 ± 0.008334926936262066
mu_3: 0.0002925470471786491 ± 7.357433991332508e-5
P_3: 4082.346443998147 ± 51.58619919973056
t03: 1749.1469377234782 ± 155.59344451272239
ecos3: -0.14839545520026273 ± 0.06896005762404683
esin3: 0.15786007112469186 ± 0.0578160817577744
Retrieved Earth masses:
[1.0783758308883098, 0.8039053984963481, 97.3942407476413]
 ± [0.08759211875658353, 0.04880817683642447, 24.494237913094725]
Retrieved eccentricity:
[0.1323102834993463, 0.09038722895189995, 0.21665874821845055]
