Global Fit Results.
chi^2: 2.581047837702769
per 3 range=[4017.75 - 4748.25, length=100]
mu_1: 3.480095826902275e-6 ± 9.673562285111438e-7
P_1: 224.70078867801647 ± 3.2388508704635045e-5
t01: 3503.76873240904 ± 0.0004991976677470971
ecos1: -0.10668713076636083 ± 0.08740548550766995
esin1: -0.02657136933839808 ± 0.03887480410546846
mu_2: 2.500973845764443e-6 ± 5.178478390930874e-7
P_2: 365.2564091739018 ± 7.268467358365128e-5
t02: 3624.4079094031526 ± 0.0007044543014219101
ecos2: -0.06951151427005713 ± 0.06742487934797808
esin2: -0.01890083279175788 ± 0.030617072831059057
mu_3: 0.000801459145581837 ± 0.0008125515790949004
P_3: 4646.414667913968 ± 414.6823319070514
t03: 1105.018852868134 ± 595.7620540192329
ecos3: 0.00685956039966768 ± 0.11325502812720528
esin3: 0.09793908001024314 ± 0.11479580996933271
Retrieved Earth masses:
[1.1585872906903807, 0.8326197484713964, 266.82034813542015]
 ± [0.3220505088564802, 0.17240097822788378, 270.513221300497]
Retrieved eccentricity:
[0.15087838726045938, 0.09830412622180572, 0.009700883349127441]
 ± [0.12361002303075186, 0.09535317881528022, 0.16016679678444007]
