Global Fit Results.
chi^2: 175.56944198705656
per 3 range=[4017.75 - 4748.25, length=200]
mu_1: 3.757815393179293e-6 ± 2.2943660797640915e-7
P_1: 224.7007747816087 ± 3.6897984740200543e-6
t01: 3503.769492736934 ± 0.0001002723685856405
ecos1: -0.06455259621080071 ± 0.019569705719476804
esin1: -0.07885409560448127 ± 0.00890836604961114
mu_2: 2.778091352347562e-6 ± 1.302637964669803e-7
P_2: 365.2564595090465 ± 8.136733803283831e-6
t02: 3624.4085943221285 ± 0.00013544944768525166
ecos2: -0.03704194844192331 ± 0.015524841164624326
esin2: -0.062094204400826296 ± 0.006922401442461364
mu_3: 0.0002984552186126799 ± 5.6969171399679995e-5
P_3: 4186.461911935858 ± 39.97507130948434
t03: 1484.9878505201868 ± 155.75149953740274
ecos3: -0.2076315390792183 ± 0.06822804038112397
esin3: 0.15387795661515 ± 0.05072805236798486
Retrieved Earth masses:
[1.2510451929634359, 0.9248772141058406, 99.36117863532043]
 ± [0.07638362598112546, 0.043367190597754755, 18.966074851905113]
Retrieved eccentricity:
[0.10190684997170384, 0.07230350036164017, 0.25843622337524386]
