Global Fit Results.
chi^2: 9.287695699220324
per 3 range=[4017.75 - 4748.25, length=100]
mu_1: 3.6438882996665637e-6 ± 8.159130500851306e-7
P_1: 224.7007741735575 ± 1.4762056630907612e-5
t01: 3503.7688269804958 ± 0.00040157363378436333
ecos1: -0.08444030847364756 ± 0.07494157846385602
esin1: -0.06484807886540345 ± 0.03542829813181894
mu_2: 2.5839483715276424e-6 ± 4.776495425602946e-7
P_2: 365.25645667462146 ± 3.241514532851874e-5
t02: 3624.407483278102 ± 0.0005401997885537178
ecos2: -0.05155256865074883 ± 0.05933491707975636
esin2: -0.05009557244633238 ± 0.027417824612579005
mu_3: 0.00040372892588510893 ± 0.0003003439946600027
P_3: 4220.197468522934 ± 166.1880092553562
t03: 1462.2034407559333 ± 534.9741034425003
ecos3: -0.08646598102102344 ± 0.15606942537002907
esin3: 0.12030136597607446 ± 0.14744845510548468
Retrieved Earth masses:
[1.2131167883520506, 0.8602434794782161, 134.40871334595607]
 ± [0.27163231622230893, 0.15901823310050237, 99.98998658551314]
Retrieved eccentricity:
[0.11941662945440015, 0.07290634176105905, 0.12228136304382599]
 ± [0.10598339664923263, 0.08391224445647445, 0.2207154980300707]
