Global Fit Results.
chi^2: 1457.5264700172888
per 3 range=[4017.75 - 4748.25, length=200]
mu_1: 3.7607588539869626e-6 ± 6.58016591640104e-8
P_1: 224.70077518085532 ± 1.2299778322060468e-6
t01: 3503.769516828785 ± 3.346640321306567e-5
ecos1: -0.07616954630736732 ± 0.005691547372735955
esin1: -0.06181575370364617 ± 0.0028653709190674358
mu_2: 2.5826650442580974e-6 ± 3.8616789168009676e-8
P_2: 365.2564561520653 ± 2.706015505279442e-6
t02: 3624.408634712385 ± 4.511890679587418e-5
ecos2: -0.045149179745047625 ± 0.004519068705067612
esin2: -0.04789553499854552 ± 0.002214360695360512
mu_3: 0.0004478287438390332 ± 2.6845035973413916e-5
P_3: 4228.195063461375 ± 13.746261260254006
t03: 1405.5170441782986 ± 43.96412698991458
ecos3: -0.07539252433944017 ± 0.012111962626539729
esin3: 0.1045745630926281 ± 0.010866513332199308
Retrieved Earth masses:
[1.2520251246814216, 0.8598162364543896, 149.09034602061027]
 ± [0.021906570912336974, 0.012856232518502528, 8.937201457641592]
Retrieved eccentricity:
[0.09809682558890485, 0.06582120254482987, 0.12891808241006045]
