Global Fit Results.
chi^2: 106.28251528532014
per 3 range=[4017.75 - 4748.25, length=100]
mu_1: 3.5722933802019773e-6 ± 2.512910460647167e-7
P_1: 224.70078107905624 ± 5.315086761564831e-6
t01: 3503.7687297875655 ± 0.00011352987970688528
ecos1: -0.08915846781280745 ± 0.023157975113148863
esin1: -0.05618452156409074 ± 0.010001043962807299
mu_2: 2.554242922241767e-6 ± 1.383702104861725e-7
P_2: 365.2564733652261 ± 1.125312925415828e-5
t02: 3624.4073160362104 ± 0.00014997367143853923
ecos2: -0.05581698917087797 ± 0.01827933344256304
esin2: -0.04203540223986769 ± 0.0077275691547830155
mu_3: 0.000407142613612724 ± 9.673668812685163e-5
P_3: 4201.379571415061 ± 52.48422255362885
t03: 1476.428269498052 ± 160.69422717666725
ecos3: -0.10277970337702784 ± 0.054336585699820195
esin3: 0.11247525321996792 ± 0.044200659028318816
Retrieved Earth masses:
[1.189281535561467, 0.850353994326453, 135.5451921707708]
 ± [0.08365936649911893, 0.04606596348300327, 32.205405535344944]
Retrieved eccentricity:
[0.12608911438127737, 0.0789371430962878, 0.14535245045247655]
 ± [0.032750322482113736, 0.02585088126561273, 0.0768435364297337]
