Global Fit Results.
chi^2: 2.440449989879575
per 3 range=[4017.75 - 4748.25, length=100]
mu_1: 3.4587624453217593e-6 ± 9.94280056170707e-7
P_1: 224.7007944761533 ± 3.757679636787405e-5
t01: 3503.7686750468533 ± 0.0005337179385877477
ecos1: -0.10677317433497749 ± 0.08994120241328409
esin1: -0.026985544443584766 ± 0.0403867614983232
mu_2: 2.4691292653690954e-6 ± 5.329428135397626e-7
P_2: 365.25640749954505 ± 8.251639465079935e-5
t02: 3624.4078910871035 ± 0.0007609010951670865
ecos2: -0.06969566430752319 ± 0.06948515117754035
esin2: -0.01907913631725618 ± 0.031751945402648
mu_3: 0.0007740043372155413 ± 0.0008153765709601137
P_3: 4595.720880564802 ± 449.35378830597585
t03: 1157.8414625075743 ± 615.0581930897974
ecos3: 0.0031555867886353 ± 0.12329700442120918
esin3: 0.09961655003244592 ± 0.12135350246391038
Retrieved Earth masses:
[1.1514850193748707, 0.8220181076090357, 257.68014234118954]
 ± [0.33101394150163077, 0.1774263701760076, 271.4537125496283]
Retrieved eccentricity:
[0.15100007124215203, 0.09856455370230174, 0.004462673633733402]
 ± [0.1271960682690101, 0.09826684317882241, 0.17436829585244948]
