Global Fit Results.
chi^2: 32.843591596197854
per 3 range=[4017.75 - 4748.25, length=100]
mu_1: 4.979108346749772e-6 ± 9.240646246789765e-8
P_1: 224.70086025078987 ± 7.159749661969513e-6
t01: 3503.7687385952627 ± 6.629220323596195e-5
ecos1: -0.008204143896811301 ± 0.0035490070445718383
esin1: 4.649066395698762e-5 ± 0.003089759649776918
mu_2: 2.925405435607409e-6 ± 6.144906392253818e-8
P_2: 365.25664048612117 ± 2.7444726547530723e-5
t02: 3624.407935658736 ± 0.00017636285905478583
ecos2: 0.009220327774792031 ± 0.002941740310009045
esin2: 0.0017100275034030736 ± 0.002354449114503209
mu_3: 0.001261008926743488 ± 0.00018063321787258678
P_3: 4607.143120491723 ± 130.52157544878162
t03: 4469.2957376297645 ± 42.75599236664646
ecos3: 0.021975514484090124 ± 0.010835672098911144
esin3: -0.10094077578464468 ± 0.01506357758143097
Retrieved Earth masses:
[1.6576358630473629, 0.9739207557477633, 419.81284097932075]
 ± [0.030763794538457193, 0.020457512673967164, 60.136088462245205]
Retrieved eccentricity:
[0.008204275620761486, 0.009377560361682366, 0.1033051956720782]
 ± [0.004705535643878401, 0.003767926045494664, 0.01855594673916993]
