Global Fit Results.
chi^2: 27.630208395958963
per 3 range=[4017.75 - 4675.2, length=100]
mu_1: 3.625824919780045e-6 ± 2.6523712194401483e-7
P_1: 224.7007529656766 ± 2.8887267734682324e-5
t01: 3503.7698550977734 ± 0.0003243260946728569
ecos1: -0.09712241202508765 ± 0.02166541364595684
esin1: -0.03206672238551348 ± 0.011913353803308921
mu_2: 2.484088414722231e-6 ± 1.5211256952103234e-7
P_2: 365.25629222320833 ± 0.00010593506967972731
t02: 3624.4098945455244 ± 0.0007272427076593174
ecos2: -0.06297573723993853 ± 0.017055368165263703
esin2: -0.02306121745365075 ± 0.009321343608223278
mu_3: 0.0010643210888870418 ± 0.0003043621141914611
P_3: 4948.644203091657 ± 249.4345809345148
t03: 772.7470621643546 ± 251.3882975342016
ecos3: 0.0623317068102511 ± 0.03726886037784199
esin3: 0.09115883028707394 ± 0.03173187548371326
Retrieved Earth masses:
[1.207103160163524, 0.8269982809094673, 354.3318770896882]
 ± [0.0883022691869857, 0.05064104512265602, 101.32769176754725]
Retrieved eccentricity:
[0.1022792139299109, 0.06706536536363868, 0.11043176179517672]
 ± [0.024724848782009326, 0.019436384178011492, 0.048947725948985235]
