Global Fit Results.
chi^2: 173.49382818857129
per 3 range=[4017.75 - 4748.25, length=200]
mu_1: 3.4530315989671717e-6 ± 3.0134082436066175e-7
P_1: 224.7007890559764 ± 5.99512103674752e-6
t01: 3503.769335117075 ± 0.00011854247254090234
ecos1: -0.12439070258873224 ± 0.03208939529557808
esin1: -0.04103491208985103 ± 0.010439301138782194
mu_2: 2.3797251740608054e-6 ± 1.5429590226455767e-7
P_2: 365.2564473639481 ± 1.314342718494481e-5
t02: 3624.4088405347525 ± 0.00015942101153467738
ecos2: -0.08459528157084925 ± 0.02516868774908914
esin2: -0.03114193501492499 ± 0.008159889381842247
mu_3: 0.0004166624366050911 ± 0.00011957969657331371
P_3: 4232.982162711595 ± 55.75790384586755
t03: 1674.130743926768 ± 139.14313244637114
ecos3: -0.037803321718223065 ± 0.04587416657717831
esin3: 0.15671092688458998 ± 0.054290803124455916
Retrieved Earth masses:
[1.149577116236113, 0.792253857117776, 138.71451464842116]
 ± [0.10032184935010667, 0.05136791636236217, 39.810259132368365]
Retrieved eccentricity:
[0.13098439182108773, 0.09014533698714026, 0.16120609708679998]
