Global Fit Results.
chi^2: 120.89614216807486
per 3 range=[4017.75 - 4748.25, length=100]
mu_1: 3.7448993867988372e-6 ± 2.3314785467120478e-7
P_1: 224.70077760892474 ± 4.683696669920143e-6
t01: 3503.768779458352 ± 0.00010874236225071666
ecos1: -0.0836487643828052 ± 0.020287006343983234
esin1: -0.0579434963306337 ± 0.009354209865268928
mu_2: 2.6032644026402235e-6 ± 1.2811096107578313e-7
P_2: 365.2564660340157 ± 9.699646050269219e-6
t02: 3624.4074023825697 ± 0.00014335086043634903
ecos2: -0.05075653655506854 ± 0.01601870616898803
esin2: -0.04451674522868426 ± 0.007225853437155276
mu_3: 0.0004406599806343088 ± 9.374881054317775e-5
P_3: 4227.067809789774 ± 49.17115925509965
t03: 1424.138708314632 ± 145.5253420908545
ecos3: -0.07778336817364398 ± 0.043816547135289395
esin3: 0.10398909588794829 ± 0.03635667326909095
Retrieved Earth masses:
[1.2467452191744406, 0.8666741380769296, 146.70373417079935]
 ± [0.07761916760614854, 0.042650472482147664, 31.210686663576226]
Retrieved eccentricity:
[0.11829721706591462, 0.0717805823752637, 0.11000229419822707]
 ± [0.028690159511610108, 0.022653871515852433, 0.061965955215086244]
