Global Fit Results.
chi^2: 15.624510492115972
per 3 range=[4017.75 - 4748.25, length=100]
mu_1: 3.829608388083214e-6 ± 6.134834657280652e-7
P_1: 224.7007794199831 ± 1.2987619130264432e-5
t01: 3503.7687468161907 ± 0.0002936070787684649
ecos1: -0.06711753092869739 ± 0.05079700953192293
esin1: -0.05579872204852998 ± 0.024443570285497002
mu_2: 2.6786467021718514e-6 ± 3.481964465329596e-7
P_2: 365.25647942370716 ± 2.7840148211176616e-5
t02: 3624.4072679034457 ± 0.000391952090050757
ecos2: -0.03815171651425746 ± 0.04026064745545871
esin2: -0.04226574845152871 ± 0.018906263976385302
mu_3: 0.00043102917496760804 ± 0.00025380035947676817
P_3: 4211.022540221467 ± 137.963745370714
t03: 1318.3582902780438 ± 453.0918541782448
ecos3: -0.10962291468249616 ± 0.14318762052012654
esin3: 0.07563833838005081 ± 0.1025278932706194
Retrieved Earth masses:
[1.2749463886757166, 0.8917702786789257, 143.49746353931485]
 ± [0.20423982033675864, 0.11592093944600682, 84.4947626411124]
Retrieved eccentricity:
[0.09491852251235952, 0.05395467492227648, 0.15503021269085476]
 ± [0.0718378198080408, 0.056937153661431546, 0.20249787490349505]
