Global Fit Results.
chi^2: 956.5426380584618
per 3 range=[4017.75 - 4748.25, length=100]
mu_1: 3.5723488140690293e-6 ± 8.376217485152087e-8
P_1: 224.70078107895068 ± 1.7716997122647136e-6
t01: 3503.768729789949 ± 3.7843285669489335e-5
ecos1: -0.08915251673844575 ± 0.007718928680146936
esin1: -0.056183849484151706 ± 0.0033336746931000374
mu_2: 2.554270988400766e-6 ± 4.612228573422876e-8
P_2: 365.2564733653186 ± 3.751040508473247e-6
t02: 3624.4073160373896 ± 4.999139781791448e-5
ecos2: -0.055812287197141826 ± 0.006092820514611563
esin2: -0.04203500726664103 ± 0.0025758426860303233
mu_3: 0.00040716256988033994 ± 3.224718524664608e-5
P_3: 4201.383437037072 ± 17.49480239189768
t03: 1476.3894005561895 ± 53.56568326486733
ecos3: -0.1027720179369743 ± 0.01811162376253591
esin3: 0.11246335186764685 ± 0.01473268852331436
Retrieved Earth masses:
[1.189299990505536, 0.8503633380620085, 135.5518359757634]
 ± [0.02788595373534312, 0.01535494903795023, 10.735675350801666]
Retrieved eccentricity:
[0.12608069829120436, 0.07893049350126023, 0.14534158159892005]
 ± [0.010916213626454452, 0.008616549404868694, 0.025613703961577108]
