Global Fit Results.
chi^2: 99.84840949597438
per 3 range=[4090.7999999999997 - 4529.1, length=200]
mu_1: 3.393342079493356e-6 ± 2.577529384206224e-7
P_1: 224.7007805284273 ± 7.607683084501155e-6
t01: 3503.7694825077206 ± 0.00013095037859905305
ecos1: -0.10380797617617847 ± 0.024825693668209383
esin1: -0.05039491929289509 ± 0.011235534023402216
mu_2: 2.5188646765927603e-6 ± 1.4422637450308587e-7
P_2: 365.2564052566413 ± 1.8667444474628336e-5
t02: 3624.409125622488 ± 0.0001951489052727581
ecos2: -0.06695553631046992 ± 0.019378651375184113
esin2: -0.03804048478405253 ± 0.008719249782378943
mu_3: 0.0006603267280795294 ± 0.0001748431044536593
P_3: 4590.56092724732 ± 96.73600341276487
t03: 1120.4751380880996 ± 169.7468480016627
ecos3: -0.00046074238100698636 ± 0.029449035657466635
esin3: 0.11517554501357802 ± 0.037726498033865796
Retrieved Earth masses:
[1.1297053879592123, 0.838575931935468, 219.83479562316924]
 ± [0.08581064816771186, 0.04801558715420935, 58.208454238219694]
Retrieved eccentricity:
[0.11539386382443152, 0.07700728748130523, 0.11517646657506207]
