Global Fit Results.
chi^2: 180.34307804155958
per 3 range=[4090.7999999999997 - 4346.475, length=200]
mu_1: 4.6199953317231255e-6 ± 3.1326774757828684e-7
P_1: 224.70077858660463 ± 4.300807868707655e-6
t01: 3503.769355960781 ± 0.0001050895379547937
ecos1: -0.009623167534394846 ± 0.01734438147361089
esin1: -0.05243819380592213 ± 0.008492254948724234
mu_2: 2.9698537490595206e-6 ± 1.3867779714364376e-7
P_2: 365.25645501252063 ± 8.959174008645492e-6
t02: 3624.408578693107 ± 0.00013811545334749498
ecos2: 0.007301160219458445 ± 0.013604275182183037
esin2: -0.04128313361520518 ± 0.006690085562181858
mu_3: 0.000420061583520664 ± 0.00010668287555349855
P_3: 4234.9725838244685 ± 52.560563541135636
t03: 826.261861492639 ± 192.4417082404397
ecos3: -0.1128752559432501 ± 0.05881656117204177
esin3: -0.04591764343722178 ± 0.04155438671704779
Retrieved Earth masses:
[1.5380805991046094, 0.9887184089216065, 139.84615257204626]
 ± [0.10429253933805467, 0.0461683646839637, 35.51667249939144]
Retrieved eccentricity:
[0.05331387739625098, 0.04192378873194891, 0.12185751262471285]
 ± [0.019311808895498835, 0.01516026213697756, 0.07201496319192623]
