Global Fit Results.
chi^2: 3.855639363143412
per 3 range=[4017.75 - 4748.25, length=100]
mu_1: 3.4801093821068095e-6 ± 7.914694764971283e-7
P_1: 224.7007886779577 ± 2.649957820546512e-5
t01: 3503.7687324102467 ± 0.00040843170157644636
ecos1: -0.1066856691018015 ± 0.07151262711592185
esin1: -0.026571260342287784 ± 0.031806290022615716
mu_2: 2.500979846897561e-6 ± 4.236914602544666e-7
P_2: 365.2564091739194 ± 5.946923085228471e-5
t02: 3624.4079094022327 ± 0.0005763703930728863
ecos2: -0.069510390385528 ± 0.05516512137718718
esin2: -0.018900765027269353 ± 0.02505003811437978
mu_3: 0.0008014719792057057 ± 0.0006648279948342342
P_3: 4646.412860642402 ± 339.27370747480404
t03: 1105.0166539641004 ± 487.4270446717141
ecos3: 0.006861336533229535 ± 0.09266244806900632
esin3: 0.09793716436028935 ± 0.09392228778527786
Retrieved Earth masses:
[1.1585918034648781, 0.8326217463579219, 266.82462068257036]
 ± [0.2634946053353869, 0.1410546046549017, 221.33334931634442]
Retrieved eccentricity:
[0.15087632015461594, 0.09830253680906209, 0.009703395181299203]
 ± [0.10113412714826664, 0.07801526282157606, 0.13104449078188135]
