Global Fit Results.
chi^2: 5.375607566483194
per 3 range=[4017.75 - 4748.25, length=100]
mu_1: 3.475944768292078e-6 ± 1.0613745527453292e-6
P_1: 224.70079147732505 ± 2.3995938246938946e-5
t01: 3503.7686226943288 ± 0.0004742823219849648
ecos1: -0.10514018781393995 ± 0.10452634145945486
esin1: -0.046544916157979094 ± 0.04223744713232107
mu_2: 2.5194540842500023e-6 ± 5.851816387040844e-7
P_2: 365.2564633358755 ± 5.2624792869424395e-5
t02: 3624.407412292584 ± 0.0006398555661933119
ecos2: -0.06911364956748306 ± 0.08219803883305926
esin2: -0.03457290547599335 ± 0.03274391702855981
mu_3: 0.00045928067160159954 ± 0.0004884756941807714
P_3: 4246.455173589244 ± 226.90578538797843
t03: 1533.9867697411669 ± 575.3920666308267
ecos3: -0.05648216626872761 ± 0.19009031124668638
esin3: 0.12945744802506443 ± 0.18207819508463494
Retrieved Earth masses:
[1.1572053276675505, 0.8387721564806191, 152.9029013695312]
 ± [0.35335092153698233, 0.19481762660294724, 162.62245617321477]
Retrieved eccentricity:
[0.1486906795569283, 0.09774146056343594, 0.07987784556944674]
 ± [0.1478225697172022, 0.11624558131818274, 0.26882829624078675]
