Global Fit Results.
chi^2: 6.642657205332509
per 3 range=[4017.75 - 4748.25, length=100]
mu_1: 3.5722933802019773e-6 ± 1.0051641842588668e-6
P_1: 224.70078107905624 ± 2.1260347046259324e-5
t01: 3503.7687297875655 ± 0.0004541195188275411
ecos1: -0.08915846781280745 ± 0.09263190045259545
esin1: -0.05618452156409074 ± 0.040004175851229194
mu_2: 2.554242922241767e-6 ± 5.5348084194469e-7
P_2: 365.2564733652261 ± 4.501251701663312e-5
t02: 3624.4073160362104 ± 0.0005998946857541569
ecos2: -0.05581698917087797 ± 0.07311733377025216
esin2: -0.04203540223986769 ± 0.030910276619132062
mu_3: 0.000407142613612724 ± 0.00038694675250740653
P_3: 4201.379571415061 ± 209.9368902145154
t03: 1476.428269498052 ± 642.776908706669
ecos3: -0.10277970337702784 ± 0.21734634279928078
esin3: 0.11247525321996792 ± 0.17680263611327526
Retrieved Earth masses:
[1.189281535561467, 0.850353994326453, 135.5451921707708]
 ± [0.3346374659964757, 0.18426385393201308, 128.82162214137978]
Retrieved eccentricity:
[0.12608911438127737, 0.0789371430962878, 0.14535245045247655]
 ± [0.13100128992845494, 0.10340352506245092, 0.3073741457189348]
