Global Fit Results.
chi^2: 11.809168367833513
per 3 range=[4017.75 - 4748.25, length=100]
mu_1: 3.5723143811898765e-6 ± 7.538803623392643e-7
P_1: 224.70078107904064 ± 1.594518238373276e-5
t01: 3503.7687297885295 ± 0.00034058779729121314
ecos1: -0.08915625894204432 ± 0.06947335554397052
esin1: -0.05618481567705579 ± 0.030003045705818254
mu_2: 2.5542526245287073e-6 ± 4.151072980425241e-7
P_2: 365.25647336533314 ± 3.375936988644173e-5
t02: 3624.407316037209 ± 0.00044992101251996
ecos2: -0.055815250453863256 ± 0.054837601632066184
esin2: -0.04203568575466081 ± 0.0231826153109896
mu_3: 0.0004071489668397334 ± 0.00029020976304987165
P_3: 4201.384568082053 ± 157.4546398450171
t03: 1476.4058351727435 ± 482.0978144155495
ecos3: -0.10277792845146544 ± 0.1630045682413558
esin3: 0.11247052055174624 ± 0.13259893363890438
Retrieved Earth masses:
[1.1892885271728715, 0.8503572243945025, 135.5473072757662]
 ± [0.25098050454685306, 0.13819678069410748, 96.61611628756162]
Retrieved eccentricity:
[0.1260859905662866, 0.07893468417910446, 0.14534994032867402]
 ± [0.09825016163385117, 0.07755207995608097, 0.23052327113569607]
