Global Fit Results.
chi^2: 348.75571426203135
per 3 range=[4017.75 - 4748.25, length=200]
mu_1: 3.3664991009901243e-6 ± 9.297748065315316e-8
P_1: 224.70078980657868 ± 2.9405476116925105e-6
t01: 3503.769470389805 ± 4.52821576104146e-5
ecos1: -0.11602493787515578 ± 0.009065944748781305
esin1: -0.027471870666457295 ± 0.003678682164899273
mu_2: 2.4765359939160326e-6 ± 4.935776555895342e-8
P_2: 365.2564119219201 ± 6.550792156650333e-6
t02: 3624.4089926691327 ± 6.362940883218914e-5
ecos2: -0.07720339825597111 ± 0.007026304691181503
esin2: -0.01960766586040447 ± 0.002889924112493388
mu_3: 0.0007368635894167398 ± 7.069324906138387e-5
P_3: 4588.24730755817 ± 36.745509063274746
t03: 1169.5790656469474 ± 52.74347648641662
ecos3: -0.008650296269150405 ± 0.012108915537685049
esin3: 0.10405491810485527 ± 0.01155498810597739
Retrieved Earth masses:
[1.120768871470871, 0.8244839424558058, 245.31531088057685]
 ± [0.030953896893419933, 0.01643209920583737, 23.53507028943919]
Retrieved eccentricity:
[0.11923292283110531, 0.07965441144571564, 0.10441385735309378]
