Global Fit Results.
chi^2: 3.649287956040936
per 3 range=[4017.75 - 4748.25, length=100]
mu_1: 4.979110776762247e-6 ± 2.7722083761450436e-7
P_1: 224.70086025082384 ± 2.147916879901943e-5
t01: 3503.7687385957097 ± 0.00019887712881486803
ecos1: -0.008203995903476176 ± 0.010647036679631575
esin1: 4.6571641801585346e-5 ± 0.009269284022874446
mu_2: 2.925406827196709e-6 ± 1.843469585005246e-7
P_2: 365.2566404857943 ± 8.23343896001604e-5
t02: 3624.4079356645943 ± 0.0005290930863491324
ecos2: 0.009220452558847765 ± 0.008825238192931743
esin2: 0.0017100910359703566 ± 0.007063339605506076
mu_3: 0.0012610139210674247 ± 0.0005418957571968202
P_3: 4607.14878744307 ± 391.5610128742899
t03: 4469.294281555662 ± 128.2680310963369
ecos3: 0.021975538960833638 ± 0.03250670469858707
esin3: -0.10094035222119326 ± 0.04519042531317725
Retrieved Earth masses:
[1.6576366720427786, 0.973921219033189, 419.8145036807308]
 ± [0.09229186641696628, 0.06137246036303829, 180.40696819723135]
Retrieved eccentricity:
[0.008204128089082592, 0.009377694638943437, 0.10330478700988484]
 ± [0.014116621988072628, 0.01130378677898216, 0.05566740869078597]
