Global Fit Results.
chi^2: 111.31382523441422
per 3 range=[4090.7999999999997 - 4529.1, length=200]
mu_1: 3.4335682829059305e-6 ± 2.465434798468103e-7
P_1: 224.70079474627596 ± 6.85601469762478e-6
t01: 3503.769209551482 ± 0.00012606122632103988
ecos1: -0.0987643809729452 ± 0.02196050181128146
esin1: -0.034443583531485446 ± 0.010435827892893398
mu_2: 2.5155403910234043e-6 ± 1.3360366018360455e-7
P_2: 365.2564523282371 ± 1.5959729015919664e-5
t02: 3624.4086728338048 ± 0.00017892567411870901
ecos2: -0.0640636493853837 ± 0.01705548894910975
esin2: -0.0245925866297082 ± 0.008142491943749927
mu_3: 0.0006397605127408694 ± 0.0001674537083808013
P_3: 4285.24297224944 ± 81.2669914884945
t03: 1495.8043257142585 ± 129.28019728705416
ecos3: -0.022596450087553364 ± 0.03901372176770429
esin3: 0.10725619651402074 ± 0.03538071152539009
Retrieved Earth masses:
[1.1430974237951965, 0.8374692167175972, 212.98792792349937]
 ± [0.08207881522830134, 0.044479092064606936, 55.74838968778135]
Retrieved eccentricity:
[0.10459810416761613, 0.06862176396532717, 0.10961063473593029]
