Global Fit Results.
chi^2: 42.815347404907996
per 3 range=[4017.75 - 4748.25, length=100]
mu_1: 3.672761294969855e-6 ± 2.3506532510203534e-7
P_1: 224.70078203331744 ± 8.361798662348448e-6
t01: 3503.7687811312853 ± 0.00013427226415633044
ecos1: -0.0910698922534254 ± 0.01822121262634627
esin1: -0.028510799658982955 ± 0.009899465204226778
mu_2: 2.5785845719294745e-6 ± 1.308317992555941e-7
P_2: 365.2564036296387 ± 2.0292475779360836e-5
t02: 3624.4079049848083 ± 0.00020342672965305267
ecos2: -0.057349252645342144 ± 0.014034345455313112
esin2: -0.02130731963628036 ± 0.00779763168972837
mu_3: 0.0008518139774320656 ± 0.00022173651109886442
P_3: 4554.934770237803 ± 112.3777235830479
t03: 1137.2701303857732 ± 168.92347894928315
ecos3: 0.014372688505878115 ± 0.027663658709208245
esin3: 0.08798281984827643 ± 0.02695636759124108
Retrieved Earth masses:
[1.2227291344098696, 0.8584577728904239, 283.5843888711767]
 ± [0.07825752843927891, 0.04355628907225004, 73.8201234733945]
Retrieved eccentricity:
[0.12879227674865068, 0.08110409088300397, 0.020326051012776725]
 ± [0.025768686019062778, 0.019847561681933013, 0.03912232133142289]
