Global Fit Results.
chi^2: 175.56943031308182
per 3 range=[4090.7999999999997 - 4346.475, length=200]
mu_1: 3.7578477639438107e-6 ± 2.2943699324715523e-7
P_1: 224.7007747840834 ± 3.6898004810807063e-6
t01: 3503.7694926763284 ± 0.00010027195790177116
ecos1: -0.06454822273865833 ± 0.019568633605168903
esin1: -0.07885321418353933 ± 0.008908324121884083
mu_2: 2.778114846133375e-6 ± 1.3026049958280757e-7
P_2: 365.25645952141565 ± 8.136422254690641e-6
t02: 3624.40859413257 ± 0.00013544387150995086
ecos2: -0.03703862941695354 ± 0.015524008457443474
esin2: -0.06209348882753665 ± 0.00692239122793127
mu_3: 0.0002984235170856501 ± 5.696714379188577e-5
P_3: 4186.315954928421 ± 39.971544382146114
t03: 1485.220458067505 ± 155.74504214495522
ecos3: -0.20766001976669105 ± 0.06823948778818233
esin3: 0.15387011589010008 ± 0.050730357727196695
Retrieved Earth masses:
[1.2510559697805772, 0.9248850356150767, 99.35062461952916]
 ± [0.07638375424477453, 0.043366093004960936, 18.96539982433756]
Retrieved eccentricity:
[0.10190339761653963, 0.07230118549416624, 0.2584544377129852]
 ± [0.021500922301935968, 0.016997480369140488, 0.08503056443845843]
