Global Fit Results.
chi^2: 27.77690756315307
per 3 range=[4017.75 - 4748.25, length=100]
mu_1: 3.829568769096564e-6 ± 4.601102412528288e-7
P_1: 224.70077941980233 ± 9.74066902023985e-6
t01: 3503.7687468192908 ± 0.00022020509883165392
ecos1: -0.06712133414410024 ± 0.03809837070752423
esin1: -0.05579867931653254 ± 0.018332736143579588
mu_2: 2.678628637866706e-6 ± 2.6114762802246205e-7
P_2: 365.2564794238312 ± 2.08801009283441e-5
t02: 3624.4072679018445 ± 0.00029396266543809985
ecos2: -0.038154743499742454 ± 0.030195887193442555
esin2: -0.04226567153902736 ± 0.014179743467740783
mu_3: 0.00043103231737546584 ± 0.00019035040990484888
P_3: 4211.021349262363 ± 103.46899479046319
t03: 1318.3949146350042 ± 339.8010775007111
ecos3: -0.109617720304871 ± 0.10738637799416019
esin3: 0.07564544360206447 ± 0.07689560714625297
Retrieved Earth masses:
[1.2749331987934012, 0.8917642647427015, 143.49850970412967]
 ± [0.15317908021702925, 0.08694080217040527, 63.37111868835191]
Retrieved eccentricity:
[0.09492390107116284, 0.05395895572620247, 0.15502286673156918]
 ± [0.05387923255889862, 0.04270343319685451, 0.15186727217346502]
