Global Fit Results.
chi^2: 62.598512403674555
per 3 range=[4017.75 - 4748.25, length=100]
mu_1: 3.1790091643932356e-6 ± 3.141485690551332e-7
P_1: 224.70078885636332 ± 7.6266207275062744e-6
t01: 3503.768637560289 ± 0.00012972235514628933
ecos1: -0.13131697678786575 ± 0.036484450039180584
esin1: -0.04114895419359779 ± 0.011926539032623851
mu_2: 2.351601735370164e-6 ± 1.6778638520382083e-7
P_2: 365.25646980997436 ± 1.7712577067438572e-5
t02: 3624.4073751409715 ± 0.00018632894284984218
ecos2: -0.08991795148492926 ± 0.028686158565021568
esin2: -0.0307853720259896 ± 0.009213972686250863
mu_3: 0.00036095648410139147 ± 0.0001109053266853373
P_3: 4216.7492558908925 ± 100.55501477142785
t03: 1665.6471081483148 ± 169.14650967033973
ecos3: -0.09358898037029846 ± 0.06593456168857882
esin3: 0.1742483060314467 ± 0.06715118486469589
Retrieved Earth masses:
[1.0583500564502348, 0.7828910521094752, 120.16898837650889]
 ± [0.1045857808518522, 0.05585914386186993, 36.92240339309046]
Retrieved eccentricity:
[0.18571024954323265, 0.12716318649079295, 0.13235480532834545]
 ± [0.05159680406113278, 0.04056835449503862, 0.09324555136911365]
