Global Fit Results.
chi^2: 117.33589648480337
per 3 range=[4090.7999999999997 - 4529.1, length=200]
mu_1: 3.1333550055783203e-6 ± 3.016117024932634e-7
P_1: 224.7007773601934 ± 7.70614861825258e-6
t01: 3503.7695532646144 ± 0.00013064430020358608
ecos1: -0.15273287213518857 ± 0.037012414454577584
esin1: -0.027080889380894323 ± 0.011671772779104965
mu_2: 2.375113126950195e-6 ± 1.6483664546200487e-7
P_2: 365.25639045699205 ± 1.9129874758907775e-5
t02: 3624.4091877536735 ± 0.00019393236731425937
ecos2: -0.10429769128680026 ± 0.028850943488867548
esin2: -0.022043033036386415 ± 0.009118822493991742
mu_3: 0.000526502071584527 ± 0.00016163742152280392
P_3: 4644.968585683255 ± 86.7035430625474
t03: 1254.0271227125236 ± 168.93308033126658
ecos3: -0.04222235500709673 ± 0.04749963587602104
esin3: 0.18265402274017162 ± 0.05952448397356722
Retrieved Earth masses:
[1.043150955390652, 0.7907184226262565, 175.28212986105208]
 ± [0.10041202961449255, 0.05487712177233616, 53.8120418491405]
Retrieved eccentricity:
[0.15511513401446067, 0.10660161215103604, 0.1874705824536544]
