Global Fit Results.
chi^2: 21.091783591422033
per 3 range=[4017.75 - 4748.25, length=100]
mu_1: 3.642609709369257e-6 ± 5.468350632588176e-7
P_1: 224.70077446088771 ± 9.603642575440719e-6
t01: 3503.7688228645598 ± 0.0002658085373379734
ecos1: -0.0820360075649705 ± 0.04983729488950407
esin1: -0.06537145633520125 ± 0.02347693772468129
mu_2: 2.5888338864042884e-6 ± 3.154231347061854e-7
P_2: 365.2564586430494 ± 2.098948068743567e-5
t02: 3624.407468796788 ± 0.0003579261946332583
ecos2: -0.04948273660986302 ± 0.03941311568872073
esin2: -0.05048163812821504 ± 0.018176241379060105
mu_3: 0.00039807848095706785 ± 0.00019706363112470093
P_3: 4225.768536755524 ± 111.95972980662322
t03: 1451.3693950286063 ± 364.67209366609484
ecos3: -0.08677054058436923 ± 0.10501224878211247
esin3: 0.12058570853238305 ± 0.0993622098063238
Retrieved Earth masses:
[1.2126911223525663, 0.8618699563702615, 132.527577306607]
 ± [0.1820513531546864, 0.10501010697328952, 65.60607231370562]
Retrieved eccentricity:
[0.1160164345013231, 0.06997915721700394, 0.12271207530886002]
 ± [0.070480578344724, 0.05573856274236867, 0.148509746442961]
