Global Fit Results.
chi^2: 1349.87414985101
per 3 range=[4017.75 - 4748.25, length=100]
mu_1: 3.642609709369257e-6 ± 6.83543829073522e-8
P_1: 224.70077446088771 ± 1.2004553219300898e-6
t01: 3503.7688228645598 ± 3.3226067167246676e-5
ecos1: -0.0820360075649705 ± 0.006229661861188009
esin1: -0.06537145633520125 ± 0.0029346172155851613
mu_2: 2.5888338864042884e-6 ± 3.942789183827317e-8
P_2: 365.2564586430494 ± 2.6236850859294585e-6
t02: 3624.407468796788 ± 4.474077432915729e-5
ecos2: -0.04948273660986302 ± 0.0049266394610900915
esin2: -0.05048163812821504 ± 0.002272030172382513
mu_3: 0.00039807848095706785 ± 2.4632953890587616e-5
P_3: 4225.768536755524 ± 13.994966225827902
t03: 1451.3693950286063 ± 45.584011708261855
ecos3: -0.08677054058436923 ± 0.01312653109776406
esin3: 0.12058570853238305 ± 0.012420276225790476
Retrieved Earth masses:
[1.2126911223525663, 0.8618699563702615, 132.527577306607]
 ± [0.0227564191443358, 0.01312626337166119, 8.200759039213203]
Retrieved eccentricity:
[0.1160164345013231, 0.06997915721700394, 0.12271207530886002]
 ± [0.0088100722930905, 0.006967320342796084, 0.018563718305370125]
