Global Fit Results.
chi^2: 801.8526917316916
per 3 range=[4090.7999999999997 - 4529.1, length=200]
mu_1: 3.295897644197948e-6 ± 9.17263560292632e-8
P_1: 224.70078970984855 ± 1.9949806595853567e-6
t01: 3503.769382009308 ± 3.937112504754606e-5
ecos1: -0.11716058852536491 ± 0.010023029447598319
esin1: -0.04804796371300656 ± 0.0036379262539793524
mu_2: 2.5634216070143577e-6 ± 5.270929754207105e-8
P_2: 365.25646439310674 ± 4.383339435492013e-6
t02: 3624.408595431196 ± 5.3089591190491946e-5
ecos2: -0.07897646257817656 ± 0.007903178818047123
esin2: -0.035557127382466636 ± 0.002818550283976595
mu_3: 0.00036107669132624294 ± 3.3351014154369964e-5
P_3: 4204.464730295954 ± 19.555120027734866
t03: 1645.3478306057473 ± 52.1333045922405
ecos3: -0.0987707899357636 ± 0.020357868781262316
esin3: 0.1643965421898047 ± 0.019672773931967
Retrieved Earth masses:
[1.0972643604998464, 0.85340974567691, 120.20900755123547]
 ± [0.030537374716903046, 0.017547885251142568, 11.103160100416709]
Retrieved eccentricity:
[0.1266302109315793, 0.08661172524003365, 0.19178605796172718]
