Global Fit Results.
chi^2: 173.49382819066122
per 3 range=[4090.7999999999997 - 4529.1, length=200]
mu_1: 3.4530135874824726e-6 ± 3.013492782892009e-7
P_1: 224.70078905602074 ± 5.99510941762091e-6
t01: 3503.7693351156304 ± 0.00011854236129246306
ecos1: -0.12439273025309379 ± 0.03209012046971585
esin1: -0.04103563193245377 ± 0.01043941052931981
mu_2: 2.379717013380555e-6 ± 1.542975866811173e-7
P_2: 365.25644736399266 ± 1.314343419816044e-5
t02: 3624.4088405327425 ± 0.00015942088146607463
ecos2: -0.0845968748464975 ± 0.02516928582613515
esin2: -0.031142473767463954 ± 0.00815995879417125
mu_3: 0.00041665222226534057 ± 0.00011957841539862801
P_3: 4232.97903422652 ± 55.758522187473325
t03: 1674.1383152282465 ± 139.14568212854775
ecos3: -0.03780850645364721 ± 0.04587614836625691
esin3: 0.15671407894955094 ± 0.05429251867398994
Retrieved Earth masses:
[1.1495711198847778, 0.7922511402786738, 138.7111141086641]
 ± [0.10032466381690558, 0.0513684771353165, 39.80983260597891]
Retrieved eccentricity:
[0.13098654292680137, 0.09014701828763468, 0.16121037715129125]
