Global Fit Results.
chi^2: 13.24549144825569
per 3 range=[4017.75 - 4748.25, length=100]
mu_1: 3.6267916150220744e-6 ± 7.119733509141386e-7
P_1: 224.70077536197863 ± 1.2977417450600285e-5
t01: 3503.768810287836 ± 0.00033990326145546987
ecos1: -0.08573866962058696 ± 0.0642698305191269
esin1: -0.06564448405302177 ± 0.02983473461240306
mu_2: 2.5836447926171927e-6 ± 4.0369578416744375e-7
P_2: 365.2564555374272 ± 2.766420874838778e-5
t02: 3624.4074976209527 ± 0.0004528905254851725
ecos2: -0.052424772520583605 ± 0.05081252944249043
esin2: -0.05061712472029639 ± 0.02306554193593582
mu_3: 0.00040729491393550507 ± 0.000253734889309885
P_3: 4227.745584959985 ± 145.42937857926276
t03: 1455.1092469007494 ± 455.36305943216405
ecos3: -0.08419701029753444 ± 0.12896170255055375
esin3: 0.11994129329032689 ± 0.12356214801324787
Retrieved Earth masses:
[1.207424990617941, 0.8601424125292401, 135.59589572237365]
 ± [0.23702889710758737, 0.13439767986446927, 84.47296643001849]
Retrieved eccentricity:
[0.12125278939726014, 0.07413982430293369, 0.11907255387404035]
 ± [0.0908912659715695, 0.07185976827605217, 0.18237938877371807]
