Global Fit Results.
chi^2: 3.9124070252296597
per 3 range=[4017.75 - 4748.25, length=100]
mu_1: 3.1790091643932356e-6 ± 1.2565942762205328e-6
P_1: 224.70078885636332 ± 3.0506482910025098e-5
t01: 3503.768637560289 ± 0.0005188894205851573
ecos1: -0.13131697678786575 ± 0.14593780015672234
esin1: -0.04114895419359779 ± 0.047706156130495406
mu_2: 2.351601735370164e-6 ± 6.711455408152833e-7
P_2: 365.25646980997436 ± 7.085030826975429e-5
t02: 3624.4073751409715 ± 0.0007453157713993687
ecos2: -0.08991795148492926 ± 0.11474463426008627
esin2: -0.0307853720259896 ± 0.03685589074500345
mu_3: 0.00036095648410139147 ± 0.0004436213067413492
P_3: 4216.7492558908925 ± 402.2200590857114
t03: 1665.6471081483148 ± 676.5860386813589
ecos3: -0.09358898037029846 ± 0.2637382467543153
esin3: 0.1742483060314467 ± 0.26860473945878355
Retrieved Earth masses:
[1.0583500564502348, 0.7828910521094752, 120.16898837650889]
 ± [0.4183431234074088, 0.22343657544747972, 147.68961357236185]
Retrieved eccentricity:
[0.18571024954323265, 0.12716318649079295, 0.13235480532834545]
 ± [0.20638721624453113, 0.1622734179801545, 0.3729822054764546]
