Global Fit Results.
chi^2: 8.992275042595562
per 3 range=[4017.75 - 4748.25, length=100]
mu_1: 3.7448678073847886e-6 ± 8.548960306385861e-7
P_1: 224.70077760895518 ± 1.717354737228919e-5
t01: 3503.7687794566023 ± 0.00039872204113181877
ecos1: -0.08365189234812566 ± 0.07438860955975052
esin1: -0.05794388890284347 ± 0.034298654420700604
mu_2: 2.6032510123400734e-6 ± 4.6974661023797705e-7
P_2: 365.25646603443374 ± 3.5565182353968815e-5
t02: 3624.4074023759204 ± 0.0005256175961187174
ecos2: -0.050758998006162785 ± 0.05873750194130757
esin2: -0.04451698257610593 ± 0.026494729698773912
mu_3: 0.00044064716044484373 ± 0.00034373540511680064
P_3: 4227.062253727468 ± 180.28892893497388
t03: 1424.1651438783201 ± 533.5943450535215
ecos3: -0.07778775143840973 ± 0.16066419514341898
esin3: 0.1039949810610376 ± 0.13331441995230597
Retrieved Earth masses:
[1.246734705812285, 0.8666696802021054, 146.69946609620678]
 ± [0.28461046052319916, 0.15638720297856068, 114.43577750073769]
Retrieved eccentricity:
[0.11830164067689344, 0.0717840633927843, 0.11000849307070627]
 ± [0.10520138052547606, 0.08306737186531317, 0.22721348375958067]
