Global Fit Results.
chi^2: 216.95776361180233
per 3 range=[4017.75 - 4748.25, length=200]
mu_1: 3.905371892324202e-6 ± 2.1394041598701543e-7
P_1: 224.70078008597034 ± 3.6008657234644383e-6
t01: 3503.769416511823 ± 9.961956553237112e-5
ecos1: -0.0671465141534746 ± 0.017443283839678678
esin1: -0.057433586929436134 ± 0.008319712856860515
mu_2: 2.645615354542778e-6 ± 1.1836829669539675e-7
P_2: 365.2564616496205 ± 7.853262792684014e-6
t02: 3624.4085176348813 ± 0.00013387588632645503
ecos2: -0.03676725065113387 ± 0.013753032911956202
esin2: -0.043713426723997244 ± 0.006451094291432982
mu_3: 0.00034980233135964965 ± 7.4432262632076e-5
P_3: 4187.179273549441 ± 46.56100001980752
t03: 1498.368448810536 ± 160.53709595217
ecos3: -0.11337943722024946 ± 0.05507181329433798
esin3: 0.12688006636301605 ± 0.04325146816185996
Retrieved Earth masses:
[1.300169439269099, 0.8807735413875032, 116.45556775598982]
 ± [0.07122466140485667, 0.03940696204737178, 24.779856013221615]
Retrieved eccentricity:
[0.08835876453721986, 0.057119999968466215, 0.17015712745772316]
