Global Fit Results.
chi^2: 45.97578150853552
per 3 range=[4017.75 - 4748.25, length=200]
mu_1: 3.45648370874199e-6 ± 2.4081433443024657e-7
P_1: 224.70077804360818 ± 1.0509397185392249e-5
t01: 3503.76950167705 ± 0.00014631058348178145
ecos1: -0.10809556079230813 ± 0.02146173475101511
esin1: -0.025552436971071908 ± 0.010632429112429464
mu_2: 2.6243622979273966e-6 ± 1.416503953823848e-7
P_2: 365.2563513578005 ± 2.3039184763218716e-5
t02: 3624.4093621505185 ± 0.00020649396998179655
ecos2: -0.06937591905970622 ± 0.016447054284539065
esin2: -0.01650682467940454 ± 0.008351538958113868
mu_3: 0.0009272568456839453 ± 0.00023426061916452187
P_3: 4818.567088681181 ± 118.06052027908656
t03: 930.2095434566528 ± 157.81846398365926
ecos3: 0.02397478334004161 ± 0.024386167024602803
esin3: 0.08632311936427667 ± 0.025856569738312005
Retrieved Earth masses:
[1.1507263864602988, 0.873698011716005, 308.70069390340336]
 ± [0.08017147836279434, 0.04715799678349114, 77.98962717496916]
Retrieved eccentricity:
[0.11107464741408898, 0.071312645487147, 0.0895905752464013]
