Global Fit Results.
chi^2: 382.1294765209754
per 3 range=[4017.75 - 4675.2, length=200]
mu_1: 3.78332979772821e-6 ± 7.283883066408331e-8
P_1: 224.7007818103736 ± 2.7923361028279254e-6
t01: 3503.7694848797564 ± 4.492355041777532e-5
ecos1: -0.08255932678093433 ± 0.005093621272338745
esin1: -0.026856879416729228 ± 0.003092860387572025
mu_2: 2.571706505503188e-6 ± 4.183626642214105e-8
P_2: 365.2563960948005 ± 6.869878177333941e-6
t02: 3624.4091163474877 ± 6.906545886766441e-5
ecos2: -0.05077672366634671 ± 0.0038925537406143277
esin2: -0.019801833544161197 ± 0.00244080095602873
mu_3: 0.0009518594423852817 ± 7.76475641130703e-5
P_3: 4585.7520021822065 ± 39.23289700144152
t03: 1095.9625240583505 ± 57.66998572760821
ecos3: 0.025007977324181103 ± 0.008000842232591579
esin3: 0.08138606973370285 ± 0.007783712986269974
Retrieved Earth masses:
[1.259539402982423, 0.8561679392931942, 316.89134648135894]
 ± [0.02424937348672769, 0.013928055139152485, 25.85028844293257]
Retrieved eccentricity:
[0.08681782311556674, 0.054501268590732836, 0.08514159545454796]
