Global Fit Results.
chi^2: 117.79126488578528
per 3 range=[4090.7999999999997 - 4383.0, length=200]
mu_1: 3.510652455430608e-6 ± 2.382534585336581e-7
P_1: 224.7007904627537 ± 5.773407890851709e-6
t01: 3503.769324776179 ± 0.00011715398832946247
ecos1: -0.08374191637240674 ± 0.020855654507676707
esin1: -0.04774241708901854 ± 0.010306011292104404
mu_2: 2.5561083467550193e-6 ± 1.3303006720677493e-7
P_2: 365.25648484201355 ± 1.2192987575785285e-5
t02: 3624.4083977388477 ± 0.00015481856918112856
ecos2: -0.05416208416204736 ± 0.01647983495702259
esin2: -0.034999609206053495 ± 0.007973376836000474
mu_3: 0.0005524295499857396 ± 0.00013671622964917652
P_3: 4277.909998285215 ± 49.32840389002583
t03: 1453.9998441888051 ± 139.03203912265974
ecos3: -0.022610137593188067 ± 0.0368690955101149
esin3: 0.1100235635390237 ± 0.036404572389379254
Retrieved Earth masses:
[1.1687601489161803, 0.8509750281256054, 183.9138596896048]
 ± [0.0793189161304883, 0.04428813251462937, 45.515323135121044]
Retrieved eccentricity:
[0.09639526413276212, 0.06448646373738574, 0.11232276196661335]
 ± [0.02326310799735408, 0.018307367325193773, 0.05181334861391926]
