Global Fit Results.
chi^2: 11.933392417555062
per 3 range=[4017.75 - 4748.25, length=100]
mu_1: 3.762254836942112e-6 ± 7.259994968956896e-7
P_1: 224.70077398355193 ± 1.4389643010162116e-5
t01: 3503.7688437323054 ± 0.000352515112112718
ecos1: -0.0754947034914197 ± 0.05865162795095702
esin1: -0.056987729785582385 ± 0.030505745912503206
mu_2: 2.6246001009632575e-6 ± 3.984293395712213e-7
P_2: 365.2564539156058 ± 3.0326332301636905e-5
t02: 3624.4075391315882 ± 0.00046683224855507087
ecos2: -0.04475538419823045 ± 0.04647923119353477
esin2: -0.044395612008603154 ± 0.023444199943519633
mu_3: 0.0005168100733440541 ± 0.0003417643118108973
P_3: 4276.591865691113 ± 154.01106409847074
t03: 1357.692112644662 ± 443.4638300735501
ecos3: -0.03327371765631151 ± 0.10563926863469367
esin3: 0.09580300941226069 ± 0.09903566048163592
Retrieved Earth masses:
[1.2525231646565071, 0.8737771806782234, 172.05548710713668]
 ± [0.2416984565909703, 0.1326443845301452, 113.77956463575538]
Retrieved eccentricity:
[0.1067656335649012, 0.06329367132235601, 0.04705614278012886]
 ± [0.08294592770350433, 0.06573155912257149, 0.1493964864223585]
