Global Fit Results.
chi^2: 20.69608039733429
per 3 range=[4017.75 - 4748.25, length=100]
mu_1: 3.626797866174856e-6 ± 5.69589315013532e-7
P_1: 224.70077536194873 ± 1.038192264686625e-5
t01: 3503.768810288684 ± 0.0002719224780574802
ecos1: -0.08573815480846081 ± 0.05141706105809332
esin1: -0.0656441297653309 ± 0.02386759169110834
mu_2: 2.5836464418894108e-6 ± 3.229614801688942e-7
P_2: 365.256455537258 ± 2.2131404293923896e-5
t02: 3624.407497623799 ± 0.00036231341050422405
ecos2: -0.05242436035277975 ± 0.040650960529313704
esin2: -0.05061685053065245 ± 0.018452282627343136
mu_3: 0.0004072972022991139 ± 0.00020299047268183565
P_3: 4227.747902034095 ± 116.34587478074911
t03: 1455.101031355185 ± 364.30659188465216
ecos3: -0.08419646624435251 ± 0.10316933962500456
esin3: 0.11994013846855785 ± 0.09885166078142656
Retrieved Earth masses:
[1.2074270717405666, 0.860142961602003, 135.59665756030157]
 ± [0.18962665803232467, 0.10751975948872099, 67.57922582544217]
Retrieved eccentricity:
[0.12125206134296927, 0.0741392414096355, 0.11907178446665181]
 ± [0.0727147050857211, 0.05748913970404881, 0.1459034793187574]
