Global Fit Results.
chi^2: 2.6759592128067498
per 3 range=[4017.75 - 4748.25, length=100]
mu_1: 3.672761294969855e-6 ± 9.402613004081414e-7
P_1: 224.70078203331744 ± 3.344719464939379e-5
t01: 3503.7687811312853 ± 0.0005370890566253218
ecos1: -0.0910698922534254 ± 0.07288485050538508
esin1: -0.028510799658982955 ± 0.03959786081690711
mu_2: 2.5785845719294745e-6 ± 5.233271970223764e-7
P_2: 365.2564036296387 ± 8.116990311744335e-5
t02: 3624.4079049848083 ± 0.0008137069186122107
ecos2: -0.057349252645342144 ± 0.05613738182125245
esin2: -0.02130731963628036 ± 0.03119052675891348
mu_3: 0.0008518139774320656 ± 0.0008869460443954577
P_3: 4554.934770237803 ± 449.5108943321916
t03: 1137.2701303857732 ± 675.6939157971326
ecos3: 0.014372688505878115 ± 0.11065463483683298
esin3: 0.08798281984827643 ± 0.10782547036496432
Retrieved Earth masses:
[1.2227291344098696, 0.8584577728904239, 283.5843888711767]
 ± [0.31303011375711565, 0.17422515628900015, 295.280493893578]
Retrieved eccentricity:
[0.12879227674865068, 0.08110409088300397, 0.020326051012776725]
 ± [0.10307474407625111, 0.07939024672773205, 0.15648928532569156]
