Global Fit Results.
chi^2: 16.51145901371895
per 3 range=[4017.75 - 4748.25, length=100]
mu_1: 3.643907737360264e-6 ± 6.119144566351039e-7
P_1: 224.70077417353446 ± 1.1071581410298567e-5
t01: 3503.768826981091 ± 0.0003011814467697108
ecos1: -0.08443838977565878 ± 0.056203411589409814
esin1: -0.06484723681862149 ± 0.026570984555464437
mu_2: 2.583956169564646e-6 ± 3.58229410526907e-7
P_2: 365.256456674538 ± 2.4311389833959738e-5
t02: 3624.407483278953 ± 0.0004051504159672777
ecos2: -0.051551044773284344 ± 0.04449908229179769
esin2: -0.050094943041714295 ± 0.020563190534738787
mu_3: 0.0004037394220168651 ± 0.00022525829813450817
P_3: 4220.196864699903 ± 124.6425356836456
t03: 1462.1909080849582 ± 401.2278100417538
ecos3: -0.08646201363780158 ± 0.11704850104554113
esin3: 0.1202955460139873 ± 0.11057962097698348
Retrieved Earth masses:
[1.2131232595143409, 0.8602460755867757, 134.41220769940463]
 ± [0.20371746863022508, 0.11926109590994205, 74.99259052687991]
Retrieved eccentricity:
[0.11941391600568232, 0.07290418667288137, 0.1222757523166665]
 ± [0.07948362692138056, 0.06293120569021672, 0.16553157763404566]
