Global Fit Results.
chi^2: 1457.5264701634828
per 3 range=[4090.7999999999997 - 4346.475, length=200]
mu_1: 3.7607797024388722e-6 ± 6.579945992692004e-8
P_1: 224.70077518084256 ± 1.2299763141316583e-6
t01: 3503.769516829068 ± 3.3466375584302436e-5
ecos1: -0.07616734344565308 ± 0.005691339545756499
esin1: -0.06181537701528591 ± 0.002865337092555718
mu_2: 2.5826758517880346e-6 ± 3.8616323896959544e-8
P_2: 365.25645615203496 ± 2.7060003860601507e-6
t02: 3624.4086347126604 ± 4.5118678019258844e-5
ecos2: -0.045147423612647036 ± 0.004518910830500502
esin2: -0.04789528027100886 ± 0.002214335841261259
mu_3: 0.0004478373506120182 ± 2.684451423763656e-5
P_3: 4228.19448106206 ± 13.746163287678023
t03: 1405.5035884925057 ± 43.9639329712744
ecos3: -0.07539017030268573 ± 0.01211160885921143
esin3: 0.10456963905622799 ± 0.010865908856868122
Retrieved Earth masses:
[1.2520320655108168, 0.8598198344779648, 149.09321137210927]
 ± [0.02190583874625051, 0.012856077621295032, 8.937027762297898]
Retrieved eccentricity:
[0.09809487776183835, 0.0658198126030323, 0.12891271151681574]
 ± [0.006371930828176609, 0.005032279633715613, 0.0162714180219271]
