Global Fit Results.
chi^2: 1189.9413673276238
per 3 range=[4090.7999999999997 - 4383.0, length=200]
mu_1: 3.6620811022937437e-6 ± 8.141126359460665e-8
P_1: 224.70077666936265 ± 1.5589433883594398e-6
t01: 3503.7695092094973 ± 3.618573084896701e-5
ecos1: -0.08926613057082008 ± 0.007437112288564689
esin1: -0.0632331440054309 ± 0.0032035015677874196
mu_2: 2.5892924594283613e-6 ± 4.436222673152493e-8
P_2: 365.25646647227023 ± 3.2228214750336975e-6
t02: 3624.408555977415 ± 4.763634738239318e-5
ecos2: -0.05442892135046908 ± 0.0058539777660990425
esin2: -0.048645391287018475 ± 0.002474968757926079
mu_3: 0.00039561195093070373 ± 2.829601408242511e-5
P_3: 4228.699987669418 ± 16.62568782908575
t03: 1425.4812923172012 ± 50.825722319838015
ecos3: -0.10720145086229403 ± 0.016643371782762022
esin3: 0.10904604392929163 ± 0.013623176463678058
Retrieved Earth masses:
[1.2191735037283773, 0.8620226236828791, 131.7064245330078]
 ± [0.027103292556088687, 0.014768993336491005, 9.420258499684802]
Retrieved eccentricity:
[0.10939320165301983, 0.07299918885058027, 0.15291563282938025]
 ± [0.00809771952388673, 0.006355668811281161, 0.021507969714962657]
