Global Fit Results.
chi^2: 46.601549202631055
per 3 range=[4017.75 - 4748.25, length=100]
mu_1: 3.6490275537693046e-6 ± 2.4467970084982754e-7
P_1: 224.7007774841632 ± 7.950785005750826e-6
t01: 3503.7688049139992 ± 0.00013391451882126948
ecos1: -0.09305272899579521 ± 0.019644275022146072
esin1: -0.028147822618626 ± 0.010025900322939377
mu_2: 2.5324698349798976e-6 ± 1.3145801818891442e-7
P_2: 365.2564168040963 ± 1.994721374830923e-5
t02: 3624.4077855457986 ± 0.0002006373753781317
ecos2: -0.05930720274886373 ± 0.015166206209679966
esin2: -0.02054907494608164 ± 0.007866950186349326
mu_3: 0.0007840635420893608 ± 0.0002159796287823185
P_3: 4469.12092402048 ± 101.02945659345005
t03: 1245.7557773342048 ± 156.2822304830102
ecos3: 0.007984348945104977 ± 0.031251954069015785
esin3: 0.09364943275513717 ± 0.029760793496051232
Retrieved Earth masses:
[1.214827739654321, 0.8431053369803851, 261.02903487201155]
 ± [0.0814583292514879, 0.04376476876172469, 71.90355248865603]
Retrieved eccentricity:
[0.13159643136168175, 0.08387305047385399, 0.011291574564886773]
 ± [0.02778120015930601, 0.02144825451147646, 0.04419693729506315]
