Global Fit Results.
chi^2: 626.170438426594
per 3 range=[4090.7999999999997 - 4529.1, length=200]
mu_1: 3.569044905473871e-6 ± 7.04969029149446e-8
P_1: 224.70077414324234 ± 2.5647795628126893e-6
t01: 3503.7696350280376 ± 4.409145224021699e-5
ecos1: -0.08129361178444848 ± 0.005247329031682236
esin1: -0.03197585873843653 ± 0.0032768096288203295
mu_2: 2.5972630973768483e-6 ± 4.1531254601236054e-8
P_2: 365.2564221099013 ± 6.4475108997454105e-6
t02: 3624.408942283203 ± 6.683490444242703e-5
ecos2: -0.05041214037170291 ± 0.00405156345760939
esin2: -0.02374817761769625 ± 0.0025642477997517518
mu_3: 0.0008798073921499579 ± 7.299027289058963e-5
P_3: 4599.340546952724 ± 36.95830444929122
t03: 1058.8065766515883 ± 56.0180743026709
ecos3: 0.021108321535797763 ± 0.008349019966561977
esin3: 0.08271098272073943 ± 0.008194673879787418
Retrieved Earth masses:
[1.188200059153542, 0.8646761942410298, 292.9039065305638]
 ± [0.023469703080846237, 0.013826511148185599, 24.299791362450456]
Retrieved eccentricity:
[0.08735620675728238, 0.055725755598447724, 0.08536198158834575]
