Global Fit Results.
chi^2: 8.405913767225954
per 3 range=[4017.75 - 4748.25, length=100]
mu_1: 3.4693375334704544e-6 ± 8.498183069195173e-7
P_1: 224.70078827873448 ± 1.920219038744782e-5
t01: 3503.7686529626735 ± 0.00038887476069937257
ecos1: -0.0990893098281852 ± 0.08146284275504383
esin1: -0.05230821687111118 ± 0.034901220217304636
mu_2: 2.594563266994276e-6 ± 4.745730143155765e-7
P_2: 365.2564726272446 ± 4.057278558238958e-5
t02: 3624.407329905581 ± 0.000512808099520779
ecos2: -0.06421389755012302 ± 0.06414431764562455
esin2: -0.03894678055466492 ± 0.026973152539556493
mu_3: 0.0004499171931710711 ± 0.00036868639810857406
P_3: 4218.979290300696 ± 164.5934058427532
t03: 1542.9338929546147 ± 479.62811105907673
ecos3: -0.06699976724049214 ± 0.15585305717044476
esin3: 0.12706433192895636 ± 0.14637305767701364
Retrieved Earth masses:
[1.1550056588447082, 0.8637773715292852, 149.7856288443317]
 ± [0.2829199938064286, 0.157994000808901, 122.74241754981504]
Retrieved eccentricity:
[0.14013344584520912, 0.09081216480822044, 0.09475197950734458]
 ± [0.11520585705364982, 0.09071376396361007, 0.22040950718775232]
