Global Fit Results.
chi^2: 4.613975761367409
per 3 range=[4017.75 - 4748.25, length=100]
mu_1: 3.4587526708316066e-6 ± 7.231223321682824e-7
P_1: 224.70079447661027 ± 2.7328403814609284e-5
t01: 3503.7686750391977 ± 0.00038815641868162216
ecos1: -0.10677418196132926 ± 0.06541308539015607
esin1: -0.02698524335792511 ± 0.02937218754158391
mu_2: 2.4691247108055e-6 ± 3.875987164278612e-7
P_2: 365.25640750101087 ± 6.0011404289793414e-5
t02: 3624.407891069767 ± 0.0005533744804613125
ecos2: -0.0696964741426897 ± 0.05053566584353412
esin2: -0.01907885310369595 ± 0.023092305300973563
mu_3: 0.00077399104716553 ± 0.0005929973955298218
P_3: 4595.699620527225 ± 326.7955399802975
t03: 1157.8720611642339 ± 447.30247767236756
ecos3: 0.0031548074219682467 ± 0.08967153332444742
esin3: 0.09961814565034005 ± 0.088259347864706
Retrieved Earth masses:
[1.1514817652690565, 0.8220165913118533, 257.6757178414626]
 ± [0.24074059604568646, 0.12903867280601614, 197.4196344141765]
Retrieved eccentricity:
[0.15100149624100453, 0.09856569898217751, 0.004461571442822794]
 ± [0.09250807251542807, 0.07146822401948073, 0.12681469858622452]
