Global Fit Results.
chi^2: 34.30031544980204
per 3 range=[4017.75 - 4748.25, length=100]
mu_1: 3.576753379183541e-6 ± 4.222146341600519e-7
P_1: 224.70077393874288 ± 8.325874257709815e-6
t01: 3503.768844068175 ± 0.00020858534979524887
ecos1: -0.0893689372290159 ± 0.03885166546595902
esin1: -0.06141097598216666 ± 0.01842939108756181
mu_2: 2.5598747714086162e-6 ± 2.409042111661253e-7
P_2: 365.2564603422546 ± 1.691337268889117e-5
t02: 3624.4074825750404 ± 0.00027123038584492764
ecos2: -0.05579793809866513 ± 0.030669436822018926
esin2: -0.047814169228538705 ± 0.0141772052152556
mu_3: 0.00047649492943951797 ± 0.00018698924321153035
P_3: 4281.269061549217 ± 89.29778748794799
t03: 1391.9990132118526 ± 261.30268077892663
ecos3: -0.04831196086487616 ± 0.06510888134794568
esin3: 0.10614536045479486 ± 0.0661462091973512
Retrieved Earth masses:
[1.1907663504612715, 0.8522289394981797, 158.63384136132805]
 ± [0.14056294234769684, 0.08020139996527233, 62.25212507252468]
Retrieved eccentricity:
[0.1263867630841441, 0.07891020081158666, 0.06832343027994606]
 ± [0.05494455222274166, 0.04337313350404396, 0.09207786303320542]
