Global Fit Results.
chi^2: 1022.0410331745188
per 3 range=[4017.75 - 4748.25, length=200]
mu_1: 4.0529417668672735e-6 ± 8.570899655175202e-8
P_1: 224.70077931415165 ± 1.6185581842836008e-6
t01: 3503.7695020581837 ± 3.659175050215649e-5
ecos1: -0.05509496374923665 ± 0.006497106643778312
esin1: -0.058086973852260984 ± 0.0029826832511318877
mu_2: 2.717887797422275e-6 ± 4.500852370309185e-8
P_2: 365.2564743123008 ± 3.4654875228888323e-6
t02: 3624.4084810210366 ± 4.875731880582507e-5
ecos2: -0.028296856086580127 ± 0.005137031675358273
esin2: -0.044527292856713814 ± 0.002315428649680611
mu_3: 0.0003650645466093712 ± 2.9057987073022297e-5
P_3: 4176.13890430083 ± 17.089519175831352
t03: 1247.061429925946 ± 65.92656288885524
ecos3: -0.16830425123047266 ± 0.024559286610917795
esin3: 0.05416030274053267 ± 0.01611444388384852
Retrieved Earth masses:
[1.349298138488443, 0.9048343540639937, 121.53663721373749]
 ± [0.028534086140690067, 0.014984157370619233, 9.67393318758587]
Retrieved eccentricity:
[0.08005967500460485, 0.052757860774790555, 0.1768040140245583]
