Global Fit Results.
chi^2: 17.001019990337145
per 3 range=[4017.75 - 4748.25, length=100]
mu_1: 3.74491408633452e-6 ± 6.217429872077251e-7
P_1: 224.70077760883055 ± 1.2489869229521689e-5
t01: 3503.768779460677 ± 0.0002899800283223849
ecos1: -0.08364748713862276 ± 0.054099072562973534
esin1: -0.05794224453713038 ± 0.02494421742719605
mu_2: 2.603269586133199e-6 ± 3.41635459006403e-7
P_2: 365.2564660337188 ± 2.5865711538638926e-5
t02: 3624.4074023871794 ± 0.0003822683776088719
ecos2: -0.05075553285658909 ± 0.04271690613068187
esin2: -0.044515792003578865 ± 0.019268683021467014
mu_3: 0.00044067283695301565 ± 0.0002500028820993275
P_3: 4227.069963138932 ± 131.1196342270787
t03: 1424.1322678755187 ± 388.07035651891556
ecos3: -0.07777680402248895 ± 0.11683988294390216
esin3: 0.1039864148098333 ± 0.09694889552032043
Retrieved Earth masses:
[1.2467501129176213, 0.8666758637561585, 146.70801427347456]
 ± [0.20698956548444788, 0.11373666719008654, 83.23051325114567]
Retrieved eccentricity:
[0.11829541076986934, 0.07177916293126153, 0.10999301108663816]
 ± [0.07650764213036336, 0.06041082799262871, 0.1652365470853513]
