Global Fit Results.
chi^2: 5.633866116533473
per 3 range=[4017.75 - 4748.25, length=100]
mu_1: 3.178998933500707e-6 ± 1.0471603445046153e-6
P_1: 224.70078885591937 ± 2.5421892124662236e-5
t01: 3503.7686375663357 ± 0.00043240668972433107
ecos1: -0.13131804269929753 ± 0.12161469089185305
esin1: -0.041149397660161624 ± 0.03975508722224182
mu_2: 2.351597859785325e-6 ± 5.592942492813693e-7
P_2: 365.25646980836507 ± 5.904180983098259e-5
t02: 3624.4073751556693 ± 0.0006210970026430063
ecos2: -0.08991877162724958 ± 0.09562042904638698
esin2: -0.030785713399304148 ± 0.030713211896505357
mu_3: 0.0003609534259756287 ± 0.0003696758281233044
P_3: 4216.76489472998 ± 335.1816178768592
t03: 1665.62973500765 ± 563.8270878190698
ecos3: -0.09359223660958763 ± 0.21978043197074495
esin3: 0.17425070094837322 ± 0.2238394103271772
Retrieved Earth masses:
[1.0583466503997565, 0.7828897618566885, 120.16797027073873]
 ± [0.3486187527019717, 0.18619924312555672, 123.07181682417773]
Retrieved eccentricity:
[0.18571175696963577, 0.1271643463471854, 0.1323594103461105]
 ± [0.1719891452430703, 0.1352277075973347, 0.3108164676372449]
