Global Fit Results.
chi^2: 6.955390270306906
per 3 range=[4017.75 - 4748.25, length=100]
mu_1: 3.179006931604468e-6 ± 9.424452767386881e-7
P_1: 224.70078885565852 ± 2.2879799972203795e-5
t01: 3503.768637570605 ± 0.0003891666257308909
ecos1: -0.1313168786885542 ± 0.109454027283422
esin1: -0.04114896054737765 ± 0.035779388933630016
mu_2: 2.3516023917230747e-6 ± 5.033648907240501e-7
P_2: 365.25646980761593 ± 5.3137849432572034e-5
t02: 3624.4073751636643 ± 0.0005589895018215114
ecos2: -0.08991785484801458 ± 0.08605904781659136
esin2: -0.030785393814966755 ± 0.027641748189226444
mu_3: 0.00036096318285669025 ± 0.00033271684899459163
P_3: 4216.7699919521 ± 301.66698760071074
t03: 1665.6178386406418 ± 507.43734873488336
ecos3: -0.09358614124438741 ± 0.19779621484863172
esin3: 0.1742457184597555 ± 0.20145060645368879
Retrieved Earth masses:
[1.058349313114184, 0.7828912706213146, 120.17121851416564]
 ± [0.31375719925866413, 0.1675793409090552, 110.76749946475229]
Retrieved eccentricity:
[0.18571011080985583, 0.12716304982555757, 0.13235079019797677]
 ± [0.15479136984057015, 0.1217058725871382, 0.2797260896249975]
