Global Fit Results.
chi^2: 879.2218761916615
per 3 range=[4017.75 - 4748.25, length=200]
mu_1: 3.464061686909664e-6 ± 8.528882648630227e-8
P_1: 224.700790950221 ± 1.9183307298777975e-6
t01: 3503.769334818534 ± 3.883400227819251e-5
ecos1: -0.0967364563945562 ± 0.008190739316164704
esin1: -0.05508206918089385 ± 0.00353113262747678
mu_2: 2.5879236659832816e-6 ± 4.7663474314902193e-8
P_2: 365.2564776616042 ± 4.056830854732284e-6
t02: 3624.408429208823 ± 5.125128587324147e-5
ecos2: -0.06261092753449404 ± 0.006464635301171998
esin2: -0.04087707904671465 ± 0.002722508831972258
mu_3: 0.0004255369787204558 ± 3.467433990018792e-5
P_3: 4209.194893657744 ± 16.500493282242388
t03: 1542.687190397616 ± 50.305160272590946
ecos3: -0.08590819443984757 ± 0.01705546632220247
esin3: 0.13188858591756097 ± 0.015577620912505873
Retrieved Earth masses:
[1.1532492334251228, 0.8615669274124516, 141.66901136833198]
 ± [0.028394203872507833, 0.01586803878919274, 11.543719345566226]
Retrieved eccentricity:
[0.11131925413433497, 0.07477341665405575, 0.1574001809632013]
