Global Fit Results.
chi^2: 12.34529224899769
per 3 range=[4017.75 - 4748.25, length=100]
mu_1: 3.829582347835271e-6 ± 6.901586105203771e-7
P_1: 224.70077941983874 ± 1.4611033858245849e-5
t01: 3503.7687468185395 ± 0.00033030778717526535
ecos1: -0.06712009415280097 ± 0.057146549691914246
esin1: -0.05579820273462494 ± 0.02749899153506965
mu_2: 2.6786343875815504e-6 ± 3.9172037370277815e-7
P_2: 365.2564794237772 ± 3.132023227668959e-5
t02: 3624.4072679019596 ± 0.0004409466552912825
ecos2: -0.03815375973628439 ± 0.04529311010490201
esin2: -0.04226531334960212 ± 0.021269534379480568
mu_3: 0.0004310339268350537 ± 0.00028552724875390093
P_3: 4211.020043269828 ± 155.20782022466858
t03: 1318.3882552402645 ± 509.7031736854517
ecos3: -0.1096174799002451 ± 0.1610809984639773
esin3: 0.07564352834914373 ± 0.11533969977449404
Retrieved Earth masses:
[1.2749377194028535, 0.8917661789275044, 143.49904552254276]
 ± [0.22976637267520145, 0.1304108475887867, 95.0572219864766]
Retrieved eccentricity:
[0.09492214745865021, 0.053957564474577904, 0.15502252674808678]
 ± [0.08081742561713313, 0.0640541305924103, 0.22780293266835638]
