Global Fit Results.
chi^2: 6.553342862047062
per 3 range=[4017.75 - 4748.25, length=100]
mu_1: 3.649024310139974e-6 ± 6.524827944023176e-7
P_1: 224.70077748396545 ± 2.1202253095901948e-5
t01: 3503.768804916641 ± 0.0003571085508506339
ecos1: -0.09305299201292261 ± 0.05238542558362604
esin1: -0.028148035043759363 ± 0.026736043232494563
mu_2: 2.532468703589619e-6 ± 3.505541898647256e-7
P_2: 365.2564168031781 ± 5.319415981262036e-5
t02: 3624.4077855541527 ± 0.0005350482868328004
ecos2: -0.059307396536895776 ± 0.040443802390535244
esin2: -0.02054925428553204 ± 0.020978754611329642
mu_3: 0.0007840610222511262 ± 0.0005759507494084397
P_3: 4469.128705757167 ± 269.4255722223604
t03: 1245.7451302148324 ± 416.773278891971
ecos3: 0.007983314839172483 ± 0.08334006893728396
esin3: 0.09364983603511712 ± 0.07936310865828727
Retrieved Earth masses:
[1.2148266597910342, 0.8431049603199533, 261.0281959719644]
 ± [0.2172234072248431, 0.1167058751474256, 191.7444954158605]
Retrieved eccentricity:
[0.13159680332407045, 0.08387332453151713, 0.01129011211825211]
 ± [0.07408417933105046, 0.05719617385463235, 0.11786065578021568]
