Global Fit Results.
chi^2: 295.2944487275142
per 3 range=[4017.75 - 4748.25, length=100]
mu_1: 3.4587526708316066e-6 ± 9.03902915210353e-8
P_1: 224.70079447661027 ± 3.4160504768261605e-6
t01: 3503.7686750391977 ± 4.851955233520277e-5
ecos1: -0.10677418196132926 ± 0.008176635673769509
esin1: -0.02698524335792511 ± 0.003671523442697989
mu_2: 2.4691247108055e-6 ± 4.844983955348265e-8
P_2: 365.25640750101087 ± 7.501425536224177e-6
t02: 3624.407891069767 ± 6.917181005766406e-5
ecos2: -0.0696964741426897 ± 0.006316958230441765
esin2: -0.01907885310369595 ± 0.0028865381626216953
mu_3: 0.00077399104716553 ± 7.412467444122773e-5
P_3: 4595.699620527225 ± 40.84944249753719
t03: 1157.8720611642339 ± 55.912809709045945
ecos3: 0.0031548074219682467 ± 0.011208941665555928
esin3: 0.09961814565034005 ± 0.01103241848308825
Retrieved Earth masses:
[1.1514817652690565, 0.8220165913118533, 257.6757178414626]
 ± [0.030092574505710807, 0.016129834100752017, 24.677454301772062]
Retrieved eccentricity:
[0.15100149624100453, 0.09856569898217751, 0.004461571442822794]
 ± [0.011563509064428509, 0.008933528002435092, 0.015851837323278065]
