Global Fit Results.
chi^2: 879.2218759424882
per 3 range=[4090.7999999999997 - 4383.0, length=200]
mu_1: 3.464083620551309e-6 ± 8.528683543811358e-8
P_1: 224.70079094999727 ± 1.918328126758165e-6
t01: 3503.769334824828 ± 3.883400356125313e-5
ecos1: -0.09673408304729866 ± 0.00819041337534471
esin1: -0.05508098339286516 ± 0.0035310834602503855
mu_2: 2.587935512248288e-6 ± 4.766354903368966e-8
P_2: 365.2564776611691 ± 4.056837594881816e-6
t02: 3624.4084292197863 ± 5.125138219606662e-5
ecos2: -0.06260907372903188 ± 0.006464381665957498
esin2: -0.04087630357079274 ± 0.002722471622406036
mu_3: 0.00042556006714608086 ± 3.467551350518726e-5
P_3: 4209.2069672797315 ± 16.50036007277856
t03: 1542.6648027759556 ± 50.30432404591291
ecos3: -0.08589513020622767 ± 0.01705409698733553
esin3: 0.13188263933210528 ± 0.015576709655860173
Retrieved Earth masses:
[1.1532565355339475, 0.8615708712498518, 141.67669792577803]
 ± [0.02839354101629889, 0.01586806366443809, 11.54411006004771]
Retrieved eccentricity:
[0.11131665443466562, 0.07477144044900401, 0.15738806800500146]
 ± [0.008919160367561477, 0.007014277016056151, 0.023097101717670432]
