Global Fit Results.
chi^2: 178.89199772509596
per 3 range=[4017.75 - 4748.25, length=200]
mu_1: 3.757820059617979e-6 ± 2.5796156034562143e-7
P_1: 224.70078375939326 ± 4.810574314174432e-6
t01: 3503.769457923184 ± 0.00010870259968878626
ecos1: -0.07526558364667106 ± 0.022109865725950358
esin1: -0.06392556330004914 ± 0.009878009424733864
mu_2: 2.529064981590116e-6 ± 1.337547801226436e-7
P_2: 365.2564927393881 ± 1.0146053344165496e-5
t02: 3624.4080896408805 ± 0.00014108355374110526
ecos2: -0.04595052989437776 ± 0.017505371206509093
esin2: -0.0485561584508665 ± 0.007663054232171118
mu_3: 0.00022745010290393404 ± 6.678642276509711e-5
P_3: 4079.598662398108 ± 45.99795070485453
t03: 1375.7966076347552 ± 219.94610005204856
ecos3: -0.371905914147284 ± 0.14702467515236972
esin3: 0.043033258591574475 ± 0.07917451425487088
Retrieved Earth masses:
[1.2510467465058737, 0.8419717992675526, 75.72228225832622]
 ± [0.08588010220659056, 0.044529402644961386, 22.234416652598995]
Retrieved eccentricity:
[0.09874910493215941, 0.06685171442139505, 0.37438732660539714]
