Global Fit Results.
chi^2: 4.554661566093653
per 3 range=[4017.75 - 4748.25, length=100]
mu_1: 3.7090472338230735e-6 ± 7.580727172262158e-7
P_1: 224.70078087007846 ± 2.8478338237657176e-5
t01: 3503.7688142172387 ± 0.0005140209994675442
ecos1: -0.07058864313471723 ± 0.04686951178745422
esin1: -0.03075839382847964 ± 0.03160201937819794
mu_2: 2.6808649634589666e-6 ± 4.605852458806344e-7
P_2: 365.2564063257656 ± 7.362998451594027e-5
t02: 3624.407945238204 ± 0.0007863823479356642
ecos2: -0.041824567159857724 ± 0.03611018351689728
esin2: -0.02320460479570331 ± 0.025028536065832538
mu_3: 0.0010364904904121683 ± 0.0009047160296793917
P_3: 4684.582554398238 ± 476.42368333485587
t03: 924.9913792253731 ± 693.7194995600125
ecos3: 0.03557602260204368 ± 0.07445169206429077
esin3: 0.06706696695362586 ± 0.07202327475500842
Retrieved Earth masses:
[1.2348093844021604, 0.892508778267016, 345.0665639232985]
 ± [0.25237621585242626, 0.15333721790983082, 301.1964456747239]
Retrieved eccentricity:
[0.09982741647063158, 0.059148870117855155, 0.050312093659101935]
 ± [0.06628349923162341, 0.05106751126937752, 0.10529059265894533]
