Global Fit Results.
chi^2: 6.397417268800705
per 3 range=[4017.75 - 4748.25, length=100]
mu_1: 3.4759704119970804e-6 ± 9.72925185942251e-7
P_1: 224.70079147715677 ± 2.1996379410918855e-5
t01: 3503.7686226984133 ± 0.0004347595698551156
ecos1: -0.10513754306277667 ± 0.09581355984011954
esin1: -0.04654459010969455 ± 0.03871750073512785
mu_2: 2.5194663438753054e-6 ± 5.364143683270698e-7
P_2: 365.2564633356007 ± 4.8239413547567105e-5
t02: 3624.4074122988345 ± 0.0005865347326907152
ecos2: -0.06911158118046935 ± 0.07534637437503237
esin2: -0.034572719354857166 ± 0.03001515802942186
mu_3: 0.0004592938056152762 ± 0.00044778046283905343
P_3: 4246.46451337883 ± 207.9971746179462
t03: 1533.9623562934296 ± 527.4438642562984
ecos3: -0.056478051569217855 ± 0.17424520087973674
esin3: 0.12945299372349445 ± 0.16689910288814508
Retrieved Earth masses:
[1.1572138649240455, 0.8387762379331913, 152.9072739219201]
 ± [0.32390451622380595, 0.1785821139990418, 149.074272396279]
Retrieved eccentricity:
[0.14868693931396407, 0.09773853542246892, 0.07987202650559495]
 ± [0.13550083578514316, 0.10655586451681141, 0.24641992626254805]
