Global Fit Results.
chi^2: 11.155984713388523
per 3 range=[4017.75 - 4748.25, length=100]
mu_1: 3.642633682039613e-6 ± 7.518858963512693e-7
P_1: 224.70077446076598 ± 1.3205029177380159e-5
t01: 3503.7688228676047 ± 0.0003654867166040458
ecos1: -0.08203335053652469 ± 0.06852380603330056
esin1: -0.06537129018495856 ± 0.032280848005809756
mu_2: 2.58884666206347e-6 ± 4.337048902965129e-7
P_2: 365.2564586425316 ± 2.8860509507396893e-5
t02: 3624.4074688045334 ± 0.0004921479760961109
ecos2: -0.049480625281984124 ± 0.05419112279240021
esin2: -0.050481553324052256 ± 0.024992371052020255
mu_3: 0.0003980896540931738 ± 0.00027096860018376603
P_3: 4225.772566059713 ± 153.94423090217316
t03: 1451.3477319879958 ± 501.4130324431082
ecos3: -0.08676597771248735 ± 0.14438922365727608
esin3: 0.1205797771515972 ± 0.136616887969134
Retrieved Earth masses:
[1.2126991032911898, 0.8618742096199117, 132.5312970471352]
 ± [0.2503165104902692, 0.14438825791043827, 90.21038269182417]
Retrieved eccentricity:
[0.11601267689565943, 0.069976171348483, 0.12270562243356131]
 ± [0.09690729583771697, 0.07663782081323813, 0.204197198356642]
