Global Fit Results.
chi^2: 180.34307784128353
per 3 range=[4017.75 - 4748.25, length=200]
mu_1: 4.619968697009298e-6 ± 3.1326452780087796e-7
P_1: 224.7007785866134 ± 4.300803999825098e-6
t01: 3503.7693559624245 ± 0.00010508953666023685
ecos1: -0.009625199349511416 ± 0.017344186696619853
esin1: -0.052436703620415394 ± 0.008492039081226596
mu_2: 2.969841770496622e-6 ± 1.386749450007271e-7
P_2: 365.25645501180554 ± 8.959195608974487e-6
t02: 3624.4085787077506 ± 0.00013811562290422626
ecos2: 0.00729959255555655 ± 0.013604102194828733
esin2: -0.0412819813238011 ± 0.00668991249713717
mu_3: 0.00042007993474527897 ± 0.0001066871631882192
P_3: 4234.992090859503 ± 52.56012295716558
t03: 826.2050924473778 ± 192.44290577067545
ecos3: -0.11286705501202393 ± 0.058814050684672596
esin3: -0.04592233745150371 ± 0.04155491828926796
Retrieved Earth masses:
[1.538071731923225, 0.9887144210398281, 139.852262028988]
 ± [0.10429146741550703, 0.04616741515363498, 35.51809993108917]
Retrieved eccentricity:
[0.05331277847845786, 0.04192238105708929, 0.12185168519186354]
