Global Fit Results.
chi^2: 7.598268822468999
per 3 range=[4017.75 - 4675.2, length=100]
mu_1: 3.4777585301951235e-6 ± 5.43750672499312e-7
P_1: 224.70078671300098 ± 2.8981789909561113e-5
t01: 3503.7694938465265 ± 0.0003582859442795702
ecos1: -0.10358027201447471 ± 0.047033011625573384
esin1: -0.02957118947117152 ± 0.024496357927506672
mu_2: 2.4381230556081966e-6 ± 2.8611280642572826e-7
P_2: 365.2563955965959 ± 6.398447319125613e-5
t02: 3624.4091706882405 ± 0.0005478393164684406
ecos2: -0.06717017567995674 ± 0.036551616389193235
esin2: -0.02088354322203777 ± 0.019099202653718683
mu_3: 0.0008365057232735816 ± 0.0005032857590818908
P_3: 4669.29496281981 ± 328.02619121830776
t03: 1067.3371126089628 ± 404.4221898598638
ecos3: 0.013501528441310093 ± 0.06629388762420717
esin3: 0.09460365067972525 ± 0.06343881111937251
Retrieved Earth masses:
[1.157809162042731, 0.8116955756017967, 278.4879922221037]
 ± [0.18102450328869665, 0.09525216480135573, 167.5529965439982]
Retrieved eccentricity:
[0.10771874487447622, 0.07034170084937506, 0.09556224145646115]
 ± [0.05302995129437552, 0.04124075899726573, 0.09175708306485353]
