Global Fit Results.
chi^2: 382.12947667451715
per 3 range=[4017.75 - 4748.25, length=200]
mu_1: 3.7833187420394144e-6 ± 7.283922962047811e-8
P_1: 224.70078181055052 ± 2.792304811741159e-6
t01: 3503.7694848757524 ± 4.4923089980737904e-5
ecos1: -0.08256036337741955 ± 0.005093759441204936
esin1: -0.02685633184719376 ± 0.0030928864900023516
mu_2: 2.571702433023457e-6 ± 4.1836332005598476e-8
P_2: 365.25639609619276 ± 6.869825055328459e-6
t02: 3624.4091163338935 ± 6.906528576369945e-5
ecos2: -0.05077755108558687 ± 0.003892660739564336
esin2: -0.019801344672642142 ± 0.002440825852687583
mu_3: 0.0009518471161629389 ± 7.76467995757121e-5
P_3: 4585.737951482922 ± 39.231978779012806
t03: 1095.9891886262233 ± 57.66888990910537
ecos3: 0.02500810681876017 ± 0.00800091894926962
esin3: 0.08138774396120554 ± 0.0077838705174001245
Retrieved Earth masses:
[1.2595357223422436, 0.8561665834905116, 316.8872428574189]
 ± [0.024249506306578506, 0.013928076973080064, 25.850033914519987]
Retrieved eccentricity:
[0.08681863948080593, 0.05450186184979516, 0.08514323386948178]
