Global Fit Results.
chi^2: 111.31382523151721
per 3 range=[4017.75 - 4748.25, length=200]
mu_1: 3.4335608703313646e-6 ± 2.465471307070155e-7
P_1: 224.70079474641423 ± 6.855980365223898e-6
t01: 3503.7692095489692 ± 0.00012606097899286854
ecos1: -0.09876500150460353 ± 0.021960782883643417
esin1: -0.03444323240361278 ± 0.010435777202931438
mu_2: 2.5155386457141413e-6 ± 1.3360214719239462e-7
P_2: 365.25645232861206 ± 1.5959716394716167e-5
t02: 3624.4086728289103 ± 0.0001789253272887458
ecos2: -0.06406413189268534 ± 0.01705570798466795
esin2: -0.02459228404718071 ± 0.008142455252346383
mu_3: 0.0006397605598889272 ± 0.00016745502269821963
P_3: 4285.237528139713 ± 81.26617665148241
t03: 1495.817551377609 ± 129.27886267395667
ecos3: -0.02259551752434822 ± 0.03901348661025667
esin3: 0.10725663092882444 ± 0.0353811479399415
Retrieved Earth masses:
[1.1430949560141035, 0.8374686356723527, 212.98794361994658]
 ± [0.08208003066616405, 0.04447858836227403, 55.74882724799018]
Retrieved eccentricity:
[0.10459857446740667, 0.06862210598502935, 0.10961086757432033]
