Global Fit Results.
chi^2: 1447.4073873199752
per 3 range=[4017.75 - 4748.25, length=200]
mu_1: 3.636608563103449e-6 ± 7.165092192698393e-8
P_1: 224.70077354998796 ± 1.2971183975512098e-6
t01: 3503.769584610748 ± 3.397396661257064e-5
ecos1: -0.08481745176001074 ± 0.006467619412812273
esin1: -0.06653641516267704 ± 0.002975016095566914
mu_2: 2.608595521903717e-6 ± 4.0788918344235264e-8
P_2: 365.2564563159593 ± 2.7664472149661853e-6
t02: 3624.408641067448 ± 4.532374960505961e-5
ecos2: -0.05145518977484248 ± 0.005112032041106784
esin2: -0.05117664536405725 ± 0.002298803378211644
mu_3: 0.0004029775151081269 ± 2.5075447652822942e-5
P_3: 4241.77105343932 ± 14.713454858185258
t03: 1411.0829653741418 ± 46.81096029108079
ecos3: -0.09546450364907191 ± 0.01352754374967529
esin3: 0.11624955693420821 ± 0.01254524511658641
Retrieved Earth masses:
[1.2106932314498529, 0.8684489647860367, 134.15855501135812]
 ± [0.023853897030400195, 0.013579373886581703, 8.348073272681296]
Retrieved eccentricity:
[0.10780118118908469, 0.07257193386897952, 0.15042417008035439]
