Global Fit Results.
chi^2: 10.703836851226999
per 3 range=[4017.75 - 4748.25, length=100]
mu_1: 3.672761294969855e-6 ± 4.701306502040707e-7
P_1: 224.70078203331744 ± 1.6723597324696896e-5
t01: 3503.7687811312853 ± 0.0002685445283126609
ecos1: -0.0910698922534254 ± 0.03644242525269254
esin1: -0.028510799658982955 ± 0.019798930408453555
mu_2: 2.5785845719294745e-6 ± 2.616635985111882e-7
P_2: 365.2564036296387 ± 4.058495155872167e-5
t02: 3624.4079049848083 ± 0.00040685345930610535
ecos2: -0.057349252645342144 ± 0.028068690910626224
esin2: -0.02130731963628036 ± 0.01559526337945674
mu_3: 0.0008518139774320656 ± 0.00044347302219772884
P_3: 4554.934770237803 ± 224.7554471660958
t03: 1137.2701303857732 ± 337.8469578985663
ecos3: 0.014372688505878115 ± 0.05532731741841649
esin3: 0.08798281984827643 ± 0.05391273518248216
Retrieved Earth masses:
[1.2227291344098696, 0.8584577728904239, 283.5843888711767]
 ± [0.15651505687855782, 0.08711257814450007, 147.640246946789]
Retrieved eccentricity:
[0.12879227674865068, 0.08110409088300397, 0.020326051012776725]
 ± [0.051537372038125556, 0.039695123363866026, 0.07824464266284578]
