Global Fit Results.
chi^2: 149.98601666100413
per 3 range=[4017.75 - 4748.25, length=100]
mu_1: 3.6426190299840244e-6 ± 2.0506060720897398e-7
P_1: 224.70077446087956 ± 3.601361674670009e-6
t01: 3503.7688228648035 ± 9.967803512522901e-5
ecos1: -0.08203493192717563 ± 0.018688717105747096
esin1: -0.06537166007557474 ± 0.008803803334500282
mu_2: 2.588838882880252e-6 ± 1.1828376369931962e-7
P_2: 365.25645864300003 ± 7.871025950012382e-6
t02: 3624.407468797455 ± 0.00013422179779999096
ecos2: -0.04948188740820125 ± 0.014779687867540744
esin2: -0.05048181152068693 ± 0.006816057175774747
mu_3: 0.00039808171128325316 ± 7.389795594107184e-5
P_3: 4225.768420691771 ± 41.984686566976386
t03: 1451.3636520039113 ± 136.74926246675398
ecos3: -0.08676909500008201 ± 0.039379015144853056
esin3: 0.12058344107845084 ± 0.0372598998668018
Retrieved Earth masses:
[1.2126942253549975, 0.8618716197881208, 132.52865274103442]
 ± [0.06826841131700855, 0.039378819473209925, 24.601975583394697]
Retrieved eccentricity:
[0.1160149133197654, 0.0699779562644967, 0.1227100309439555]
 ± [0.026429837194301597, 0.02090163502991721, 0.055690337290746704]
