Global Fit Results.
chi^2: 348.7557143982892
per 3 range=[4017.75 - 4675.2, length=200]
mu_1: 3.3665140926410055e-6 ± 9.297714600592489e-8
P_1: 224.70078980645636 ± 2.9405298741736627e-6
t01: 3503.769470392857 ± 4.5281969536003574e-5
ecos1: -0.11602328951508288 ± 0.009065788049257825
esin1: -0.02747201422820139 ± 0.003678699120355096
mu_2: 2.4765420138327056e-6 ± 4.9357948003819875e-8
P_2: 365.2564119214385 ± 6.550831901740719e-6
t02: 3624.408992674604 ± 6.362927759936894e-5
ecos2: -0.07720211948149576 ± 0.007026174710730434
esin2: -0.019607806930081736 ± 0.0028899368787759826
mu_3: 0.0007368778165198574 ± 7.06935458575437e-5
P_3: 4588.254321151442 ± 36.74519746083715
t03: 1169.5643917533232 ± 52.74308525824164
ecos3: -0.008648470465067427 ± 0.012108671598323649
esin3: 0.1040523786575204 ± 0.011554626463879565
Retrieved Earth masses:
[1.1207738624645223, 0.824485946595719, 245.32004734235124]
 ± [0.030953785483262046, 0.016432159945056646, 23.535169098286936]
Retrieved eccentricity:
[0.11923135189896675, 0.07965320674676261, 0.10441117538689597]
