Global Fit Results.
chi^2: 801.8526914393826
per 3 range=[4017.75 - 4748.25, length=200]
mu_1: 3.2958916495554784e-6 ± 9.172809303305533e-8
P_1: 224.70078970999376 ± 1.994983496084492e-6
t01: 3503.7693820049276 ± 3.93711359390022e-5
ecos1: -0.11716116136663121 ± 0.01002322965042039
esin1: -0.048049134237027696 ± 0.0036379321490671275
mu_2: 2.563417693772147e-6 ± 5.2709455129043506e-8
P_2: 365.2564643938213 ± 4.383344229798404e-6
t02: 3624.408595420124 ± 5.30896490140607e-5
ecos2: -0.07897689275057955 ± 0.0079033397962248
esin2: -0.03555801664781588 ± 0.002818554344790913
mu_3: 0.000361062280041531 ± 3.3349929746619194e-5
P_3: 4204.455463862507 ± 19.555449142013842
t03: 1645.360735591747 ± 52.13529671550317
ecos3: -0.09878205611760126 ± 0.020358906787830287
esin3: 0.16440150215726046 ± 0.019673802802997034
Retrieved Earth masses:
[1.097262364774176, 0.8534084428872984, 120.20420977205345]
 ± [0.030537952997104954, 0.017547937714716147, 11.102799081324001]
Retrieved eccentricity:
[0.12663118507581655, 0.08661248256725411, 0.19179611185418916]
