Global Fit Results.
chi^2: 655.8712656485806
per 3 range=[4017.75 - 4748.25, length=100]
mu_1: 3.709041838656494e-6 ± 6.317227003646911e-8
P_1: 224.70078087009136 ± 2.3731473871354887e-6
t01: 3503.7688142167885 ± 4.283487695084142e-5
ecos1: -0.07058913926642128 ± 0.0039058572059667176
esin1: -0.03075849397754374 ± 0.0026335366774416055
mu_2: 2.680862661791797e-6 ± 3.8382254031384093e-8
P_2: 365.2564063257343 ± 6.135816203047888e-6
t02: 3624.4079452383876 ± 6.553170282171771e-5
ecos2: -0.04182494875902282 ± 0.0030092318313018193
esin2: -0.023204656139611004 ± 0.0020857438506897323
mu_3: 0.001036484413239846 ± 7.539228238494517e-5
P_3: 4684.582554398238 ± 39.70073343617449
t03: 924.9965743597412 ± 57.80924955408466
ecos3: 0.035575865307889976 ± 0.006204339444211314
esin3: 0.06706784261451017 ± 0.006002051984696812
Retrieved Earth masses:
[1.2348075882529332, 0.8925080120000906, 345.06454072193674]
 ± [0.02103119937747885, 0.012778151499464438, 25.099464075703047]
Retrieved eccentricity:
[0.09982811810681617, 0.05914940978056982, 0.05031187121157649]
 ± [0.005523716233370815, 0.004255696468151858, 0.008774260987569992]
