Global Fit Results.
chi^2: 690.7625272930445
per 3 range=[4017.75 - 4748.25, length=200]
mu_1: 3.742264541152021e-6 ± 6.380751362259083e-8
P_1: 224.70078203453926 ± 2.3605312478411694e-6
t01: 3503.7695289536537 ± 4.2660301161847815e-5
ecos1: -0.07091637127341023 ± 0.003974135092648934
esin1: -0.031939554500427014 ± 0.0026447450570486414
mu_2: 2.6277216999557847e-6 ± 3.8354141925503895e-8
P_2: 365.25640753436227 ± 6.060950048620462e-6
t02: 3624.4090939131056 ± 6.483768903711381e-5
ecos2: -0.04198984261574012 ± 0.0030630055207577066
esin2: -0.02402765987272274 ± 0.0020945060217451516
mu_3: 0.0010347403151420476 ± 7.500009004837514e-5
P_3: 4701.679697638422 ± 39.384996386389396
t03: 907.6329683236218 ± 57.8361161961234
ecos3: 0.036113324909081146 ± 0.006077649082455323
esin3: 0.06510053759112394 ± 0.005932848042237887
Retrieved Earth masses:
[1.2458680310649255, 0.8748164178427336, 344.48389869644825]
 ± [0.021242683538255053, 0.01276879246735516, 24.96889610307895]
Retrieved eccentricity:
[0.0777770329613692, 0.04837845927532082, 0.07444630434509293]
