Global Fit Results.
chi^2: 135.21852605270837
per 3 range=[4017.75 - 4675.2, length=100]
mu_1: 4.822511289062042e-6 ± 8.384789570204337e-8
P_1: 224.70084092071747 ± 4.979444860795977e-6
t01: 3503.768885612966 ± 5.321977615494062e-5
ecos1: -0.010076927797811887 ± 0.0032402579020930295
esin1: -0.005982097396834053 ± 0.003043355968886009
mu_2: 2.9060337421108457e-6 ± 5.513609781403266e-8
P_2: 365.2565196290709 ± 1.316094672955806e-5
t02: 3624.4082697809563 ± 9.96913211849446e-5
ecos2: 0.008957876773904624 ± 0.002620008462233334
esin2: -0.0024773026720547333 ± 0.0023998012488457114
mu_3: 0.0009370808495163955 ± 9.412005939174628e-5
P_3: 4118.933951748516 ± 66.2737789214944
t03: 427.5166272495909 ± 90.26532435372708
ecos3: 0.04671607636969999 ± 0.009980047159489889
esin3: -0.11834653282844937 ± 0.01189776668677335
Retrieved Earth masses:
[1.6055018501291012, 0.9674715661275323, 311.9712837233687]
 ± [0.02791449176788659, 0.018355811265824015, 31.33428216755917]
Retrieved eccentricity:
[0.011718786759196648, 0.009294115602112416, 0.12723322531436074]
 ± [0.004445366894355338, 0.003552955161008328, 0.015529268928012546]
