Global Fit Results.
chi^2: 9.198257954052808
per 3 range=[4017.75 - 4748.25, length=100]
mu_1: 3.626738620081672e-6 ± 8.544002280735183e-7
P_1: 224.70077536205915 ± 1.557288477096086e-5
t01: 3503.768810285411 ± 0.0004078833859653221
ecos1: -0.08574421348272881 ± 0.07712880404531344
esin1: -0.06564481722292936 ± 0.03580192168954496
mu_2: 2.583619663580722e-6 ± 4.844464775718847e-7
P_2: 365.2564555377695 ± 3.3197096030238375e-5
t02: 3624.407497614989 ± 0.0005434689579997614
ecos2: -0.05242917707643032 ± 0.060978843473203495
esin2: -0.05061728964649038 ± 0.027678854591416023
mu_3: 0.0004072769742478891 ± 0.0003044760916882592
P_3: 4227.740959378769 ± 174.5115744244512
t03: 1455.1505763979528 ± 546.4404316108238
ecos3: -0.08420225807793333 ± 0.15475954578746262
esin3: 0.1199530499904931 ± 0.1482888190441926
Retrieved Earth masses:
[1.2074073476369789, 0.8601340466152739, 135.58992327359505]
 ± [0.2844453988182488, 0.16128105657197161, 101.36563695233042]
Retrieved eccentricity:
[0.12126062960228909, 0.07414605328554834, 0.11907997535625281]
 ± [0.1090766007304991, 0.08623710745763047, 0.21886304855932964]
