Global Fit Results.
chi^2: 14.732583232658412
per 3 range=[4017.75 - 4748.25, length=100]
mu_1: 3.7622875914127396e-6 ± 6.533899577346082e-7
P_1: 224.70077398356426 ± 1.295066679609134e-5
t01: 3503.768843732475 ± 0.00031726344081012644
ecos1: -0.07549148777092607 ± 0.05278397867559433
esin1: -0.05698740592999522 ± 0.027455050123668126
mu_2: 2.6246148049906924e-6 ± 3.5858307588620415e-7
P_2: 365.2564539155174 ± 2.729394144813037e-5
t02: 3624.407539132678 ± 0.0004201521645595473
ecos2: -0.044752834139450554 ± 0.041829409781023834
esin2: -0.04439542600660773 ± 0.021099681822120957
mu_3: 0.0005168230143487695 ± 0.0003075878028604018
P_3: 4276.591865691113 ± 138.61031669046082
t03: 1357.6725211503826 ± 399.1148524918755
ecos3: -0.033271625036553405 ± 0.09507293470280748
esin3: 0.09579749647250303 ± 0.08912613711524124
Retrieved Earth masses:
[1.2525340692164015, 0.8737820759167901, 172.05979540332675]
 ± [0.21752541842213466, 0.11937883755006347, 102.4015822813281]
Retrieved eccentricity:
[0.1067610858493663, 0.06329006499464464, 0.04705318336888605]
 ± [0.07464781851903775, 0.0591557186183857, 0.134453433671322]
