Global Fit Results.
chi^2: 191.43913651096236
per 3 range=[4090.7999999999997 - 4383.0, length=200]
mu_1: 3.68615341295284e-6 ± 2.418498352548918e-7
P_1: 224.70077027821918 ± 4.700049392921041e-6
t01: 3503.7697247943993 ± 0.00010909792254270755
ecos1: -0.09736507895691301 ± 0.022378239559024984
esin1: -0.06104318753719883 ± 0.009566446087469276
mu_2: 2.5088203196369765e-6 ± 1.2907175414911458e-7
P_2: 365.2564620855484 ± 9.842103277718236e-6
t02: 3624.408623881909 ± 0.0001452096764664914
ecos2: -0.061764171585081164 ± 0.01765321987969151
esin2: -0.04722704101906908 ± 0.007407839864021044
mu_3: 0.00042511437611511094 ± 9.037857618672909e-5
P_3: 4255.720613115018 ± 45.71620963164837
t03: 1443.7809506244043 ± 137.4416476122496
ecos3: -0.06834199922109059 ± 0.04111929501827667
esin3: 0.13401002464323272 ± 0.04049208597699402
Retrieved Earth masses:
[1.2271876144237157, 0.8352319825470147, 141.52831926330998]
 ± [0.08051621544895708, 0.04297033799709701, 30.08867425752556]
Retrieved eccentricity:
[0.11491835947744614, 0.07775092472124161, 0.15043043429577468]
 ± [0.02433726559220585, 0.01914451001127255, 0.057709665131313564]
