Global Fit Results.
chi^2: 13.374281806785206
per 3 range=[4017.75 - 4748.25, length=100]
mu_1: 3.6438813139430427e-6 ± 6.799334958800763e-7
P_1: 224.70077417362828 ± 1.2301741570816243e-5
t01: 3503.7688269786167 ± 0.00033464598482497315
ecos1: -0.08444106969716374 ± 0.06245178326213813
esin1: -0.06484824296918022 ± 0.02952394345969132
mu_2: 2.583944705529329e-6 ± 3.98038863003512e-7
P_2: 365.2564566749674 ± 2.7012780210061046e-5
t02: 3624.4074832725328 ± 0.0004501682220136075
ecos2: -0.0515531747908624 ± 0.049446163106723645
esin2: -0.0500956868394831 ± 0.022848435748942224
mu_3: 0.00040372561132834164 ± 0.00025028725365695473
P_3: 4220.193796304303 ± 138.49017804420436
t03: 1462.2126777935823 ± 445.81617395776857
ecos3: -0.0864673791493182 ± 0.13006013602998054
esin3: 0.12030231063181157 ± 0.12287575020398891
Retrieved Earth masses:
[1.2131144626774457, 0.8602422590006014, 134.40760986963363]
 ± [0.22636224576107283, 0.13251438776822755, 83.32518572250517]
Retrieved eccentricity:
[0.11941770598702073, 0.07290719897262835, 0.12228334029582236]
 ± [0.08832015888370079, 0.06992743447284075, 0.18393280829768813]
