Global Fit Results.
chi^2: 4.879793568370883
per 3 range=[4017.75 - 4748.25, length=100]
mu_1: 3.480108962217504e-6 ± 7.03526147215775e-7
P_1: 224.70078867790494 ± 2.3555134216221715e-5
t01: 3503.768732411678 ± 0.00036305131503809135
ecos1: -0.10668573391727663 ± 0.06356647835752383
esin1: -0.026571579856287643 ± 0.028272253502457906
mu_2: 2.500979119057135e-6 ± 3.766133210697914e-7
P_2: 365.25640917349824 ± 5.286140137100301e-5
t02: 3624.4079094075155 ± 0.0005123286447384325
ecos2: -0.06951043095692847 ± 0.04903543536402449
esin2: -0.01890102440265288 ± 0.02226667973197194
mu_3: 0.0008014727046504296 ± 0.0005909538782316853
P_3: 4646.420055939355 ± 301.5756854763956
t03: 1105.0064078138387 ± 433.26471796943844
ecos3: 0.0068609314986814275 ± 0.08236601077041211
esin3: 0.09793695097926339 ± 0.08348610259051348
Retrieved Earth masses:
[1.15859166367608, 0.8326215040465864, 266.82486219633296]
 ± [0.23421666913066166, 0.1253814345924357, 196.73931028297736]
Retrieved eccentricity:
[0.1508764118175399, 0.09830259418568688, 0.00970282237594804]
 ± [0.08989657580550602, 0.06934657772867273, 0.11648312951008523]
