Global Fit Results.
chi^2: 3.184612615927345
per 3 range=[4017.75 - 4748.25, length=100]
mu_1: 3.672758654596656e-6 ± 8.619124112856191e-7
P_1: 224.70078203330755 ± 3.06600619711599e-5
t01: 3503.7687811312903 ± 0.0004923316123149981
ecos1: -0.09107010066402228 ± 0.06681162358355658
esin1: -0.02851098522257868 ± 0.03629808723123162
mu_2: 2.5785839815969155e-6 ± 4.797195403556306e-7
P_2: 365.2564036295023 ± 7.440529648693029e-5
t02: 3624.4079049860957 ± 0.0007458984950563995
ecos2: -0.05734941300721567 ± 0.05145969714510838
esin2: -0.021307466917591146 ± 0.028591300483583458
mu_3: 0.0008518103669167767 ± 0.0008130427167607413
P_3: 4554.936191250962 ± 412.0470696392506
t03: 1137.2678630816806 ± 619.38254574406
ecos3: 0.01437203679160093 ± 0.10143483696665653
esin3: 0.08798313106705744 ± 0.09884120944842956
Retrieved Earth masses:
[1.2227282553815373, 0.8584575763579622, 283.58318686487155]
 ± [0.2869463414439077, 0.15970737307156116, 270.6767299755237]
Retrieved eccentricity:
[0.12879257148574333, 0.08110431766894038, 0.02032512934960714]
 ± [0.09448590419603184, 0.07277500161822431, 0.14345052213534945]
