Global Fit Results.
chi^2: 1193.3392419256245
per 3 range=[4017.75 - 4748.25, length=100]
mu_1: 3.7622677356579865e-6 ± 7.259972332698287e-8
P_1: 224.70077398356796 ± 1.4389633570646907e-6
t01: 3503.7688437322818 ± 3.5251498606794055e-5
ecos1: -0.07549339125296461 ± 0.005865083828159978
esin1: -0.05698797598501022 ± 0.0030505894258408793
mu_2: 2.6246056993109897e-6 ± 3.9843042970623017e-8
P_2: 365.2564539156077 ± 3.0326413017351456e-6
t02: 3624.4075391317474 ± 4.668347606260998e-5
ecos2: -0.044754342618322694 ± 0.00464786426032637
esin2: -0.04439583546425181 ± 0.002344431719961504
mu_3: 0.0005168148567206611 ± 3.417655450868047e-5
P_3: 4276.591865691113 ± 15.400934704034771
t03: 1357.6798060190274 ± 44.34591582137225
ecos3: -0.033273811410180876 ± 0.010563993528342856
esin3: 0.09579982421132958 ± 0.009903343950038675
Retrieved Earth masses:
[1.2525274588739717, 0.8737790444701572, 172.05707958033832]
 ± [0.02416977029886893, 0.013264474745594645, 11.377997521576905]
Retrieved eccentricity:
[0.10676377777948094, 0.06329219830592417, 0.04705627536812243]
 ± [0.008294481094238953, 0.006573072673022745, 0.014939742920604073]
