Global Fit Results.
chi^2: 273.53767744951637
per 3 range=[4017.75 - 4675.2, length=100]
mu_1: 3.477761825508023e-6 ± 9.062570791452954e-8
P_1: 224.70078671319683 ± 4.8302453072528275e-6
t01: 3503.769493844196 ± 5.971365513880812e-5
ecos1: -0.10357994920512668 ± 0.007838881751034449
esin1: -0.029571110131924754 ± 0.004082699561417865
mu_2: 2.4381247711361607e-6 ± 4.7685860750867036e-8
P_2: 365.25639559722714 ± 1.0663819127163015e-5
t02: 3624.409170682126 ± 9.130448652920514e-5
ecos2: -0.0671699274912572 ± 0.006091965014987427
esin2: -0.020883490030553276 ± 0.0031831862620810064
mu_3: 0.0008365070118516397 ± 8.388112321764406e-5
P_3: 4669.288901399575 ± 54.66946981919434
t03: 1067.3427463661892 ± 67.40397176718955
ecos3: 0.013501620459613162 ± 0.011048758390705462
esin3: 0.09460322076372137 ± 0.010573232457905101
Retrieved Earth masses:
[1.1578102591124195, 0.8116961467323043, 278.48842121321064]
 ± [0.03017094891121256, 0.01587549164149417, 27.925553813068962]
Retrieved eccentricity:
[0.10771841268683385, 0.07034144805899982, 0.0955618288539145]
 ± [0.008838354078418816, 0.006873478924309873, 0.01529275340104202]
