Global Fit Results.
chi^2: 998.412029140291
per 3 range=[4090.7999999999997 - 4383.0, length=200]
mu_1: 3.7346859942821494e-6 ± 7.909572989105818e-8
P_1: 224.70078104916982 ± 1.7764251833299647e-6
t01: 3503.7694854979413 ± 3.791756265115051e-5
ecos1: -0.07196882859635127 ± 0.006648528881199562
esin1: -0.05696725219451604 ± 0.0031920996407673223
mu_2: 2.6528091124337756e-6 ± 4.487358755340815e-8
P_2: 365.2564724324177 ± 3.7621937493916336e-6
t02: 3624.4085061646906 ± 5.033642821310669e-5
ecos2: -0.04209022002090319 ± 0.005281251450715077
esin2: -0.04363961617315832 ± 0.0024640732195155154
mu_3: 0.0004517613909504342 ± 3.2896724605119096e-5
P_3: 4207.308262059738 ± 18.10286945594442
t03: 1353.7593427775344 ± 54.98598316092269
ecos3: -0.08184327223229426 ± 0.015642520229849632
esin3: 0.07856466176211975 ± 0.011838040462136849
Retrieved Earth masses:
[1.2433449947687811, 0.8831684744236524, 150.3995958771279]
 ± [0.026332409208751534, 0.014939234668528761, 10.951918834590986]
Retrieved eccentricity:
[0.09178660094003144, 0.06063004800549494, 0.11344922779589868]
 ± [0.0073751228058068, 0.00582780179113992, 0.019617024267825234]
