Global Fit Results.
chi^2: 4.757260821626858
per 3 range=[4017.75 - 4748.25, length=100]
mu_1: 3.6727751898316296e-6 ± 7.051867503905832e-7
P_1: 224.70078203317155 ± 2.5085520297401976e-5
t01: 3503.768781134709 ± 0.00040281748886306345
ecos1: -0.09106851449616506 ± 0.054662734273338676
esin1: -0.028511325391955278 ± 0.029698276727500174
mu_2: 2.5785903457230974e-6 ± 3.9249402456119075e-7
P_2: 365.25640362857547 ± 6.0877147868941226e-5
t02: 3624.407904994987 ± 0.000610281574071333
ecos2: -0.057348169865534426 ± 0.04210240640163492
esin2: -0.02130778864499478 ± 0.023392754332354486
mu_3: 0.0008518269566722536 ± 0.0006652201950751176
P_3: 4554.945513899259 ± 337.13288006563005
t03: 1137.2472031010773 ± 506.77573002648455
ecos3: 0.014373013079360264 ± 0.08298995565332794
esin3: 0.08798070477336013 ± 0.08086755919744056
Retrieved Earth masses:
[1.2227337602624493, 0.8584596950914906, 283.588709896652]
 ± [0.23476951417542746, 0.13066841005159577, 221.46391992045844]
Retrieved eccentricity:
[0.12879032830564743, 0.08110255960111482, 0.02032651002899717]
 ± [0.07730478016575217, 0.059541794141735924, 0.11736552082567808]
