Global Fit Results.
chi^2: 10.37767131857388
per 3 range=[4017.75 - 4748.25, length=100]
mu_1: 3.469308605188947e-6 ± 7.648446458845795e-7
P_1: 224.700788278832 ± 1.7281889288897827e-5
t01: 3503.7686529611346 ± 0.0003499863115040884
ecos1: -0.09909241921949354 ± 0.07331888603894246
esin1: -0.05230865244040279 ± 0.031411450114010905
mu_2: 2.594549605263746e-6 ± 4.2711962203547494e-7
P_2: 365.25647262724493 ± 3.651546348784563e-5
t02: 3624.407329905486 ± 0.00046152707935688303
ecos2: -0.06421634920078025 ± 0.05773164898250695
esin2: -0.038947061935096 ± 0.024276122425069855
mu_3: 0.0004499061926451423 ± 0.0003318089100561044
P_3: 4218.979302218648 ± 148.13204390591596
t03: 1542.9471861387547 ± 431.65878486122597
ecos3: -0.0670033475760429 ± 0.14027024470234803
esin3: 0.1270693464098128 ± 0.1317392859097484
Retrieved Earth masses:
[1.154996028092866, 0.8637728232903433, 149.7819665688756]
 ± [0.254630714253416, 0.14219590215573577, 110.46523005403017]
Retrieved eccentricity:
[0.1401378431885681, 0.09081563196583009, 0.09475704286643831]
 ± [0.1036885630143598, 0.08164488096922422, 0.19837208245545337]
