Global Fit Results.
chi^2: 30.224035542018715
per 3 range=[4017.75 - 4748.25, length=100]
mu_1: 3.7448993867988372e-6 ± 4.6629570934240956e-7
P_1: 224.70077760892474 ± 9.367393339840286e-6
t01: 3503.768779458352 ± 0.00021748472450143331
ecos1: -0.0836487643828052 ± 0.04057401268796647
esin1: -0.0579434963306337 ± 0.018708419730537856
mu_2: 2.6032644026402235e-6 ± 2.5622192215156626e-7
P_2: 365.2564660340157 ± 1.9399292100538437e-5
t02: 3624.4074023825697 ± 0.00028670172087269806
ecos2: -0.05075653655506854 ± 0.03203741233797606
esin2: -0.04451674522868426 ± 0.014451706874310553
mu_3: 0.0004406599806343088 ± 0.0001874976210863555
P_3: 4227.067809789774 ± 98.3423185101993
t03: 1424.138708314632 ± 291.050684181709
ecos3: -0.07778336817364398 ± 0.08763309427057879
esin3: 0.10398909588794829 ± 0.0727133465381819
Retrieved Earth masses:
[1.2467452191744406, 0.8666741380769296, 146.70373417079935]
 ± [0.15523833521229707, 0.08530094496429533, 62.42137332715245]
Retrieved eccentricity:
[0.11829721706591462, 0.0717805823752637, 0.11000229419822707]
 ± [0.057380319023220216, 0.045307743031704865, 0.12393191043017249]
