Global Fit Results.
chi^2: 1394.6539269220918
per 3 range=[4090.7999999999997 - 4346.475, length=200]
mu_1: 3.531824221774682e-6 ± 6.84271840046436e-8
P_1: 224.700774968347 ± 1.1993080616220337e-6
t01: 3503.769535147141 ± 3.321951929147192e-5
ecos1: -0.09142184745608103 ± 0.006566807603933111
esin1: -0.06612029828412849 ± 0.003010843530726146
mu_2: 2.5370097218599117e-6 ± 3.943119923888573e-8
P_2: 365.2564592725148 ± 2.614111535415406e-6
t02: 3624.4086563369856 ± 4.4645174923218255e-5
ecos2: -0.05700889684899478 ± 0.00518096748063713
esin2: -0.051069792423692695 ± 0.0023291537490695525
mu_3: 0.0004160566094744475 ± 2.5796202027098675e-5
P_3: 4247.417145797238 ± 13.147268555231362
t03: 1464.275805395441 ± 42.81726860599432
ecos3: -0.07596847170204213 ± 0.012066022942637965
esin3: 0.12850219674169605 ± 0.012449413505263776
Retrieved Earth masses:
[1.1758086155756586, 0.8446167480167412, 138.5128237614941]
 ± [0.022780655955695443, 0.013127364465569382, 8.588025532412221]
Retrieved eccentricity:
[0.11282662822873453, 0.07653847410380211, 0.14927834156429237]
 ± [0.007224135994953944, 0.005680438470947837, 0.017337151042697584]
