Global Fit Results.
chi^2: 16.35245858141221
per 3 range=[4017.75 - 4748.25, length=100]
mu_1: 3.6267740866551956e-6 ± 6.407741208699616e-7
P_1: 224.70077536198932 ± 1.1679678877197843e-5
t01: 3503.768810287305 ± 0.00030591290779290805
ecos1: -0.08574057326841149 ± 0.057843066485649255
esin1: -0.0656449229956395 ± 0.02685117361178647
mu_2: 2.5836356523613166e-6 ± 3.6332378297470486e-7
P_2: 365.256455537453 ± 2.489783806082191e-5
t02: 3624.4074976204756 ± 0.0004076029502995387
ecos2: -0.05242628631913586 ± 0.045731411595742864
esin2: -0.05061743162689677 ± 0.02075893514428168
mu_3: 0.00040728412412536623 ± 0.00022835016810324413
P_3: 4227.7461250707065 ± 130.88712202436673
t03: 1455.118231567449 ± 409.8265075626135
ecos3: -0.08420202757713484 ± 0.11606718769969915
esin3: 0.11994649832439647 ± 0.11120731941319895
Retrieved Earth masses:
[1.207419155105328, 0.8601393695715692, 135.59230359804215]
 ± [0.21332537653253725, 0.12095710529176291, 76.02193035785616]
Retrieved eccentricity:
[0.12125548156183158, 0.07414196513737698, 0.11907964937889745]
 ± [0.08180244911325382, 0.06467398250516579, 0.1641437909914182]
