Global Fit Results.
chi^2: 198.28991614728486
per 3 range=[4017.75 - 4748.25, length=200]
mu_1: 3.2109050821179985e-6 ± 2.6260828912411847e-7
P_1: 224.7007846153558 ± 4.169856708378766e-6
t01: 3503.7693616783404 ± 0.00010437758560717443
ecos1: -0.1457613402802273 ± 0.03216491344856579
esin1: -0.05660580612517125 ± 0.009991323318593206
mu_2: 2.233013511980928e-6 ± 1.3755103856027756e-7
P_2: 365.2564662841544 ± 8.446679737942238e-6
t02: 3624.4086036386734 ± 0.00013495658978742486
ecos2: -0.09997598137104653 ± 0.02520219603742177
esin2: -0.041220907374737076 ± 0.007695140191345559
mu_3: 0.00032309349390664116 ± 7.816006342527046e-5
P_3: 4228.41991345568 ± 39.49155233506965
t03: 1804.3445986593497 ± 141.60557201126883
ecos3: -0.07375338054070812 ± 0.04487186355785077
esin3: 0.23577557641734684 ± 0.06813183253561932
Retrieved Earth masses:
[1.068968788444667, 0.7434108724597615, 107.56370926664601]
 ± [0.0874270828570757, 0.04579324622766349, 26.02090879913443]
Retrieved eccentricity:
[0.1563668302657846, 0.10814046447052322, 0.2470418660391689]
