Global Fit Results.
chi^2: 3.1230678842655393
per 3 range=[4017.75 - 4748.25, length=100]
mu_1: 3.4801166013989863e-6 ± 8.793921814495046e-7
P_1: 224.7007886778993 ± 2.9443968686665328e-5
t01: 3503.7687324116996 ± 0.0004538145836865611
ecos1: -0.10668489310751562 ± 0.07945596202601998
esin1: -0.026571320948655847 ± 0.035340244340408264
mu_2: 2.5009827490697005e-6 ± 4.7075852580830317e-7
P_2: 365.2564091736884 ± 6.607675964476118e-5
t02: 3624.4079094047283 ± 0.0006404127051299707
ecos2: -0.06950978589657267 ± 0.0612924623760345
esin2: -0.01890082601497365 ± 0.027833323749112165
mu_3: 0.0008014799355711466 ± 0.0007386816756498271
P_3: 4646.415954683732 ± 376.979953916602
t03: 1105.0100823328569 ± 541.5920364060984
ecos3: 0.006862177494057209 ± 0.10295471878237616
esin3: 0.09793600792426196 ± 0.10435432318206342
Retrieved Earth masses:
[1.1585942068987432, 0.8326227125438901, 266.8272695015508]
 ± [0.29276567532532366, 0.15672408810395538, 245.9205849039962]
Retrieved eccentricity:
[0.15087522273297252, 0.09830168193258315, 0.009704584479507124]
 ± [0.11236769910859909, 0.08668063156343064, 0.1455999596123444]
