Global Fit Results.
chi^2: 37.150782796881295
per 3 range=[4017.75 - 4748.25, length=100]
mu_1: 3.6438882996665637e-6 ± 4.079565250425653e-7
P_1: 224.7007741735575 ± 7.381028315453806e-6
t01: 3503.7688269804958 ± 0.00020078681689218166
ecos1: -0.08444030847364756 ± 0.03747078923192801
esin1: -0.06484807886540345 ± 0.01771414906590947
mu_2: 2.5839483715276424e-6 ± 2.388247712801473e-7
P_2: 365.25645667462146 ± 1.620757266425937e-5
t02: 3624.407483278102 ± 0.0002700998942768589
ecos2: -0.05155256865074883 ± 0.02966745853987818
esin2: -0.05009557244633238 ± 0.013708912306289503
mu_3: 0.00040372892588510893 ± 0.00015017199733000135
P_3: 4220.197468522934 ± 83.0940046276781
t03: 1462.2034407559333 ± 267.48705172125017
ecos3: -0.08646598102102344 ± 0.07803471268501454
esin3: 0.12030136597607446 ± 0.07372422755274234
Retrieved Earth masses:
[1.2131167883520506, 0.8602434794782161, 134.40871334595607]
 ± [0.13581615811115447, 0.07950911655025118, 49.99499329275657]
Retrieved eccentricity:
[0.11941662945440015, 0.07290634176105905, 0.12228136304382599]
 ± [0.05299169832461632, 0.041956122228237226, 0.11035774901503535]
