Global Fit Results.
chi^2: 23.349760475267686
per 3 range=[4017.75 - 4748.25, length=100]
mu_1: 3.4693079556336934e-6 ± 5.098869657609753e-7
P_1: 224.70078827877452 ± 1.152130237527658e-5
t01: 3503.7686529624766 ± 0.00023332452667770078
ecos1: -0.09909263637760893 ± 0.04887882690092734
esin1: -0.05230825698533077 ± 0.02094076886250979
mu_2: 2.594548108334094e-6 ± 2.8474602259715185e-7
P_2: 365.25647262704945 ± 2.4343658066471707e-5
t02: 3624.4073299083807 ± 0.0003076850373404957
ecos2: -0.0642165234356612 ± 0.03848741014243334
esin2: -0.038946750063300825 ± 0.016183951120458017
mu_3: 0.00044990996349560396 ± 0.00022120536764823047
P_3: 4218.980481398216 ± 98.75314782167177
t03: 1542.9463764594402 ± 287.76649231490705
ecos3: -0.06700117410006366 ± 0.09351154096234239
esin3: 0.12706871349370083 ± 0.08782529286989638
Retrieved Earth masses:
[1.1549958118440904, 0.8637723249351955, 149.78322195368025]
 ± [0.16975065848838652, 0.09479713756886733, 73.6432961439052]
Retrieved eccentricity:
[0.14013815029652008, 0.09081587837116177, 0.09475396910723098]
 ± [0.06912509991617832, 0.05442941740404505, 0.13224528946735184]
