Global Fit Results.
chi^2: 19.293927441131316
per 3 range=[4017.75 - 4748.25, length=100]
mu_1: 3.576719695071381e-6 ± 5.62956156473397e-7
P_1: 224.70077393881286 ± 1.1101192155833736e-5
t01: 3503.7688440662905 ± 0.00027811409235492524
ecos1: -0.08937266204120492 ± 0.05180366261203381
esin1: -0.06141042063175096 ± 0.02457264573284902
mu_2: 2.5598575046104662e-6 ± 3.212083273117959e-7
P_2: 365.25646034249024 ± 2.2551092415537575e-5
t02: 3624.407482570271 ± 0.0003616408048205717
ecos2: -0.055800898960795146 ± 0.040893680959745604
esin2: -0.04781365165915759 ± 0.018903066692656394
mu_3: 0.00047648821239578955 ± 0.0002493192282756666
P_3: 4281.262891269501 ± 119.0647075023374
t03: 1392.0308259057974 ± 348.40524100073645
ecos3: -0.04831133960691007 ± 0.0868123204687879
esin3: 0.10615037122778143 ± 0.08819710511334884
Retrieved Earth masses:
[1.1907551364067777, 0.852223191066561, 158.63160513511997]
 ± [0.18741835873138976, 0.10693610296892923, 83.00291244050062]
Retrieved eccentricity:
[0.1263920307640591, 0.07891438810296723, 0.06832255168850469]
 ± [0.07326144224653824, 0.057832398228630635, 0.12277116098803928]
