Global Fit Results.
chi^2: 1447.4073995438875
per 3 range=[4090.7999999999997 - 4346.475, length=200]
mu_1: 3.636660490711184e-6 ± 7.164817338369888e-8
P_1: 224.7007735495282 ± 1.2971139774898648e-6
t01: 3503.7695846274123 ± 3.397391865226803e-5
ecos1: -0.08481295852015285 ± 0.006467218740454029
esin1: -0.0665369095968571 ± 0.0029749840649031275
mu_2: 2.6086145765369217e-6 ± 4.078838200727208e-8
P_2: 365.25645631238933 ± 2.7664452095714824e-6
t02: 3624.408641129015 ± 4.532374245513527e-5
ecos2: -0.051451543581035805 ± 0.005111719918657661
esin2: -0.0511771289263706 ± 0.0022987770894613564
mu_3: 0.0004030092631435205 ± 2.5076501862919164e-5
P_3: 4241.824420300204 ± 14.713689058682755
t03: 1410.971737020308 ± 46.80964642662061
ecos3: -0.09544927976790815 ± 0.013526236699021726
esin3: 0.11624022062864577 ± 0.012543931629939876
Retrieved Earth masses:
[1.2107105190963288, 0.8684553084205104, 134.16912451063084]
 ± [0.023852981990275916, 0.013579195330237282, 8.348424238424757]
Retrieved eccentricity:
[0.10779795114769808, 0.07256968969216822, 0.15040729337372122]
 ± [0.007118669006444065, 0.00560482440704737, 0.0184474740811464]
