Global Fit Results.
chi^2: 352.7502945887291
per 3 range=[4017.75 - 4675.2, length=200]
mu_1: 3.456580519729821e-6 ± 9.573535899328242e-8
P_1: 224.7007984638612 ± 3.4183606349029315e-6
t01: 3503.7693652268276 ± 4.8662330856857586e-5
ecos1: -0.10823150334215463 ± 0.008876299042707503
esin1: -0.029466546580443682 ± 0.0037717507877909223
mu_2: 2.4802426032607795e-6 ± 5.033139378345916e-8
P_2: 365.25642026408764 ± 7.5653210258488724e-6
t02: 3624.4089508370316 ± 7.028645503172027e-5
ecos2: -0.07135694383093001 ± 0.006891867838743159
esin2: -0.0211514251880916 ± 0.002959721381613315
mu_3: 0.0007042709795981105 ± 7.160048973852261e-5
P_3: 4575.240911448261 ± 43.96244183941564
t03: 1187.3902103026076 ± 60.46201454085802
ecos3: -0.007220540601331301 ± 0.012711579692081703
esin3: 0.10496513550113673 ± 0.012451573245170988
Retrieved Earth masses:
[1.1507586166015593, 0.8257179402225284, 234.46463739785645]
 ± [0.03187204482757846, 0.016756237776404805, 23.837107236239557]
Retrieved eccentricity:
[0.11217101088552375, 0.0744257765856557, 0.10521319250620365]
