Global Fit Results.
chi^2: 3.46623093453641
per 3 range=[4017.75 - 4748.25, length=100]
mu_1: 3.6490164458257296e-6 ± 8.971841169075343e-7
P_1: 224.7007774841418 ± 2.915341334075628e-5
t01: 3503.768804913804 ± 0.0004910273032600336
ecos1: -0.09305375502275506 ± 0.07203177111741528
esin1: -0.02814793594084234 ± 0.03676197943555832
mu_2: 2.532465797932706e-6 ± 4.820201431706248e-7
P_2: 365.25641680389305 ± 7.314014494069577e-5
t02: 3624.4077855477926 ± 0.0007356717551537182
ecos2: -0.059307990865095375 ± 0.0556115495818932
esin2: -0.020549149591466268 ± 0.028845743615970757
mu_3: 0.0007840543887871141 ± 0.000791933811686117
P_3: 4469.122293457092 ± 370.4454187181009
t03: 1245.7580370626922 ± 573.0489530506735
ecos3: 0.007983164553691656 ± 0.11459325855943855
esin3: 0.09365089201353878 ± 0.10912703584299348
Retrieved Earth masses:
[1.2148240416175737, 0.8431039929738403, 261.0259875709663]
 ± [0.2986889347192483, 0.16047328565413263, 263.64919097766256]
Retrieved eccentricity:
[0.13159788238292372, 0.08387416503851751, 0.011289899582486896]
 ± [0.10186830763600328, 0.0786466076432972, 0.16205934041128475]
