Global Fit Results.
chi^2: 7.740874893734359
per 3 range=[4017.75 - 4748.25, length=100]
mu_1: 3.4759800810061074e-6 ± 8.844732543180622e-7
P_1: 224.7007914771059 ± 1.9996601772639175e-5
t01: 3503.768622699608 ± 0.0003952352151466499
ecos1: -0.10513656061126277 ± 0.08710240931123181
esin1: -0.04654406692221396 ± 0.03519778628428509
mu_2: 2.5194706739700124e-6 ± 4.876463465697817e-7
P_2: 365.25646333547866 ± 4.385401363192804e-5
t02: 3624.4074123007576 ± 0.000533213990894644
ecos2: -0.06911081206424616 ± 0.06849602475867299
esin2: -0.03457233003144949 ± 0.02728652141584557
mu_3: 0.0004593003869491001 ± 0.00040708531848728864
P_3: 4246.465792423348 ± 189.092578592442
t03: 1533.9570636876856 ± 479.49884018191506
ecos3: -0.0564753173769524 ± 0.15840445230013875
esin3: 0.12945098001571315 ± 0.15172565694930992
Retrieved Earth masses:
[1.1572170839132714, 0.838777679500592, 152.909464967829]
 ± [0.29445725703496367, 0.16234635124695695, 135.52611757988316]
Retrieved eccentricity:
[0.14868554991770874, 0.09773744772787503, 0.07986815977381101]
 ± [0.12318140856331658, 0.09686800718235865, 0.22401772478313822]
