Global Fit Results.
chi^2: 32.81049430381224
per 3 range=[4017.75 - 4748.25, length=100]
mu_1: 3.458771645583418e-6 ± 2.7116266811967585e-7
P_1: 224.7007944762627 ± 1.0248164282752565e-5
t01: 3503.76867504526 ± 0.00014555818633283206
ecos1: -0.10677224419401578 ± 0.024528806238623864
esin1: -0.026985078653648426 ± 0.011014480172676911
mu_2: 2.4691325261708066e-6 ± 1.453471025967743e-7
P_2: 365.25640750007744 ± 2.2504170049416012e-5
t02: 3624.4078910803973 ± 0.000207515456004563
ecos2: -0.0696949599138654 ± 0.018950018115786695
esin2: -0.019078763205867284 ± 0.008659540954246777
mu_3: 0.0007740115068308371 ± 0.00022237368799381653
P_3: 4595.71217404644 ± 122.54976904318717
t03: 1157.8514469739941 ± 167.73757143695244
ecos3: 0.0031572872417905103 ± 0.03362561358605868
esin3: 0.09961553550268464 ± 0.0330954452530697
Retrieved Earth masses:
[1.1514880823095595, 0.8220191931893208, 257.68252923671594]
 ± [0.09027499144263428, 0.04838869795065051, 74.03225126789555]
Retrieved eccentricity:
[0.15099875582418906, 0.09856355753923765, 0.004465078437647681]
 ± [0.034688970451483656, 0.026799372626561388, 0.04755379877652119]
