Global Fit Results.
chi^2: 5.1779499141264616
per 3 range=[4017.75 - 4748.25, length=100]
mu_1: 3.6490227805238663e-6 ± 7.340513950140965e-7
P_1: 224.700777484202 ± 2.3852760123334418e-5
t01: 3503.7688049131507 ± 0.0004017495876063912
ecos1: -0.093053084593791 ± 0.05893393393819388
esin1: -0.02814804329114793 ± 0.030078016972415585
mu_2: 2.5324687270111246e-6 ± 3.9437604205307514e-7
P_2: 365.25641680424263 ± 5.9842669343782915e-5
t02: 3624.4077855442893 ± 0.0006019221224780922
ecos2: -0.05930748212656767 ± 0.04549948309863833
esin2: -0.020549238928718527 ± 0.023601098476017063
mu_3: 0.0007840587166579921 ± 0.00064794505050629
P_3: 4469.119739082532 ± 303.09346317838003
t03: 1245.7587175257893 ± 468.8562738113814
ecos3: 0.007983745564196898 ± 0.09375802380766625
esin3: 0.09364997727391698 ± 0.08928440415843544
Retrieved Earth masses:
[1.21482615055397, 0.843104968117399, 261.0274283980137]
 ± [0.24437908013984075, 0.131294967955576, 215.7127096268907]
Retrieved eccentricity:
[0.13159693425319013, 0.08387344557359191, 0.01129072125542329]
 ± [0.08334516865939381, 0.06434598607905974, 0.13259386885010113]
