Global Fit Results.
chi^2: 248.67187538489088
per 3 range=[4017.75 - 4675.2, length=100]
mu_1: 3.625837910928116e-6 ± 8.841090126632257e-8
P_1: 224.7007529613451 ± 9.629252474558672e-6
t01: 3503.7698551458006 ± 0.00010810927554840425
ecos1: -0.0971219436464532 ± 0.00722171432299455
esin1: -0.032067119328971945 ± 0.00397113448423935
mu_2: 2.4840876411613094e-6 ± 5.0704000277060753e-8
P_2: 365.2562922072909 ± 3.5313505005332676e-5
t02: 3624.4098946566646 ± 0.00024242441937097274
ecos2: -0.06297542889624684 ± 0.005685066768952148
esin2: -0.023061571370697382 ± 0.003107125116377951
mu_3: 0.0010643503453893022 ± 0.00010145376138332198
P_3: 4948.691955843802 ± 83.1441609143134
t03: 772.6950509792085 ± 83.79402994590184
ecos3: 0.06233707464337055 ± 0.012422937562214641
esin3: 0.09115893985732643 ± 0.010577344299678684
Retrieved Earth masses:
[1.2071074851533508, 0.8269980233769461, 354.3416171121976]
 ± [0.029433599435341014, 0.016880285265148752, 33.77580514387144]
Retrieved eccentricity:
[0.10227889361800585, 0.06706519752264964, 0.11043488212971846]
 ± [0.008241545173986464, 0.0064787507018151825, 0.01631593056214167]
