Global Fit Results.
chi^2: 63.859451969814316
per 3 range=[4017.75 - 4748.25, length=200]
mu_1: 5.602928853635e-6 ± 4.21137385720324e-7
P_1: 224.7007860625997 ± 8.278389942413436e-6
t01: 3503.7694849854447 ± 0.00013139713651556613
ecos1: 0.031978947143656095 ± 0.015997329489419225
esin1: -0.008431923261382555 ± 0.0086061971660171
mu_2: 3.3127837499399335e-6 ± 1.6971518673385417e-7
P_2: 365.2563906323962 ± 2.403470249230163e-5
t02: 3624.4090724551334 ± 0.00024215743627515614
ecos2: 0.042622062690365344 ± 0.01252650644187875
esin2: -0.005623338867587317 ± 0.006798086124553566
mu_3: 0.0007127558613357761 ± 0.0001614725981011884
P_3: 4525.1731844853375 ± 130.81158735713268
t03: 4590.435849752883 ± 102.56629415814699
ecos3: -0.03356356032726778 ± 0.03778577744958726
esin3: -0.08544506336236174 ± 0.02559721348998073
Retrieved Earth masses:
[1.8653170726744541, 1.1028860526816198, 237.2894090803709]
 ± [0.14020430672004064, 0.056501277024320784, 53.757169129827524]
Retrieved eccentricity:
[0.03307189728912743, 0.04299141970208883, 0.09180071587324445]
