Global Fit Results.
chi^2: 99.84840942005505
per 3 range=[4017.75 - 4748.25, length=200]
mu_1: 3.393386288067084e-6 ± 2.577508941256907e-7
P_1: 224.7007805270415 ± 7.607611205099754e-6
t01: 3503.769482529901 ± 0.00013094908750259926
ecos1: -0.10380337844408281 ± 0.02482428449419074
esin1: -0.050393585045157334 ± 0.011235407447872726
mu_2: 2.5188839889765384e-6 ± 1.442235200312891e-7
P_2: 365.2564052509753 ± 1.8667101144949688e-5
t02: 3624.409125675241 ± 0.000195145241616243
ecos2: -0.06695186733782219 ± 0.01937757712185817
esin2: -0.038039540633118527 ± 0.008719142086560803
mu_3: 0.0006603778964674402 ± 0.00017485814358197813
P_3: 4590.60087462925 ± 96.73391854936254
t03: 1120.4092455547895 ± 169.74375919947593
ecos3: -0.0004540752223550064 ± 0.029447291281853277
esin3: 0.11516713739168935 ± 0.03772424886763584
Retrieved Earth masses:
[1.129720105798665, 0.8385823613798026, 219.85183051153646]
 ± [0.0858099675846923, 0.04801463684855403, 58.21346103797461]
Retrieved eccentricity:
[0.1153891450272034, 0.07700363102867304, 0.11516803254073506]
