Global Fit Results.
chi^2: 2.050655893988265
per 3 range=[4017.75 - 4748.25, length=100]
mu_1: 3.458771645583418e-6 ± 1.0846506724787034e-6
P_1: 224.7007944762627 ± 4.099265713101026e-5
t01: 3503.76867504526 ± 0.0005822327453313282
ecos1: -0.10677224419401578 ± 0.09811522495449546
esin1: -0.026985078653648426 ± 0.044057920690707644
mu_2: 2.4691325261708066e-6 ± 5.813884103870972e-7
P_2: 365.25640750007744 ± 9.001668019766405e-5
t02: 3624.4078910803973 ± 0.000830061824018252
ecos2: -0.0696949599138654 ± 0.07580007246314678
esin2: -0.019078763205867284 ± 0.03463816381698711
mu_3: 0.0007740115068308371 ± 0.0008894947519752661
P_3: 4595.71217404644 ± 490.1990761727487
t03: 1157.8514469739941 ± 670.9502857478097
ecos3: 0.0031572872417905103 ± 0.13450245434423472
esin3: 0.09961553550268464 ± 0.1323817810122788
Retrieved Earth masses:
[1.1514880823095595, 0.8220191931893208, 257.68252923671594]
 ± [0.3610999657705371, 0.19355479180260204, 296.1290050715822]
Retrieved eccentricity:
[0.15099875582418906, 0.09856355753923765, 0.004465078437647681]
 ± [0.13875588180593462, 0.10719749050624555, 0.19021519510608476]
