Global Fit Results.
chi^2: 10.247988525759071
per 3 range=[4017.75 - 4748.25, length=100]
mu_1: 3.709041838656494e-6 ± 5.053781602917529e-7
P_1: 224.70078087009136 ± 1.898517909708391e-5
t01: 3503.7688142167885 ± 0.0003426790156067314
ecos1: -0.07058913926642128 ± 0.03124685764773374
esin1: -0.03075849397754374 ± 0.021068293419532844
mu_2: 2.680862661791797e-6 ± 3.0705803225107275e-7
P_2: 365.2564063257343 ± 4.9086529624383104e-5
t02: 3624.4079452383876 ± 0.0005242536225737417
ecos2: -0.04182494875902282 ± 0.024073854650414554
esin2: -0.023204656139611004 ± 0.01668595080551786
mu_3: 0.001036484413239846 ± 0.0006031382590795613
P_3: 4684.582554398238 ± 317.6058674893959
t03: 924.9965743597412 ± 462.47399643267727
ecos3: 0.035575865307889976 ± 0.04963471555369051
esin3: 0.06706784261451017 ± 0.0480164158775745
Retrieved Earth masses:
[1.2348075882529332, 0.8925080120000906, 345.06454072193674]
 ± [0.1682495950198308, 0.1022252119957155, 200.79571260562437]
Retrieved eccentricity:
[0.09982811810681617, 0.05914940978056982, 0.05031187121157649]
 ± [0.04418972986696652, 0.034045571745214866, 0.07019408790055993]
