Global Fit Results.
chi^2: 137.20126179920817
per 3 range=[4017.75 - 4748.25, length=100]
mu_1: 3.576753379183541e-6 ± 2.1110731708002595e-7
P_1: 224.70077393874288 ± 4.162937128854907e-6
t01: 3503.768844068175 ± 0.00010429267489762444
ecos1: -0.0893689372290159 ± 0.01942583273297951
esin1: -0.06141097598216666 ± 0.009214695543780904
mu_2: 2.5598747714086162e-6 ± 1.2045210558306266e-7
P_2: 365.2564603422546 ± 8.456686344445585e-6
t02: 3624.4074825750404 ± 0.00013561519292246382
ecos2: -0.05579793809866513 ± 0.015334718411009463
esin2: -0.047814169228538705 ± 0.0070886026076278
mu_3: 0.00047649492943951797 ± 9.349462160576518e-5
P_3: 4281.269061549217 ± 44.64889374397399
t03: 1391.9990132118526 ± 130.65134038946331
ecos3: -0.04831196086487616 ± 0.03255444067397284
esin3: 0.10614536045479486 ± 0.0330731045986756
Retrieved Earth masses:
[1.1907663504612715, 0.8522289394981797, 158.63384136132805]
 ± [0.07028147117384842, 0.040100699982636163, 31.12606253626234]
Retrieved eccentricity:
[0.1263867630841441, 0.07891020081158666, 0.06832343027994606]
 ± [0.02747227611137083, 0.02168656675202198, 0.04603893151660271]
