Global Fit Results.
chi^2: 0.912321989010234
per 3 range=[4017.75 - 4748.25, length=100]
mu_1: 4.979110776762247e-6 ± 5.544416752290087e-7
P_1: 224.70086025082384 ± 4.295833759803886e-5
t01: 3503.7687385957097 ± 0.00039775425762973607
ecos1: -0.008203995903476176 ± 0.02129407335926315
esin1: 4.6571641801585346e-5 ± 0.018538568045748893
mu_2: 2.925406827196709e-6 ± 3.686939170010492e-7
P_2: 365.2566404857943 ± 0.0001646687792003208
t02: 3624.4079356645943 ± 0.0010581861726982648
ecos2: 0.009220452558847765 ± 0.017650476385863485
esin2: 0.0017100910359703566 ± 0.014126679211012152
mu_3: 0.0012610139210674247 ± 0.0010837915143936405
P_3: 4607.14878744307 ± 783.1220257485797
t03: 4469.294281555662 ± 256.5360621926738
ecos3: 0.021975538960833638 ± 0.06501340939717414
esin3: -0.10094035222119326 ± 0.0903808506263545
Retrieved Earth masses:
[1.6576366720427786, 0.973921219033189, 419.8145036807308]
 ± [0.18458373283393256, 0.12274492072607658, 360.8139363944627]
Retrieved eccentricity:
[0.008204128089082592, 0.009377694638943437, 0.10330478700988484]
 ± [0.028233243976145257, 0.02260757355796432, 0.11133481738157194]
