Global Fit Results.
chi^2: 86.0097210637311
per 3 range=[4017.75 - 4748.25, length=100]
mu_1: 3.475944768292078e-6 ± 2.653436381863323e-7
P_1: 224.70079147732505 ± 5.998984561734737e-6
t01: 3503.7686226943288 ± 0.0001185705804962412
ecos1: -0.10514018781393995 ± 0.026131585364863714
esin1: -0.046544916157979094 ± 0.010559361783080267
mu_2: 2.5194540842500023e-6 ± 1.462954096760211e-7
P_2: 365.2564633358755 ± 1.3156198217356099e-5
t02: 3624.407412292584 ± 0.00015996389154832797
ecos2: -0.06911364956748306 ± 0.020549509708264815
esin2: -0.03457290547599335 ± 0.008185979257139953
mu_3: 0.00045928067160159954 ± 0.00012211892354519285
P_3: 4246.455173589244 ± 56.72644634699461
t03: 1533.9867697411669 ± 143.84801665770667
ecos3: -0.05648216626872761 ± 0.047522577811671594
esin3: 0.12945744802506443 ± 0.045519548771158734
Retrieved Earth masses:
[1.1572053276675505, 0.8387721564806191, 152.9029013695312]
 ± [0.08833773038424558, 0.04870440665073681, 40.65561404330369]
Retrieved eccentricity:
[0.1486906795569283, 0.09774146056343594, 0.07987784556944674]
 ± [0.03695564242930055, 0.029061395329545686, 0.06720707406019669]
