Global Fit Results.
chi^2: 198.28991614355724
per 3 range=[4090.7999999999997 - 4346.475, length=200]
mu_1: 3.210935539875672e-6 ± 2.6261200647457844e-7
P_1: 224.70078461539882 ± 4.169863542869017e-6
t01: 3503.7693616774995 ± 0.00010437775546385753
ecos1: -0.1457569932821863 ± 0.032164997647131245
esin1: -0.056605698670192016 ± 0.009991225697179083
mu_2: 2.2330307951576308e-6 ± 1.3755301722616886e-7
P_2: 365.2564662844082 ± 8.446698178068688e-6
t02: 3624.4086036348112 ± 0.00013495677021341498
ecos2: -0.0999725782914366 ± 0.025202265312789365
esin2: -0.04122088750279586 ± 0.007695071985417949
mu_3: 0.0003231031555754596 ± 7.816335213420414e-5
P_3: 4228.417462389353 ± 39.491260055800716
t03: 1804.3343922704382 ± 141.60552925970347
ecos3: -0.07374807510226358 ± 0.04487142258755578
esin3: 0.23576672932969842 ± 0.0681305673311569
Retrieved Earth masses:
[1.0689789283869842, 0.7434166263440987, 107.56692581218292]
 ± [0.08742832043075532, 0.04579390496158008, 26.022003670242256]
Retrieved eccentricity:
[0.1563627392079196, 0.10813731075237433, 0.24703183851502297]
 ± [0.033681028258827406, 0.026350869241013476, 0.08157952420734209]
