Global Fit Results.
chi^2: 2.9529444872967368
per 3 range=[4017.75 - 4748.25, length=100]
mu_1: 3.458770397699832e-6 ± 9.038911713236164e-7
P_1: 224.70079447627447 ± 3.4160798771074456e-5
t01: 3503.76867504501 ± 0.0004851987214186357
ecos1: -0.10677237327364285 ± 0.08176435914952845
esin1: -0.026985048736221092 ± 0.03671492899850617
mu_2: 2.4691320541435694e-6 ± 4.844977203729295e-7
P_2: 365.2564075000899 ± 7.501457818696078e-5
t02: 3624.4078910801422 ± 0.0006917235481166147
ecos2: -0.06969505852480426 ± 0.06316801181951845
esin2: -0.019078737184698904 ± 0.028865169316933892
mu_3: 0.0007740104145508964 ± 0.0007412597766934436
P_3: 4595.711455252907 ± 408.4944522504163
t03: 1157.8528764695357 ± 559.1306419287064
ecos3: 0.0031572091757844922 ± 0.11208665628558158
esin3: 0.09961574477916357 ± 0.11032091385380209
Retrieved Earth masses:
[1.1514876668663836, 0.8220190360428555, 257.6821655968278]
 ± [0.3009218353032987, 0.16129811623382662, 246.77888170150376]
Retrieved eccentricity:
[0.1509989383703483, 0.09856369699616478, 0.0044649680356432095]
 ± [0.1156322656280078, 0.08933305902330696, 0.158514469480121]
