Global Fit Results.
chi^2: 147.17212726484493
per 3 range=[4017.75 - 4748.25, length=100]
mu_1: 3.626738620081672e-6 ± 2.1360005701837958e-7
P_1: 224.70077536205915 ± 3.893221192740215e-6
t01: 3503.768810285411 ± 0.00010197084649133052
ecos1: -0.08574421348272881 ± 0.01928220101132836
esin1: -0.06564481722292936 ± 0.00895048042238624
mu_2: 2.583619663580722e-6 ± 1.2111161939297117e-7
P_2: 365.2564555377695 ± 8.299274007559594e-6
t02: 3624.407497614989 ± 0.00013586723949994035
ecos2: -0.05242917707643032 ± 0.015244710868300874
esin2: -0.05061728964649038 ± 0.006919713647854006
mu_3: 0.0004072769742478891 ± 7.61190229220648e-5
P_3: 4227.740959378769 ± 43.6278936061128
t03: 1455.1505763979528 ± 136.61010790270595
ecos3: -0.08420225807793333 ± 0.038689886446865655
esin3: 0.1199530499904931 ± 0.03707220476104815
Retrieved Earth masses:
[1.2074073476369789, 0.8601340466152739, 135.58992327359505]
 ± [0.0711113497045622, 0.040320264142992904, 25.341409238082605]
Retrieved eccentricity:
[0.12126062960228909, 0.07414605328554834, 0.11907997535625281]
 ± [0.027269150182624775, 0.021559276864407617, 0.05471576213983241]
