Global Fit Results.
chi^2: 13.498741501212342
per 3 range=[4017.75 - 4748.25, length=100]
mu_1: 3.642583051572719e-6 ± 6.835374083689222e-7
P_1: 224.70077446091975 ± 1.2004542541219714e-5
t01: 3503.768822863885 ± 0.00033226029114909005
ecos1: -0.08203874666332074 ± 0.062297868636537135
esin1: -0.06537201419568922 ± 0.029346440406816512
mu_2: 2.5888212577375747e-6 ± 3.9428334921775775e-7
P_2: 365.2564586432213 ± 2.6236811884180793e-5
t02: 3624.407468794233 ± 0.00044740625488780077
ecos2: -0.049484912897670305 ± 0.04926728945602877
esin2: -0.05048202865874134 ± 0.02272051483449516
mu_3: 0.0003980737543607773 ± 0.0002463295066850982
P_3: 4225.766403887608 ± 139.95001097643893
t03: 1451.3887504217562 ± 455.84138807005576
ecos3: -0.08677042667397677 ± 0.13126559142560001
esin3: 0.12058995668371769 ± 0.12420664490412993
Retrieved Earth masses:
[1.2126822474865273, 0.8618657520570816, 132.52600373660692]
 ± [0.22756205387384362, 0.1312641088222997, 82.00757966524816]
Retrieved eccentricity:
[0.1160203081713587, 0.06998223495273664, 0.12271191421523812]
 ± [0.0881024907327283, 0.06967446893007687, 0.185637579667009]
