Global Fit Results.
chi^2: 9.999686721240579
per 3 range=[4017.75 - 4748.25, length=100]
mu_1: 3.829634741772113e-6 ± 7.66835475682019e-7
P_1: 224.70077941995763 ± 1.6234510111655808e-5
t01: 3503.7687468169684 ± 0.00036700903847138846
ecos1: -0.06711475240872358 ± 0.06349413426329745
esin1: -0.055798034384857025 ± 0.03055387845518391
mu_2: 2.678661154498377e-6 ± 4.3524157934886845e-7
P_2: 365.25647942347064 ± 3.4800358619289144e-5
t02: 3624.407267906393 ± 0.0004899417570507582
ecos2: -0.03814951345154426 ± 0.0503241084855134
esin2: -0.04226526763604429 ± 0.023632389772906357
mu_3: 0.000431040226618777 ± 0.0003172518540230125
P_3: 4211.024164439501 ± 172.45488329844397
t03: 1318.3443765885372 ± 566.362884920546
ecos3: -0.10961722806517833 ± 0.1789785970982471
esin3: 0.07563430708125231 ± 0.12815359333361484
Retrieved Earth masses:
[1.2749551622987831, 0.8917750901216751, 143.50114283529476]
 ± [0.2552934977559307, 0.14489984968674488, 105.6189209439674]
Retrieved eccentricity:
[0.09491459309172924, 0.05395155932110872, 0.15502217059951987]
 ± [0.08979426580629347, 0.071169036734548, 0.2531139593908509]
