Global Fit Results.
chi^2: 774.0874896104999
per 3 range=[4017.75 - 4748.25, length=100]
mu_1: 3.475981934628013e-6 ± 8.844774549883749e-8
P_1: 224.70079147711058 ± 1.9996615069099044e-6
t01: 3503.7686226989827 ± 3.9523455184487515e-5
ecos1: -0.10513613571347022 ± 0.008710135083314243
esin1: -0.046544312581168465 ± 0.003519766284507809
mu_2: 2.5194720932663907e-6 ± 4.876452228820841e-8
P_2: 365.2564633356363 ± 4.385391858407787e-6
t02: 3624.407412297685 ± 5.332118566095268e-5
ecos2: -0.06911047380192908 ± 0.006849533665956307
esin2: -0.034572520275647445 ± 0.002728643593284815
mu_3: 0.000459301398087078 ± 4.070849284648791e-5
P_3: 4246.460376475229 ± 18.908819494798482
t03: 1533.963131629005 ± 47.94977177840678
ecos3: -0.05647504240763077 ± 0.015840208290225987
esin3: 0.12944997429480218 ± 0.015172528771604894
Retrieved Earth masses:
[1.1572177010177676, 0.8387781520102088, 152.90980159407974]
 ± [0.0294458655514626, 0.016234597715085446, 13.552598773431878]
Retrieved eccentricity:
[0.1486849490214879, 0.09773696935271858, 0.07986777090846713]
 ± [0.012317991164924711, 0.009686703406326514, 0.022401437394852324]
