Global Fit Results.
chi^2: 30.393075289875995
per 3 range=[4017.75 - 4675.2, length=100]
mu_1: 3.4777585301951235e-6 ± 2.71875336249656e-7
P_1: 224.70078671300098 ± 1.4490894954780557e-5
t01: 3503.7694938465265 ± 0.0001791429721397851
ecos1: -0.10358027201447471 ± 0.023516505812786692
esin1: -0.02957118947117152 ± 0.012248178963753336
mu_2: 2.4381230556081966e-6 ± 1.4305640321286413e-7
P_2: 365.2563955965959 ± 3.1992236595628066e-5
t02: 3624.4091706882405 ± 0.0002739196582342203
ecos2: -0.06717017567995674 ± 0.018275808194596618
esin2: -0.02088354322203777 ± 0.009549601326859341
mu_3: 0.0008365057232735816 ± 0.0002516428795409454
P_3: 4669.29496281981 ± 164.01309560915388
t03: 1067.3371126089628 ± 202.2110949299319
ecos3: 0.013501528441310093 ± 0.033146943812103584
esin3: 0.09460365067972525 ± 0.031719405559686255
Retrieved Earth masses:
[1.157809162042731, 0.8116955756017967, 278.4879922221037]
 ± [0.09051225164434833, 0.047626082400677866, 83.7764982719991]
Retrieved eccentricity:
[0.10771874487447622, 0.07034170084937506, 0.09556224145646115]
 ± [0.02651497564718776, 0.020620379498632865, 0.045878541532426764]
