Global Fit Results.
chi^2: 73.11831546060827
per 3 range=[4017.75 - 4675.2, length=200]
mu_1: 3.908212080587636e-6 ± 1.91051909083828e-7
P_1: 224.7007918252204 ± 8.935296877818595e-6
t01: 3503.7695674560327 ± 0.00013384090642535156
ecos1: -0.07194923707605569 ± 0.010991422666607931
esin1: -0.03724188473457655 ± 0.00871726692538899
mu_2: 2.6990290104034514e-6 ± 1.232039935100496e-7
P_2: 365.25640940886524 ± 1.9464770760902695e-5
t02: 3624.4091997457795 ± 0.00018515450335220964
ecos2: -0.04083189453242028 ± 0.008706779327973995
esin2: -0.029898447329008763 ± 0.006734013306316313
mu_3: 0.0013363753433088346 ± 0.000247346887563658
P_3: 4866.646535431413 ± 149.06734503894572
t03: 556.7449053181888 ± 225.1753044141869
ecos3: 0.031147165467334974 ± 0.01502313819544901
esin3: 0.037441260921097765 ± 0.013524634395763839
Retrieved Earth masses:
[1.3011149896760001, 0.8985559203527891, 444.90369385253376]
 ± [0.06360466054283538, 0.04101685359914429, 82.34628429130439]
Retrieved eccentricity:
[0.08101636065888145, 0.050607912067108685, 0.04870312039296114]
