Global Fit Results.
chi^2: 419.41394317101197
per 3 range=[4017.75 - 4748.25, length=100]
mu_1: 3.649024310139974e-6 ± 8.15603493002897e-8
P_1: 224.70077748396545 ± 2.6502816369877435e-6
t01: 3503.768804916641 ± 4.463856885632924e-5
ecos1: -0.09305299201292261 ± 0.006548178197953255
esin1: -0.028148035043759363 ± 0.0033420054040618203
mu_2: 2.532468703589619e-6 ± 4.38192737330907e-8
P_2: 365.2564168031781 ± 6.649269976577545e-6
t02: 3624.4077855541527 ± 6.688103585410006e-5
ecos2: -0.059307396536895776 ± 0.0050554752988169055
esin2: -0.02054925428553204 ± 0.0026223443264162052
mu_3: 0.0007840610222511262 ± 7.199384367605496e-5
P_3: 4469.128705757167 ± 33.67819652779505
t03: 1245.7451302148324 ± 52.09665986149638
ecos3: 0.007983314839172483 ± 0.010417508617160495
esin3: 0.09364983603511712 ± 0.00992038858228591
Retrieved Earth masses:
[1.2148266597910342, 0.8431049603199533, 261.0281959719644]
 ± [0.027152925903105387, 0.0145882343934282, 23.968061926982564]
Retrieved eccentricity:
[0.13159680332407045, 0.08387332453151713, 0.01129011211825211]
 ± [0.009260522416381308, 0.007149521731829043, 0.01473258197252696]
