Global Fit Results.
chi^2: 6.907552098989741
per 3 range=[4017.75 - 4675.2, length=100]
mu_1: 3.625824919780045e-6 ± 5.304742438880297e-7
P_1: 224.7007529656766 ± 5.777453546936465e-5
t01: 3503.7698550977734 ± 0.0006486521893457138
ecos1: -0.09712241202508765 ± 0.04333082729191368
esin1: -0.03206672238551348 ± 0.023826707606617842
mu_2: 2.484088414722231e-6 ± 3.042251390420647e-7
P_2: 365.25629222320833 ± 0.00021187013935945463
t02: 3624.4098945455244 ± 0.0014544854153186349
ecos2: -0.06297573723993853 ± 0.03411073633052741
esin2: -0.02306121745365075 ± 0.018642687216446557
mu_3: 0.0010643210888870418 ± 0.0006087242283829222
P_3: 4948.644203091657 ± 498.8691618690296
t03: 772.7470621643546 ± 502.7765950684032
ecos3: 0.0623317068102511 ± 0.07453772075568398
esin3: 0.09115883028707394 ± 0.06346375096742651
Retrieved Earth masses:
[1.207103160163524, 0.8269982809094673, 354.3318770896882]
 ± [0.1766045383739714, 0.10128209024531204, 202.6553835350945]
Retrieved eccentricity:
[0.1022792139299109, 0.06706536536363868, 0.11043176179517672]
 ± [0.04944969756401865, 0.038872768356022984, 0.09789545189797047]
