Global Fit Results.
chi^2: 1324.5491454293945
per 3 range=[4017.75 - 4748.25, length=100]
mu_1: 3.626797866174856e-6 ± 7.11986643766915e-8
P_1: 224.70077536194873 ± 1.2977403308582812e-6
t01: 3503.768810288684 ± 3.399030975718502e-5
ecos1: -0.08573815480846081 ± 0.006427132632261665
esin1: -0.0656441297653309 ± 0.0029834489613885426
mu_2: 2.5836464418894108e-6 ± 4.037018502111177e-8
P_2: 365.256455537258 ± 2.766425536740487e-6
t02: 3624.407497623799 ± 4.5289176313028006e-5
ecos2: -0.05242436035277975 ± 0.005081370066164213
esin2: -0.05061685053065245 ± 0.002306535328417892
mu_3: 0.0004072972022991139 ± 2.5373809085229457e-5
P_3: 4227.747902034095 ± 14.54323434759364
t03: 1455.101031355185 ± 45.53832398558152
ecos3: -0.08419646624435251 ± 0.01289616745312557
esin3: 0.11994013846855785 ± 0.01235645759767832
Retrieved Earth masses:
[1.2074270717405666, 0.860142961602003, 135.59665756030157]
 ± [0.023703332254040584, 0.013439969936090123, 8.44740322818027]
Retrieved eccentricity:
[0.12125206134296927, 0.0741392414096355, 0.11907178446665181]
 ± [0.009089338135715138, 0.007186142463006101, 0.018237934914844676]
