Global Fit Results.
chi^2: 132.59324907738824
per 3 range=[4017.75 - 4748.25, length=100]
mu_1: 3.7622928956744734e-6 ± 2.1779788393178312e-7
P_1: 224.7007739835655 ± 4.31690854527227e-6
t01: 3503.76884373216 ± 0.00010575486429352402
ecos1: -0.07549091921132128 ± 0.017594962084756305
esin1: -0.05698761662700462 ± 0.00915159938263092
mu_2: 2.6246175837948656e-6 ± 1.19527483423258e-7
P_2: 365.256453915502 ± 9.09789161408886e-6
t02: 3624.4075391325196 ± 0.0001400500003762544
ecos2: -0.04475238345251904 ± 0.013943356574809313
esin2: -0.04439559387969268 ± 0.007033169267059935
mu_3: 0.000516819539914632 ± 0.00010252958355266896
P_3: 4276.591865691113 ± 46.20383903778568
t03: 1357.670995640861 ± 133.0414687667464
ecos3: -0.03327283886242542 ± 0.03169167200110232
esin3: 0.09579795355567154 ± 0.02970968199909523
Retrieved Earth masses:
[1.2525358351017497, 0.8737830010313153, 172.05863870091557]
 ± [0.07250888274741422, 0.03979287642365276, 34.13396594013832]
Retrieved eccentricity:
[0.10676028178466218, 0.06328942762707371, 0.047054899977896615]
 ± [0.024883034009702754, 0.019718883973099396, 0.04481879235823858]
