Global Fit Results.
chi^2: 8.097176118640355
per 3 range=[4017.75 - 4748.25, length=100]
mu_1: 3.709038217323665e-6 ± 5.685578437054106e-7
P_1: 224.70078087013863 ± 2.135829789892033e-5
t01: 3503.76881421597 ± 0.0003855128122612473
ecos1: -0.07058946543524802 ± 0.03515331361541957
esin1: -0.030758518241316982 ± 0.02370184532029614
mu_2: 2.6808612174972726e-6 ± 3.454400470147922e-7
P_2: 365.2564063257948 ± 5.52221048282506e-5
t02: 3624.407945238419 ± 0.0005897829629375106
ecos2: -0.04182519730656687 ± 0.027083595855371196
esin2: -0.02320467384488606 ± 0.01877170055600354
mu_3: 0.0010364764358661463 ± 0.0006785350691184847
P_3: 4684.582554398238 ± 357.30679303274104
t03: 924.9971923221326 ± 520.2871709426598
ecos3: 0.03557532060995761 ± 0.055839731713287884
esin3: 0.06706846066530349 ± 0.05401950327660147
Retrieved Earth masses:
[1.2348063826452718, 0.8925075311681355, 345.0618849089243]
 ± [0.18928326244561033, 0.11500328383861615, 225.8966840198079]
Retrieved eccentricity:
[0.09982857937919457, 0.05914976127987751, 0.050311100892373145]
 ± [0.04971429287728113, 0.03830198857649769, 0.07896930590820675]
