Global Fit Results.
chi^2: 8.80291580285001
per 3 range=[4017.75 - 4748.25, length=100]
mu_1: 3.1790046073766746e-6 ± 8.377393918411046e-7
P_1: 224.70078885615993 ± 2.033761027880576e-5
t01: 3503.768637563253 ± 0.0003459258577979132
ecos1: -0.13131737822839282 ± 0.09729280156898071
esin1: -0.041149205960415026 ± 0.03180394859471073
mu_2: 2.3516005391930973e-6 ± 4.474389400489758e-7
P_2: 365.2564698092727 ± 4.723373289149765e-5
t02: 3624.4073751477313 ± 0.0004968787108574101
ecos2: -0.08991825898104822 ± 0.07649715343461908
esin2: -0.03078556805139653 ± 0.024570475331916457
mu_3: 0.0003609571862469554 ± 0.0002957461530031421
P_3: 4216.754825946354 ± 268.14865050124587
t03: 1665.6411309699556 ± 451.0611081473593
ecos3: -0.09358847007482964 ± 0.1758225234917119
esin3: 0.1742484081326732 ± 0.17907112514907284
Retrieved Earth masses:
[1.0583485393364158, 0.7828906538803413, 120.1692221335567]
 ± [0.2788987029594941, 0.1489605732386276, 98.45928134829924]
Retrieved eccentricity:
[0.18571081726587052, 0.12716362135597475, 0.1323540836615726]
 ± [0.13759279950012687, 0.10818331187017388, 0.24865059729264108]
