Global Fit Results.
chi^2: 3.8533812662453335
per 3 range=[4017.75 - 4748.25, length=100]
mu_1: 3.6727583608678204e-6 ± 7.835594219062697e-7
P_1: 224.70078203335993 ± 2.787278075509067e-5
t01: 3503.768781130155 ± 0.00044757534662764984
ecos1: -0.09107010240570079 ± 0.06073830817719569
esin1: -0.028510866952548942 ± 0.03299848420531581
mu_2: 2.578584067251898e-6 ± 4.361091187932556e-7
P_2: 365.25640362994415 ± 6.76418357750267e-5
t02: 3624.407904981474 ± 0.000678094085475951
ecos2: -0.05734942382812228 ± 0.046781955969165644
esin2: -0.02130736485468724 ± 0.025992305736196826
mu_3: 0.0008518098031030843 ± 0.000739126678470524
P_3: 4554.932277452646 ± 374.599630785922
t03: 1137.2735343115132 ± 563.0963759623894
ecos3: 0.014372140184879112 ± 0.09221324738403558
esin3: 0.08798310195110932 ± 0.08985571675908484
Retrieved Earth masses:
[1.2227281575938578, 0.8584576048740659, 283.58299916102345]
 ± [0.2608612040805159, 0.14518866937000469, 246.0687344487286]
Retrieved eccentricity:
[0.1287925739488487, 0.08110433297201328, 0.0203252755697834]
 ± [0.08589693917978682, 0.06615967660593502, 0.13040922508096844]
