Global Fit Results.
chi^2: 33.14831226934706
per 3 range=[4017.75 - 4748.25, length=100]
mu_1: 3.7622928956744734e-6 ± 4.3559576786356624e-7
P_1: 224.7007739835655 ± 8.63381709054454e-6
t01: 3503.76884373216 ± 0.00021150972858704803
ecos1: -0.07549091921132128 ± 0.03518992416951261
esin1: -0.05698761662700462 ± 0.01830319876526184
mu_2: 2.6246175837948656e-6 ± 2.39054966846516e-7
P_2: 365.256453915502 ± 1.819578322817772e-5
t02: 3624.4075391325196 ± 0.0002801000007525088
ecos2: -0.04475238345251904 ± 0.027886713149618627
esin2: -0.04439559387969268 ± 0.01406633853411987
mu_3: 0.000516819539914632 ± 0.00020505916710533793
P_3: 4276.591865691113 ± 92.40767807557135
t03: 1357.670995640861 ± 266.0829375334928
ecos3: -0.03327283886242542 ± 0.06338334400220463
esin3: 0.09579795355567154 ± 0.05941936399819046
Retrieved Earth masses:
[1.2525358351017497, 0.8737830010313153, 172.05863870091557]
 ± [0.14501776549482845, 0.07958575284730551, 68.26793188027663]
Retrieved eccentricity:
[0.10676028178466218, 0.06328942762707371, 0.047054899977896615]
 ± [0.04976606801940551, 0.03943776794619879, 0.08963758471647716]
