Global Fit Results.
chi^2: 6.020908228399339
per 3 range=[4017.75 - 4748.25, length=100]
mu_1: 3.672756819560434e-6 ± 6.268437902090233e-7
P_1: 224.70078203334208 ± 2.2298097877048713e-5
t01: 3503.76878113042 ± 0.00035805964337670096
ecos1: -0.09107021834745647 ± 0.04859052487509399
esin1: -0.028511035945832482 ± 0.026398656651880927
mu_2: 2.5785836295048947e-6 ± 3.488883737636462e-7
P_2: 365.25640362970177 ± 5.4114372747023776e-5
t02: 3624.407904983891 ± 0.0005424833623359569
ecos2: -0.05734950863321319 ± 0.03742542829663243
esin2: -0.021307503710951442 ± 0.02079373642500999
mu_3: 0.0008518071529268891 ± 0.0005912965350865676
P_3: 4554.934911904406 ± 299.6797283451914
t03: 1137.269797227013 ± 450.4750132653769
ecos3: 0.014371592511015592 ± 0.07377047497476126
esin3: 0.08798341191302048 ± 0.0718842913552013
Retrieved Earth masses:
[1.2227276444645538, 0.8584574591401151, 283.58211686909516]
 ± [0.2086877157146615, 0.11615129462455075, 196.85338699145925]
Retrieved eccentricity:
[0.12879273791525203, 0.08110445290452299, 0.020324501041977854]
 ± [0.06871737928118517, 0.052927548274719384, 0.10432720621201239]
