Global Fit Results.
chi^2: 1337.4281813124674
per 3 range=[4017.75 - 4748.25, length=100]
mu_1: 3.6438668336707673e-6 ± 6.799406492976866e-8
P_1: 224.70077417374833 ± 1.2301774648224689e-6
t01: 3503.76882697546 ± 3.3464603276901054e-5
ecos1: -0.08444254387771521 ± 0.006245310907277169
esin1: -0.0648486229512119 ± 0.0029523887116016485
mu_2: 2.58393803458513e-6 ± 3.98037490180756e-8
P_2: 365.2564566755373 ± 2.7012647257691243e-6
t02: 3624.407483263598 ± 4.5016690525582675e-5
ecos2: -0.051554352615767254 ± 0.004944718395869358
esin2: -0.05009595332585264 ± 0.002284840600676563
mu_3: 0.0004037170355304296 ± 2.5028658467745324e-5
P_3: 4220.187072878101 ± 13.849022456363146
t03: 1462.2352132601923 ± 44.58211594679468
ecos3: -0.08647073553188647 ± 0.013006282352795325
esin3: 0.12030626823687425 ± 0.01228810202516478
Retrieved Earth masses:
[1.2131096419310472, 0.8602400381217663, 134.40475483030062]
 ± [0.022636462726409474, 0.013251393073052613, 8.332496300704365]
Retrieved eccentricity:
[0.11941979079315002, 0.0729088646685829, 0.12228808693757094]
 ± [0.008832203386307991, 0.006992887817554181, 0.018393660899376996]
