Global Fit Results.
chi^2: 1326.5420035247332
per 3 range=[4017.75 - 4748.25, length=200]
mu_1: 3.559473285468533e-6 ± 6.735208612169692e-8
P_1: 224.70077652505628 ± 1.3886648286447234e-6
t01: 3503.769545034443 ± 3.478110945268962e-5
ecos1: -0.08585690170189313 ± 0.006115799151801866
esin1: -0.060153982367023275 ± 0.003071735402039433
mu_2: 2.5587783295257153e-6 ± 3.934220260204887e-8
P_2: 365.25646140569 ± 2.818142704393476e-6
t02: 3624.40862419134 ± 4.516535333061203e-5
ecos2: -0.05325899642252956 ± 0.004838135113206996
esin2: -0.04673467877228188 ± 0.0023610702736951003
mu_3: 0.0005191869622757586 ± 3.320734340597551e-5
P_3: 4310.153196849263 ± 14.674584419160654
t03: 1329.975748378197 ± 41.93799985041995
ecos3: -0.027425151443938898 ± 0.009387592538392543
esin3: 0.09614982290815262 ± 0.009750324407755747
Retrieved Earth masses:
[1.1850134925067914, 0.8518639140236827, 172.84679672751193]
 ± [0.022422736287564096, 0.01309773586409344, 11.055329491314788]
Retrieved eccentricity:
[0.10483276760851393, 0.0708565515664105, 0.0999846357046526]
