Global Fit Results.
chi^2: 1326.542003580204
per 3 range=[4090.7999999999997 - 4346.475, length=200]
mu_1: 3.5594736030126517e-6 ± 6.735041627025395e-8
P_1: 224.70077652503872 ± 1.388663239787781e-6
t01: 3503.769545034814 ± 3.47810453427236e-5
ecos1: -0.08585690451994693 ± 0.006115640334115643
esin1: -0.06015376880201222 ± 0.003071718663856966
mu_2: 2.558778429847519e-6 ± 3.9342033585015306e-8
P_2: 365.2564614055733 ± 2.818143733806972e-6
t02: 3624.408624193235 ± 4.516528143251161e-5
ecos2: -0.05325899096529461 ± 0.004838010465355607
esin2: -0.046734511411324196 ± 0.0023610587090961708
mu_3: 0.000519186038837406 ± 3.32072810861945e-5
P_3: 4310.154916041457 ± 14.674880855310091
t03: 1329.9731208710737 ± 41.93793082174904
ecos3: -0.027425567515508092 ± 0.009387694458651513
esin3: 0.09615030411585641 ± 0.009750277939084898
Retrieved Earth masses:
[1.1850135982230128, 0.8518639474226385, 172.84648929806391]
 ± [0.022422180363602405, 0.013097679595244325, 11.055308743924535]
Retrieved eccentricity:
[0.10483264737109915, 0.07085643707876176, 0.09998521258225822]
 ± [0.0068437206434913255, 0.005383395163898824, 0.013535018549614255]
