Global Fit Results.
chi^2: 352.75029470872784
per 3 range=[4017.75 - 4748.25, length=200]
mu_1: 3.456578341682223e-6 ± 9.57356772141243e-8
P_1: 224.7007984636281 ± 3.4183348904090073e-6
t01: 3503.76936523097 ± 4.866196889001712e-5
ecos1: -0.10823181808970608 ± 0.00887639700183186
esin1: -0.02946728051068757 ± 0.0037717721915198413
mu_2: 2.4802412020604665e-6 ± 5.0331691851867746e-8
P_2: 365.25642026326665 ± 7.565239045233094e-6
t02: 3624.408950848055 ± 7.02859166396689e-5
ecos2: -0.07135717305597801 ± 0.00689195093013631
esin2: -0.02115201572918052 ± 0.002959736283455654
mu_3: 0.0007042707314868598 ± 7.160063737791716e-5
P_3: 4575.255977011401 ± 43.9625733217319
t03: 1187.3693078429221 ± 60.46378334140648
ecos3: -0.007221680079946088 ± 0.012711577169762506
esin3: 0.10496492655617921 ± 0.0124516950841889
Retrieved Earth masses:
[1.1507578914898406, 0.8257174737374214, 234.46455479710173]
 ± [0.03187215076909312, 0.016756337008807336, 23.837156388083258]
Retrieved eccentricity:
[0.11217150737909684, 0.07442616418940515, 0.1052130622599741]
