Global Fit Results.
chi^2: 1265.050037276152
per 3 range=[4090.7999999999997 - 4346.475, length=200]
mu_1: 3.733697892953557e-6 ± 7.16155237732012e-8
P_1: 224.7007757663745 ± 1.439366843915173e-6
t01: 3503.7695312437563 ± 3.5256804613690266e-5
ecos1: -0.07778469382942452 ± 0.005831247463413477
esin1: -0.0571643000736721 ± 0.0030470271022373743
mu_2: 2.626552106460019e-6 ± 3.958501813012959e-8
P_2: 365.25645223464454 ± 3.0300578564800216e-6
t02: 3624.408713044756 ± 4.661635941288294e-5
ecos2: -0.046459112878448575 ± 0.00461694479591828
esin2: -0.044578228193214116 ± 0.002341485907013216
mu_3: 0.0005410389635997361 ± 3.498833374595913e-5
P_3: 4283.5844346484 ± 14.81596937710002
t03: 1349.6514977639977 ± 42.57121114731328
ecos3: -0.029767470571075476 ± 0.010038139021829618
esin3: 0.09363104392412151 ± 0.009469645265517182
Retrieved Earth masses:
[1.2430160378382358, 0.874427038863858, 180.12172600227427]
 ± [0.02384211234022887, 0.013178573576274201, 11.648253616218579]
Retrieved eccentricity:
[0.09653090591644801, 0.0643868588944879, 0.0982490442219191]
 ± [0.006579348078748775, 0.005176749511160299, 0.013799942625834009]
