Global Fit Results.
chi^2: 15.024280688642772
per 3 range=[4017.75 - 4675.2, length=100]
mu_1: 4.822509724222955e-6 ± 2.515481070993473e-7
P_1: 224.700840920733 ± 1.4938309125166076e-5
t01: 3503.7688856130217 ± 0.00015965910453325817
ecos1: -0.010076910514791516 ± 0.009721078532794707
esin1: -0.005981904960370092 ± 0.009129650893263005
mu_2: 2.9060341358931887e-6 ± 1.6540469298559124e-7
P_2: 365.2565196283558 ± 3.948201643643457e-5
t02: 3624.4082697857016 ± 0.0002990645292540824
ecos2: 0.008957908034509538 ± 0.007860229060627687
esin2: -0.0024771216053448247 ± 0.0071989794350351185
mu_3: 0.0009370911639490021 ± 0.0002823562213221112
P_3: 4118.9370458338 ± 198.82877600459489
t03: 427.5149657743838 ± 270.8050077978675
ecos3: 0.04671690816318279 ± 0.02993817235727388
esin3: -0.11834493231204402 ± 0.03569186462499128
Retrieved Earth masses:
[1.6055013291656657, 0.9674716972248469, 311.9747175858607]
 ± [0.08374494679991192, 0.05506623513991867, 94.00152919419726]
Retrieved eccentricity:
[0.011718673665480071, 0.0092940974711048, 0.12723204200306437]
 ± [0.01333603739023028, 0.010658729088948389, 0.04658544155100971]
