Global Fit Results.
chi^2: 8.26420392414513
per 3 range=[4017.75 - 4748.25, length=100]
mu_1: 3.8294602532449925e-6 ± 8.434984504823976e-7
P_1: 224.7007794191464 ± 1.785795395548793e-5
t01: 3503.7687468332624 ± 0.0004037105388848314
ecos1: -0.06713258640566099 ± 0.06984692930073426
esin1: -0.0557984980601783 ± 0.0336110296976413
mu_2: 2.6785709429959446e-6 ± 4.787506664202689e-7
P_2: 365.2564794231453 ± 3.828041121297494e-5
t02: 3624.407267918202 ± 0.0005389368185446266
ecos2: -0.03816369326350997 ± 0.0553589405309915
esin2: -0.04226542525933341 ± 0.025997011595314635
mu_3: 0.00043104153703275465 ± 0.0003489775725088025
P_3: 4211.040614529675 ± 189.69220555033544
t03: 1318.4508814938827 ± 622.8994199324682
ecos3: -0.10960458309649962 ± 0.19685987408547226
esin3: 0.07566562893290328 ± 0.14096509433827167
Retrieved Earth masses:
[1.2748970718897978, 0.8917450570693136, 143.50157909597706]
 ± [0.2808159984823826, 0.15938481729044912, 116.18099051156764]
Retrieved eccentricity:
[0.09493981417206944, 0.05397161260350253, 0.15500428791331863]
 ± [0.09877847470721311, 0.07828936449753382, 0.27840190381873464]
