Global Fit Results.
chi^2: 312.3067883757365
per 3 range=[4017.75 - 4748.25, length=100]
mu_1: 3.480108962217504e-6 ± 8.794076840197187e-8
P_1: 224.70078867790494 ± 2.9443917770277143e-6
t01: 3503.768732411678 ± 4.538141437976142e-5
ecos1: -0.10668573391727663 ± 0.007945809794690478
esin1: -0.026571579856287643 ± 0.0035340316878072382
mu_2: 2.500979119057135e-6 ± 4.7076665133723925e-8
P_2: 365.25640917349824 ± 6.607675171375376e-6
t02: 3624.4079094075155 ± 6.404108059230406e-5
ecos2: -0.06951043095692847 ± 0.006129429420503062
esin2: -0.01890102440265288 ± 0.0027833349664964924
mu_3: 0.0008014727046504296 ± 7.386923477896066e-5
P_3: 4646.420055939355 ± 37.69696068454945
t03: 1105.0064078138387 ± 54.158089746179805
ecos3: 0.0068609314986814275 ± 0.010295751346301514
esin3: 0.09793695097926339 ± 0.010435762823814185
Retrieved Earth masses:
[1.15859166367608, 0.8326215040465864, 266.82486219633296]
 ± [0.029277083641332708, 0.015672679324054462, 24.59241378537217]
Retrieved eccentricity:
[0.1508764118175399, 0.09830259418568688, 0.00970282237594804]
 ± [0.011237071975688252, 0.00866832221608409, 0.014560391188760654]
