Global Fit Results.
chi^2: 3.6456104770749285
per 3 range=[4017.75 - 4748.25, length=100]
mu_1: 3.458763518937382e-6 ± 8.134975775771869e-7
P_1: 224.70079447643624 ± 3.074437992576151e-5
t01: 3503.768675042243 ± 0.0004366728995101996
ecos1: -0.10677305000878 ± 0.07358725080620936
esin1: -0.02698508099392424 ± 0.0330433715512641
mu_2: 2.4691293567255807e-6 ± 4.360428492679528e-7
P_2: 365.25640750055305 ± 6.751260157948784e-5
t02: 3624.407891074893 ± 0.0006225458125360438
ecos2: -0.06969559112445663 ± 0.056850716881919325
esin2: -0.01907874950178528 ± 0.02597860046864624
mu_3: 0.0007740028317997576 ± 0.0006671145387098565
P_3: 4595.705829136964 ± 367.6382730784789
t03: 1157.861686170513 ± 503.20316378685965
ecos3: 0.003156368148650431 ± 0.10087763502186003
esin3: 0.09961671710584992 ± 0.09928833480412953
Retrieved Earth masses:
[1.1514853768010676, 0.8220181380232737, 257.679641160854]
 ± [0.27082816142660415, 0.14516660703793255, 222.0945814219155]
Retrieved eccentricity:
[0.1509998954183574, 0.09856445020581647, 0.004463778643663897]
 ± [0.10406808810789174, 0.08039905484504338, 0.14266251958803758]
