Global Fit Results.
chi^2: 4.6560876971099106
per 3 range=[4017.75 - 4748.25, length=100]
mu_1: 3.1790009107496243e-6 ± 1.1518749720814115e-6
P_1: 224.70078885655514 ± 2.7964070284634743e-5
t01: 3503.768637557387 ± 0.0004756460821431171
ecos1: -0.13131808261477323 ± 0.13377711497441427
esin1: -0.04114933746088051 ± 0.04373040420815368
mu_2: 2.351597506406406e-6 ± 6.15216896532555e-7
P_2: 365.25646981064517 ± 6.494547011741313e-5
t02: 3624.407375134302 ± 0.0006832004946931882
ecos2: -0.08991883502415245 ± 0.10518325695844764
esin2: -0.030785653882268886 ± 0.033784348572231886
mu_3: 0.0003609526902562812 ± 0.0004066401568484678
P_3: 4216.741889832009 ± 368.697475851313
t03: 1665.659295737736 ± 620.1827903699528
ecos3: -0.09359060062323757 ± 0.2417580090302395
esin3: 0.17424966662824273 ± 0.24622124718251526
Retrieved Earth masses:
[1.0583473086619368, 0.7828896442104096, 120.16772533636684]
 ± [0.3834801595982995, 0.20481691102599997, 135.3779151617044]
Retrieved eccentricity:
[0.18571181341864285, 0.12716443600394525, 0.13235709671202642]
 ± [0.18918941033196154, 0.14875158852521086, 0.3418974551828819]
