Global Fit Results.
chi^2: 13.43290469031155
per 3 range=[4017.75 - 4748.25, length=100]
mu_1: 3.744906165625904e-6 ± 6.994609896271065e-7
P_1: 224.70077760900855 ± 1.4051128660722325e-5
t01: 3503.768779456523 ± 0.00032622795135422056
ecos1: -0.08364822595604705 ± 0.06086253162785733
esin1: -0.057943228170810816 ± 0.02806254633712381
mu_2: 2.6032664487588708e-6 ± 3.843449916593815e-7
P_2: 365.25646603419983 ± 2.9098647467364206e-5
t02: 3624.4074023791663 ± 0.0004300503714205556
ecos2: -0.05075610186308289 ± 0.04805729991948773
esin2: -0.04451653767652228 ± 0.021677475075628904
mu_3: 0.00044066053629505605 ± 0.0002812489397067257
P_3: 4227.06470306928 ± 147.51281382897915
t03: 1424.1380444351223 ± 436.5922763412972
ecos3: -0.07778382679521338 ± 0.13144947887085925
esin3: 0.10398765286485018 ± 0.10907255152314817
Retrieved Earth masses:
[1.2467474759694475, 0.8666748192670972, 146.70391916038346]
 ± [0.23286330412258455, 0.12795544856402144, 93.63289497531063]
Retrieved eccentricity:
[0.1182964556154909, 0.07177996762796214, 0.11000294278707053]
 ± [0.08607261766847729, 0.067963285317171, 0.18589763578604473]
