Global Fit Results.
chi^2: 10.880652802945326
per 3 range=[4017.75 - 4748.25, length=100]
mu_1: 3.744848465834247e-6 ± 7.771966847325418e-7
P_1: 224.70077760895018 ± 1.5612351494908218e-5
t01: 3503.7687794557073 ± 0.0003624753421326976
ecos1: -0.08365406020090302 ± 0.06762784132903059
esin1: -0.057943846088483124 ± 0.03118105192121453
mu_2: 2.6032400232577296e-6 ± 4.2704939497962524e-7
P_2: 365.256466034726 ± 3.2331887487899095e-5
t02: 3624.407402370862 ± 0.0004778330906325935
ecos2: -0.050760721299106235 ± 0.05339918315718625
esin2: -0.04451688461420172 ± 0.02408644405530705
mu_3: 0.00044063958481975214 ± 0.0003124865778829791
P_3: 4227.056668145716 ± 163.90083098364514
t03: 1424.1873867260267 ± 485.08827192168565
ecos3: -0.07778956374386527 ± 0.14606095522200463
esin3: 0.1039992635381249 ± 0.12119691424507315
Retrieved Earth masses:
[1.2467282666578037, 0.8666660217364273, 146.69694403262386]
 ± [0.2587429329781807, 0.1421725222896582, 104.03247371748766]
Retrieved eccentricity:
[0.11830470648369242, 0.07178650049703687, 0.11001105605766065]
 ± [0.09564021040153078, 0.07551784904053775, 0.20656138380812827]
