Global Fit Results.
chi^2: 13.134240270905705
per 3 range=[4017.75 - 4748.25, length=100]
mu_1: 3.469349721387537e-6 ± 6.798407374055991e-7
P_1: 224.70078827857262 ± 1.5361745015193598e-5
t01: 3503.7686529662374 ± 0.0003110996467045354
ecos1: -0.09908800814713034 ± 0.06516903933569537
esin1: -0.0523078641255394 ± 0.027921089860900698
mu_2: 2.594568849053222e-6 ± 3.796588547999955e-7
P_2: 365.2564726269341 ± 3.245822356307348e-5
t02: 3624.407329910398 ± 0.0004102474476549901
ecos2: -0.06421289517782147 ± 0.05131442119169038
esin2: -0.03894653969414801 ± 0.021578596402790196
mu_3: 0.0004499301583771047 ± 0.0002949555554659664
P_3: 4218.982169859957 ± 131.67477615410755
t03: 1542.9220552616982 ± 383.69414513527266
ecos3: -0.06699419785907611 ± 0.12467892342067384
esin3: 0.12705944568722774 ± 0.1170924862436455
Retrieved Earth masses:
[1.1550097164243078, 0.8637792298983854, 149.78994519758143]
 ± [0.22633136477532456, 0.1263953482455905, 98.19607702744634]
Retrieved eccentricity:
[0.14013160499020746, 0.09081074723971704, 0.09474410321261201]
 ± [0.09216293927536612, 0.0725695503946139, 0.17632262444359345]
