Global Fit Results.
chi^2: 3.756070172160693
per 3 range=[4017.75 - 4675.2, length=100]
mu_1: 4.822509724222955e-6 ± 5.030962141986946e-7
P_1: 224.700840920733 ± 2.987661825033215e-5
t01: 3503.7688856130217 ± 0.00031931820906651634
ecos1: -0.010076910514791516 ± 0.019442157065589414
esin1: -0.005981904960370092 ± 0.01825930178652601
mu_2: 2.9060341358931887e-6 ± 3.308093859711825e-7
P_2: 365.2565196283558 ± 7.896403287286914e-5
t02: 3624.4082697857016 ± 0.0005981290585081648
ecos2: 0.008957908034509538 ± 0.015720458121255373
esin2: -0.0024771216053448247 ± 0.014397958870070237
mu_3: 0.0009370911639490021 ± 0.0005647124426442224
P_3: 4118.9370458338 ± 397.65755200918977
t03: 427.5149657743838 ± 541.610015595735
ecos3: 0.04671690816318279 ± 0.05987634471454776
esin3: -0.11834493231204402 ± 0.07138372924998256
Retrieved Earth masses:
[1.6055013291656657, 0.9674716972248469, 311.9747175858607]
 ± [0.16748989359982383, 0.11013247027983734, 188.00305838839452]
Retrieved eccentricity:
[0.011718673665480071, 0.0092940974711048, 0.12723204200306437]
 ± [0.02667207478046056, 0.021317458177896778, 0.09317088310201942]
