Global Fit Results.
chi^2: 21.502430265932777
per 3 range=[4017.75 - 4748.25, length=100]
mu_1: 3.475944768292078e-6 ± 5.306872763726646e-7
P_1: 224.70079147732505 ± 1.1997969123469473e-5
t01: 3503.7686226943288 ± 0.0002371411609924824
ecos1: -0.10514018781393995 ± 0.05226317072972743
esin1: -0.046544916157979094 ± 0.021118723566160534
mu_2: 2.5194540842500023e-6 ± 2.925908193520422e-7
P_2: 365.2564633358755 ± 2.6312396434712197e-5
t02: 3624.407412292584 ± 0.00031992778309665595
ecos2: -0.06911364956748306 ± 0.04109901941652963
esin2: -0.03457290547599335 ± 0.016371958514279906
mu_3: 0.00045928067160159954 ± 0.0002442378470903857
P_3: 4246.455173589244 ± 113.45289269398921
t03: 1533.9867697411669 ± 287.69603331541333
ecos3: -0.05648216626872761 ± 0.09504515562334319
esin3: 0.12945744802506443 ± 0.09103909754231747
Retrieved Earth masses:
[1.1572053276675505, 0.8387721564806191, 152.9029013695312]
 ± [0.17667546076849117, 0.09740881330147362, 81.31122808660739]
Retrieved eccentricity:
[0.1486906795569283, 0.09774146056343594, 0.07987784556944674]
 ± [0.0739112848586011, 0.05812279065909137, 0.13441414812039337]
