Global Fit Results.
chi^2: 191.43913640048135
per 3 range=[4017.75 - 4748.25, length=200]
mu_1: 3.686121635584194e-6 ± 2.4185141947765847e-7
P_1: 224.70077027867208 ± 4.700037567121403e-6
t01: 3503.769724781606 ± 0.00010909754350141749
ecos1: -0.09736862218019181 ± 0.0223787875374974
esin1: -0.061043424588084844 ± 0.009566520822775131
mu_2: 2.508805107877072e-6 ± 1.290719709463928e-7
P_2: 365.25646208744325 ± 9.842060724147397e-6
t02: 3624.4086238482496 ± 0.00014520872334995328
ecos2: -0.061766938942723074 ± 0.017653606721918742
esin2: -0.0472270928298469 ± 0.007407890110532553
mu_3: 0.00042509027037312085 ± 9.037467879302077e-5
P_3: 4255.690198645652 ± 45.71626952078007
t03: 1443.8469842784011 ± 137.44048710253998
ecos3: -0.06835168933996777 ± 0.04112216236298332
esin3: 0.13401835396676462 ± 0.040493942279859974
Retrieved Earth masses:
[1.227177035158869, 0.8352269182750603, 141.52029402271558]
 ± [0.0805167428655727, 0.04297041017285989, 30.087376744169074]
Retrieved eccentricity:
[0.11492148741949933, 0.0777531545566677, 0.15044225681499357]
