Global Fit Results.
chi^2: 9.556635675790439
per 3 range=[4017.75 - 4748.25, length=100]
mu_1: 3.4759435927343494e-6 ± 7.96027771056559e-7
P_1: 224.70079147735422 ± 1.7996987280346806e-5
t01: 3503.7686226947276 ± 0.000355711737596504
ecos1: -0.10514018242661657 ± 0.0783941127492956
esin1: -0.04654375389299935 ± 0.031677823368566026
mu_2: 2.5194567775139355e-6 ± 4.3888412682284784e-7
P_2: 365.2564633358336 ± 3.9468632910029455e-5
t02: 3624.4074122946145 ± 0.0004798919426521261
ecos2: -0.069113640832774 ± 0.06164788887353823
esin2: -0.034572001601911255 ± 0.02455777205551445
mu_3: 0.0004592889473442207 ± 0.00036636566837259176
P_3: 4246.458390337435 ± 170.1814095953996
t03: 1533.990688220311 ± 431.54485920110716
ecos3: -0.05647689714739235 ± 0.14256388233189868
esin3: 0.1294574988166449 ± 0.13655727908502813
Retrieved Earth masses:
[1.1572049363029697, 0.8387730531172402, 152.90565651499236]
 ± [0.2650121446235163, 0.14611252008980255, 121.96980434863498]
Retrieved eccentricity:
[0.1486906719381025, 0.09774144821069193, 0.07987039390659263]
 ± [0.1108660174602594, 0.0871832805366272, 0.20161577589833318]
