Global Fit Results.
chi^2: 111.10763025261228
per 3 range=[4017.75 - 4748.25, length=100]
mu_1: 3.829568769096564e-6 ± 2.300551206264144e-7
P_1: 224.70077941980233 ± 4.870334510119925e-6
t01: 3503.7687468192908 ± 0.00011010254941582696
ecos1: -0.06712133414410024 ± 0.019049185353762117
esin1: -0.05579867931653254 ± 0.009166368071789794
mu_2: 2.678628637866706e-6 ± 1.3057381401123102e-7
P_2: 365.2564794238312 ± 1.044005046417205e-5
t02: 3624.4072679018445 ± 0.00014698133271904992
ecos2: -0.038154743499742454 ± 0.015097943596721277
esin2: -0.04226567153902736 ± 0.007089871733870392
mu_3: 0.00043103231737546584 ± 9.517520495242444e-5
P_3: 4211.021349262363 ± 51.73449739523159
t03: 1318.3949146350042 ± 169.90053875035554
ecos3: -0.109617720304871 ± 0.053693188997080095
esin3: 0.07564544360206447 ± 0.038447803573126486
Retrieved Earth masses:
[1.2749331987934012, 0.8917642647427015, 143.49850970412967]
 ± [0.07658954010851463, 0.043470401085202635, 31.685559344175957]
Retrieved eccentricity:
[0.09492390107116284, 0.05395895572620247, 0.15502286673156918]
 ± [0.02693961627944931, 0.021351716598427255, 0.07593363608673251]
