Global Fit Results.
chi^2: 206.57380331617696
per 3 range=[4090.7999999999997 - 4346.475, length=200]
mu_1: 3.432711627598461e-6 ± 2.300241560795355e-7
P_1: 224.7007790857817 ± 3.887879766069638e-6
t01: 3503.7694771798224 ± 0.0001018557633113755
ecos1: -0.10727968646409577 ± 0.02347569184218853
esin1: -0.06965495814792635 ± 0.009310201744932172
mu_2: 2.6141261006380906e-6 ± 1.3108881024368364e-7
P_2: 365.25646154370105 ± 8.112915794104051e-6
t02: 3624.4086389286094 ± 0.00013363861686206913
ecos2: -0.07000980561505703 ± 0.018478093874727906
esin2: -0.05304127893741049 ± 0.007178754137297735
mu_3: 0.0004064057359257321 ± 7.975625873354793e-5
P_3: 4275.556500036226 ± 42.50320811788551
t03: 1481.2226829626804 ± 132.56551016717142
ecos3: -0.08195897111862151 ± 0.0378518456290301
esin3: 0.12275611667893799 ± 0.03912641861919071
Retrieved Earth masses:
[1.142812227639371, 0.8702901951861524, 135.29987216655067]
 ± [0.0765792314468397, 0.04364185271163792, 26.552311291943383]
Retrieved eccentricity:
[0.12790912525079698, 0.08783365046253204, 0.14760195503080598]
 ± [0.025254464239035743, 0.01982358353595601, 0.05443931347370279]
