Global Fit Results.
chi^2: 72.87458505749845
per 3 range=[4017.75 - 4748.25, length=100]
mu_1: 3.7090472338230735e-6 ± 1.8951817930655396e-7
P_1: 224.70078087007846 ± 7.119584559414294e-6
t01: 3503.7688142172387 ± 0.00012850524986688606
ecos1: -0.07058864313471723 ± 0.011717377946863556
esin1: -0.03075839382847964 ± 0.007900504844549485
mu_2: 2.6808649634589666e-6 ± 1.151463114701586e-7
P_2: 365.2564063257656 ± 1.8407496128985068e-5
t02: 3624.407945238204 ± 0.00019659558698391605
ecos2: -0.041824567159857724 ± 0.00902754587922432
esin2: -0.02320460479570331 ± 0.0062571340164581345
mu_3: 0.0010364904904121683 ± 0.00022617900741984793
P_3: 4684.582554398238 ± 119.10592083371397
t03: 924.9913792253731 ± 173.42987489000313
ecos3: 0.03557602260204368 ± 0.018612923016072692
esin3: 0.06706696695362586 ± 0.018005818688752104
Retrieved Earth masses:
[1.2348093844021604, 0.892508778267016, 345.0665639232985]
 ± [0.06309405396310656, 0.038334304477457705, 75.29911141868098]
Retrieved eccentricity:
[0.09982741647063158, 0.059148870117855155, 0.050312093659101935]
 ± [0.016570874807905853, 0.01276687781734438, 0.026322648164736333]
