Global Fit Results.
chi^2: 2.912596825164441
per 3 range=[4017.75 - 4748.25, length=100]
mu_1: 3.6490275537693046e-6 ± 9.787188033993101e-7
P_1: 224.7007774841632 ± 3.1803140023003304e-5
t01: 3503.7688049139992 ± 0.0005356580752850779
ecos1: -0.09305272899579521 ± 0.07857710008858429
esin1: -0.028147822618626 ± 0.04010360129175751
mu_2: 2.5324698349798976e-6 ± 5.258320727556577e-7
P_2: 365.2564168040963 ± 7.978885499323692e-5
t02: 3624.4077855457986 ± 0.0008025495015125268
ecos2: -0.05930720274886373 ± 0.060664824838719864
esin2: -0.02054907494608164 ± 0.031467800745397304
mu_3: 0.0007840635420893608 ± 0.000863918515129274
P_3: 4469.12092402048 ± 404.1178263738002
t03: 1245.7557773342048 ± 625.1289219320408
ecos3: 0.007984348945104977 ± 0.12500781627606314
esin3: 0.09364943275513717 ± 0.11904317398420493
Retrieved Earth masses:
[1.214827739654321, 0.8431053369803851, 261.02903487201155]
 ± [0.3258333170059516, 0.17505907504689877, 287.61420995462413]
Retrieved eccentricity:
[0.13159643136168175, 0.08387305047385399, 0.011291574564886773]
 ± [0.11112480063722403, 0.08579301804590583, 0.1767877491802526]
