Global Fit Results.
chi^2: 8.20262357595306
per 3 range=[4017.75 - 4748.25, length=100]
mu_1: 3.458771645583418e-6 ± 5.423253362393517e-7
P_1: 224.7007944762627 ± 2.049632856550513e-5
t01: 3503.76867504526 ± 0.0002911163726656641
ecos1: -0.10677224419401578 ± 0.04905761247724773
esin1: -0.026985078653648426 ± 0.022028960345353822
mu_2: 2.4691325261708066e-6 ± 2.906942051935486e-7
P_2: 365.25640750007744 ± 4.5008340098832025e-5
t02: 3624.4078910803973 ± 0.000415030912009126
ecos2: -0.0696949599138654 ± 0.03790003623157339
esin2: -0.019078763205867284 ± 0.017319081908493555
mu_3: 0.0007740115068308371 ± 0.00044474737598763307
P_3: 4595.71217404644 ± 245.09953808637434
t03: 1157.8514469739941 ± 335.4751428739049
ecos3: 0.0031572872417905103 ± 0.06725122717211736
esin3: 0.09961553550268464 ± 0.0661908905061394
Retrieved Earth masses:
[1.1514880823095595, 0.8220191931893208, 257.68252923671594]
 ± [0.18054998288526855, 0.09677739590130102, 148.0645025357911]
Retrieved eccentricity:
[0.15099875582418906, 0.09856355753923765, 0.004465078437647681]
 ± [0.06937794090296731, 0.053598745253122776, 0.09510759755304238]
