Global Fit Results.
chi^2: 45.97578149038661
per 3 range=[4017.75 - 4675.2, length=200]
mu_1: 3.4564904808716363e-6 ± 2.408119503412935e-7
P_1: 224.70077804355557 ± 1.0509290241680145e-5
t01: 3503.769501678012 ± 0.0001463088136497232
ecos1: -0.10809477619390312 ± 0.021461369322263054
esin1: -0.025552801117958806 ± 0.010632372939456857
mu_2: 2.6243655269552333e-6 ± 1.416488253310395e-7
P_2: 365.2563513576336 ± 2.30391251262498e-5
t02: 3624.409362151537 ± 0.00020649288355318205
ecos2: -0.06937531297406054 ± 0.01644679811045491
esin2: -0.016507130051135275 ± 0.008351488697788753
mu_3: 0.0009272627829251268 ± 0.00023425867992486253
P_3: 4818.567187840061 ± 118.0548167424169
t03: 930.2054562009424 ± 157.81063688793745
ecos3: 0.023975143264406383 ± 0.02438571123882256
esin3: 0.0863222951551704 ± 0.02585624471575328
Retrieved Earth masses:
[1.1507286410256126, 0.8736990867181885, 308.7026705191395]
 ± [0.08017068465615569, 0.04715747408479982, 77.98898156676333]
Retrieved eccentricity:
[0.111073967631412, 0.07131212654783159, 0.08958987741595122]
