Global Fit Results.
chi^2: 117.79126161978286
per 3 range=[4017.75 - 4748.25, length=200]
mu_1: 3.5107335023491752e-6 ± 2.3823936064179515e-7
P_1: 224.70079046175647 ± 5.773407305912612e-6
t01: 3503.769324810581 ± 0.00011715411052535643
ecos1: -0.0837351534257305 ± 0.020853072367908534
esin1: -0.04774051673798378 ± 0.010305627898368615
mu_2: 2.5561351545596213e-6 ± 1.3302577408238215e-7
P_2: 365.25648484088714 ± 1.2192983861014968e-5
t02: 3624.4083978004287 ± 0.0001548195212660035
ecos2: -0.05415673021519528 ± 0.016477813566164592
esin2: -0.034998463664539195 ± 0.007973104444219092
mu_3: 0.0005525276748672714 ± 0.00013673381313642906
P_3: 4278.006132052687 ± 49.327346529945295
t03: 1453.8261850240087 ± 139.02834808485568
ecos3: -0.022587262425737612 ± 0.03686160376765984
esin3: 0.1100069900771398 ± 0.03639764196514499
Retrieved Earth masses:
[1.1687871309116402, 0.8509839529320615, 183.94652725001058]
 ± [0.07931422268549417, 0.04428670325531979, 45.52117699831048]
Retrieved eccentricity:
[0.09638844773955195, 0.06448134525953624, 0.11230192469286121]
