Global Fit Results.
chi^2: 10.20505253074309
per 3 range=[4017.75 - 4748.25, length=100]
mu_1: 3.5767603536010383e-6 ± 7.740598479264379e-7
P_1: 224.7007739387091 ± 1.5264122653916342e-5
t01: 3503.7688440693114 ± 0.0003824067405091398
ecos1: -0.08936837964500312 ± 0.0712283470518389
esin1: -0.06141025160809437 ± 0.033787302661604866
mu_2: 2.559876025579225e-6 ± 4.4165561536708177e-7
P_2: 365.256460342123 ± 3.100789304423669e-5
t02: 3624.4074825779026 ± 0.0004972579119916093
ecos2: -0.05579750533838593 ± 0.05622759241418035
esin2: -0.04781360655549817 ± 0.02599157889782338
mu_3: 0.0004765000160585701 ± 0.00034282573325162467
P_3: 4281.27184256051 ± 163.71635838998807
t03: 1391.9928568605067 ± 479.06014045101335
ecos3: -0.048310125967647895 ± 0.11936731571614659
esin3: 0.10614463006933739 ± 0.12126789728851578
Retrieved Earth masses:
[1.190768672371895, 0.85222935703442, 158.6355347894632]
 ± [0.25769862286797407, 0.1470351991088173, 114.13293116715566]
Retrieved eccentricity:
[0.12638597454127107, 0.07890958879613055, 0.06832083534340029]
 ± [0.10073209442612824, 0.07951782377172041, 0.1688108767898456]
