Global Fit Results.
chi^2: 690.762527168106
per 3 range=[4090.7999999999997 - 4529.1, length=200]
mu_1: 3.7422663943055633e-6 ± 6.380812909014165e-8
P_1: 224.70078203475157 ± 2.3605672172270598e-6
t01: 3503.769528950693 ± 4.2660510397465254e-5
ecos1: -0.07091609780040661 ± 0.003974197912927924
esin1: -0.0319393623466972 ± 0.0026447514205760344
mu_2: 2.62772337588264e-6 ± 3.835442705632437e-8
P_2: 365.25640753534253 ± 6.061013796174915e-6
t02: 3624.409093903581 ± 6.483827118107287e-5
ecos2: -0.041989652279027206 ± 0.003063060587633718
esin2: -0.02402750698234958 ± 0.0020945082313439623
mu_3: 0.001034740443526178 ± 7.500105158389832e-5
P_3: 4701.671376159433 ± 39.385756395808144
t03: 907.6430151568753 ± 57.83770547288989
ecos3: 0.03611357131079583 ± 0.006077672255032151
esin3: 0.06510035915899375 ± 0.005932871373024788
Retrieved Earth masses:
[1.2458686480134948, 0.8748169757893107, 344.4839414378638]
 ± [0.02124288843861346, 0.012768887392598951, 24.96921621576898]
Retrieved eccentricity:
[0.0777767047023108, 0.04837821813895663, 0.07444626784097318]
