Global Fit Results.
chi^2: 37.49650416525103
per 3 range=[4017.75 - 4748.25, length=100]
mu_1: 3.6426190299840244e-6 ± 4.1012121441794795e-7
P_1: 224.70077446087956 ± 7.202723349340018e-6
t01: 3503.7688228648035 ± 0.00019935607025045802
ecos1: -0.08203493192717563 ± 0.03737743421149419
esin1: -0.06537166007557474 ± 0.017607606669000565
mu_2: 2.588838882880252e-6 ± 2.3656752739863923e-7
P_2: 365.25645864300003 ± 1.5742051900024764e-5
t02: 3624.407468797455 ± 0.0002684435955999819
ecos2: -0.04948188740820125 ± 0.029559375735081488
esin2: -0.05048181152068693 ± 0.013632114351549493
mu_3: 0.00039808171128325316 ± 0.00014779591188214368
P_3: 4225.768420691771 ± 83.96937313395277
t03: 1451.3636520039113 ± 273.49852493350795
ecos3: -0.08676909500008201 ± 0.07875803028970611
esin3: 0.12058344107845084 ± 0.0745197997336036
Retrieved Earth masses:
[1.2126942253549975, 0.8618716197881208, 132.52865274103442]
 ± [0.1365368226340171, 0.07875763894641985, 49.203951166789395]
Retrieved eccentricity:
[0.1160149133197654, 0.0699779562644967, 0.1227100309439555]
 ± [0.052859674388603194, 0.04180327005983442, 0.11138067458149341]
