Global Fit Results.
chi^2: 999.9686714954222
per 3 range=[4017.75 - 4748.25, length=100]
mu_1: 3.829608388083214e-6 ± 7.668543321600816e-8
P_1: 224.7007794199831 ± 1.623452391283054e-6
t01: 3503.7687468161907 ± 3.670088484605811e-5
ecos1: -0.06711753092869739 ± 0.006349626191490367
esin1: -0.05579872204852998 ± 0.0030554462856871253
mu_2: 2.6786467021718514e-6 ± 4.352455581661995e-8
P_2: 365.25647942370716 ± 3.480018526397077e-6
t02: 3624.4072679034457 ± 4.8994011256344624e-5
ecos2: -0.03815171651425746 ± 0.005032580931932339
esin2: -0.04226574845152871 ± 0.0023632829970481628
mu_3: 0.00043102917496760804 ± 3.172504493459602e-5
P_3: 4211.022540221467 ± 17.24546817133925
t03: 1318.3582902780438 ± 56.6364817722806
ecos3: -0.10962291468249616 ± 0.017898452565015818
esin3: 0.07563833838005081 ± 0.012815986658827425
Retrieved Earth masses:
[1.2749463886757166, 0.8917702786789257, 143.49746353931485]
 ± [0.02552997754209483, 0.014490117430750852, 10.56184533013905]
Retrieved eccentricity:
[0.09491852251235952, 0.05395467492227648, 0.15503021269085476]
 ± [0.0089797274760051, 0.007117144207678943, 0.02531223436293688]
