Global Fit Results.
chi^2: 15.649628100918639
per 3 range=[4017.75 - 4748.25, length=100]
mu_1: 3.1790091643932356e-6 ± 6.282971381102664e-7
P_1: 224.70078885636332 ± 1.5253241455012549e-5
t01: 3503.768637560289 ± 0.00025944471029257867
ecos1: -0.13131697678786575 ± 0.07296890007836117
esin1: -0.04114895419359779 ± 0.023853078065247703
mu_2: 2.351601735370164e-6 ± 3.3557277040764167e-7
P_2: 365.25646980997436 ± 3.5425154134877144e-5
t02: 3624.4073751409715 ± 0.00037265788569968436
ecos2: -0.08991795148492926 ± 0.057372317130043135
esin2: -0.0307853720259896 ± 0.018427945372501725
mu_3: 0.00036095648410139147 ± 0.0002218106533706746
P_3: 4216.7492558908925 ± 201.1100295428557
t03: 1665.6471081483148 ± 338.29301934067945
ecos3: -0.09358898037029846 ± 0.13186912337715764
esin3: 0.1742483060314467 ± 0.13430236972939177
Retrieved Earth masses:
[1.0583500564502348, 0.7828910521094752, 120.16898837650889]
 ± [0.2091715617037044, 0.11171828772373986, 73.84480678618092]
Retrieved eccentricity:
[0.18571024954323265, 0.12716318649079295, 0.13235480532834545]
 ± [0.10319360812226556, 0.08113670899007724, 0.1864911027382273]
