Global Fit Results.
chi^2: 4.194139429966715
per 3 range=[4017.75 - 4748.25, length=100]
mu_1: 3.6490106089632675e-6 ± 8.156238646400638e-7
P_1: 224.70077748428696 ± 2.6502868043620187e-5
t01: 3503.768804911145 ± 0.00044638603419288545
ecos1: -0.09305429397492193 ± 0.06548406320710501
esin1: -0.02814818335932142 ± 0.0334203248728703
mu_2: 2.532463725196671e-6 ± 4.3819911492832414e-7
P_2: 365.25641680450576 ± 6.649203241611614e-5
t02: 3624.40778554183 ± 0.0006688017426918815
ecos2: -0.05930841415395531 ± 0.05055654970019383
esin2: -0.020549326402137417 ± 0.026223660060629556
mu_3: 0.0007840460212217953 ± 0.0007199409299292691
P_3: 4469.117819622243 ± 336.77008301250925
t03: 1245.7645332369925 ± 520.95786575746
ecos3: 0.007981996793513862 ± 0.10417779365160591
esin3: 0.09365159988096394 ± 0.09920827461308089
Retrieved Earth masses:
[1.2148220984197418, 0.8431033029222593, 261.0232018560566]
 ± [0.2715360411201358, 0.14588446715263004, 239.68144929110537]
Retrieved eccentricity:
[0.1315986445763876, 0.08387476365936403, 0.011288248120205862]
 ± [0.0926084503067849, 0.07149775825280355, 0.1473296486802068]
