Global Fit Results.
chi^2: 1394.653927982871
per 3 range=[4017.75 - 4748.25, length=200]
mu_1: 3.5318027124283173e-6 ± 6.842834194901353e-8
P_1: 224.70077496875103 ± 1.1993109057040097e-6
t01: 3503.769535136772 ± 3.3219557953729044e-5
ecos1: -0.09142460006708131 ± 0.006567046952420899
esin1: -0.06612080563273781 ± 0.0030108692853298867
mu_2: 2.5369931208903337e-6 ± 3.943145958160777e-8
P_2: 365.25645927432083 ± 2.614124608433892e-6
t02: 3624.40865630955 ± 4.464530690603465e-5
ecos2: -0.057011084572217444 ± 0.005181153777435628
esin2: -0.051070100964346186 ± 0.002329175929183955
mu_3: 0.0004160332500844529 ± 2.579535995897512e-5
P_3: 4247.39958626322 ± 13.147449729594458
t03: 1464.319050912897 ± 42.818484003517156
ecos3: -0.0759794645309681 ± 0.01206699574089427
esin3: 0.1285101037607297 ± 0.012450285039540014
Retrieved Earth masses:
[1.1758014547224613, 0.8446112212515822, 138.50504699507383]
 ± [0.022781041456468143, 0.013127451138403688, 8.587745192595627]
Retrieved eccentricity:
[0.11282915596133854, 0.07654030948858936, 0.1492907425093939]
