Global Fit Results.
chi^2: 12.3481135575665
per 3 range=[4017.75 - 4748.25, length=100]
mu_1: 3.5767315280704918e-6 ± 7.036808157957482e-7
P_1: 224.7007739387329 ± 1.3876486536042925e-5
t01: 3503.768844068634 ± 0.00034764267728185956
ecos1: -0.08937137044755132 ± 0.06475273229120071
esin1: -0.06141055790741597 ± 0.03071583117029513
mu_2: 2.5598639928107025e-6 ± 4.014991337904549e-7
P_2: 365.25646034215026 ± 2.818891347348603e-5
t02: 3624.4074825770663 ± 0.000452051439800544
ecos2: -0.05579986835754235 ± 0.051115629480962294
esin2: -0.047813805900740865 ± 0.0236288490639441
mu_3: 0.00047649108397165743 ± 0.00031164514174398877
P_3: 4281.270272875268 ± 148.8286803871523
t03: 1392.010399494011 ± 435.4878263415716
ecos3: -0.04831164672997249 ± 0.1085160821731012
esin3: 0.10614885955632739 ± 0.11024296897749536
Retrieved Earth masses:
[1.1907590758277193, 0.8522253511066021, 158.6325611350321]
 ± [0.23426816111822157, 0.13366637494200254, 103.75234430006597]
Retrieved eccentricity:
[0.1263902041747971, 0.07891293060986972, 0.06832298602610488]
 ± [0.0915741922069303, 0.07228841646121488, 0.15346491514479296]
