Global Fit Results.
chi^2: 12.095117025164061
per 3 range=[4017.75 - 4748.25, length=100]
mu_1: 3.475981934628013e-6 ± 7.075819639906999e-7
P_1: 224.70079147711058 ± 1.5997292055279235e-5
t01: 3503.7686226989827 ± 0.0003161876414759001
ecos1: -0.10513613571347022 ± 0.06968108066651395
esin1: -0.046544312581168465 ± 0.02815813027606247
mu_2: 2.5194720932663907e-6 ± 3.901161783056673e-7
P_2: 365.2564633356363 ± 3.50831348672623e-5
t02: 3624.407412297685 ± 0.00042656948528762146
ecos2: -0.06911047380192908 ± 0.05479626932765046
esin2: -0.034572520275647445 ± 0.02182914874627852
mu_3: 0.000459301398087078 ± 0.00032566794277190327
P_3: 4246.460376475229 ± 151.27055595838786
t03: 1533.963131629005 ± 383.5981742272542
ecos3: -0.05647504240763077 ± 0.1267216663218079
esin3: 0.12944997429480218 ± 0.12138023017283915
Retrieved Earth masses:
[1.1572177010177676, 0.8387781520102088, 152.90980159407974]
 ± [0.2355669244117008, 0.12987678172068357, 108.42079018745503]
Retrieved eccentricity:
[0.1486849490214879, 0.09773696935271858, 0.07986777090846713]
 ± [0.09854392931939769, 0.07749362725061211, 0.1792114991588186]
