Global Fit Results.
chi^2: 18.645925655087883
per 3 range=[4017.75 - 4748.25, length=100]
mu_1: 3.7622677356579865e-6 ± 5.80797786615863e-7
P_1: 224.70077398356796 ± 1.1511706856517526e-5
t01: 3503.7688437322818 ± 0.00028201198885435244
ecos1: -0.07549339125296461 ± 0.046920670625279826
esin1: -0.05698797598501022 ± 0.024404715406727034
mu_2: 2.6246056993109897e-6 ± 3.1874434376498413e-7
P_2: 365.2564539156077 ± 2.4261130413881165e-5
t02: 3624.4075391317474 ± 0.00037346780850087985
ecos2: -0.044754342618322694 ± 0.03718291408261096
esin2: -0.04439583546425181 ± 0.018755453759692033
mu_3: 0.0005168148567206611 ± 0.00027341243606944374
P_3: 4276.591865691113 ± 123.20747763227817
t03: 1357.6798060190274 ± 354.767326570978
ecos3: -0.033273811410180876 ± 0.08451194822674285
esin3: 0.09579982421132958 ± 0.0792267516003094
Retrieved Earth masses:
[1.2525274588739717, 0.8737790444701572, 172.05707958033832]
 ± [0.19335816239095144, 0.10611579796475716, 91.02398017261524]
Retrieved eccentricity:
[0.10676377777948094, 0.06329219830592417, 0.04705627536812243]
 ± [0.06635584875391162, 0.05258458138418196, 0.11951794336483258]
