Global Fit Results.
chi^2: 34.700754283596964
per 3 range=[4017.75 - 4748.25, length=100]
mu_1: 3.480110571096413e-6 ± 2.638198330473929e-7
P_1: 224.70078867797073 ± 8.833219964299433e-6
t01: 3503.768732409903 ± 0.00013614447015068972
ecos1: -0.10668551395224332 ± 0.023837258801995786
esin1: -0.026571335480964766 ± 0.010602062234611602
mu_2: 2.5009806520265307e-6 ± 1.4122932663263394e-7
P_2: 365.2564091740669 ± 1.9823086491673215e-5
t02: 3624.407909400416 ± 0.00019212346459734537
ecos2: -0.06951027461517086 ± 0.018388134390105747
esin2: -0.018900823377125796 ± 0.00834998241565645
mu_3: 0.0008014725512297218 ± 0.00022160727999317263
P_3: 4646.411245722696 ± 113.09089711274535
t03: 1105.017647922047 ± 162.4735931183793
ecos3: 0.006861345286512771 ± 0.030887332243677703
esin3: 0.09793685536490142 ± 0.031307084108669364
Retrieved Earth masses:
[1.1585921993011747, 0.8326220144000214, 266.8248111197848]
 ± [0.08783042789739558, 0.04701781532693554, 73.77710008436625]
Retrieved eccentricity:
[0.15087610074000657, 0.0983023730850529, 0.009703407560311069]
 ± [0.03371097468757988, 0.026004749041226665, 0.043681284164532805]
