Global Fit Results.
chi^2: 93.39904190107075
per 3 range=[4017.75 - 4748.25, length=100]
mu_1: 3.4693079556336934e-6 ± 2.5494348288048764e-7
P_1: 224.70078827877452 ± 5.76065118763829e-6
t01: 3503.7686529624766 ± 0.00011666226333885039
ecos1: -0.09909263637760893 ± 0.02443941345046367
esin1: -0.05230825698533077 ± 0.010470384431254896
mu_2: 2.594548108334094e-6 ± 1.4237301129857592e-7
P_2: 365.25647262704945 ± 1.2171829033235854e-5
t02: 3624.4073299083807 ± 0.00015384251867024785
ecos2: -0.0642165234356612 ± 0.01924370507121667
esin2: -0.038946750063300825 ± 0.008091975560229009
mu_3: 0.00044990996349560396 ± 0.00011060268382411524
P_3: 4218.980481398216 ± 49.37657391083589
t03: 1542.9463764594402 ± 143.88324615745353
ecos3: -0.06700117410006366 ± 0.046755770481171195
esin3: 0.12706871349370083 ± 0.04391264643494819
Retrieved Earth masses:
[1.1549958118440904, 0.8637723249351955, 149.78322195368025]
 ± [0.08487532924419326, 0.047398568784433666, 36.8216480719526]
Retrieved eccentricity:
[0.14013815029652008, 0.09081587837116177, 0.09475396910723098]
 ± [0.03456254995808916, 0.027214708702022524, 0.06612264473367592]
