Global Fit Results.
chi^2: 63.85945781317835
per 3 range=[4017.75 - 4675.2, length=200]
mu_1: 5.602128668126583e-6 ± 4.2104551483624377e-7
P_1: 224.70078606714657 ± 8.278348296763808e-6
t01: 3503.769484862412 ± 0.0001313946277207891
ecos1: 0.03195301575968463 ± 0.015996960157658315
esin1: -0.008432641926779673 ± 0.00860707329887022
mu_2: 3.3126096077028905e-6 ± 1.697074607948168e-7
P_2: 365.2563907151478 ± 2.4038615163851454e-5
t02: 3624.4090715992565 ± 0.00024217967883750945
ecos2: 0.04259946775581282 ± 0.0125260257139472
esin2: -0.0056232500006749096 ± 0.006798671611250665
mu_3: 0.0007126063252949193 ± 0.00016151691327929326
P_3: 4524.5810350977945 ± 130.79265289548187
t03: 4590.653229048553 ± 102.58516025241204
ecos3: -0.03354864350345828 ± 0.03780116645834737
esin3: -0.08547574583389327 ± 0.025613550615355463
Retrieved Earth masses:
[1.86505067634333, 1.1028280775589088, 237.239625808572]
 ± [0.14017372122930297, 0.05649870491848733, 53.77192245981921]
Retrieved eccentricity:
[0.03304700691445349, 0.042969007361686004, 0.09182382374298326]
