Global Fit Results.
chi^2: 20.897315333007302
per 3 range=[4017.75 - 4748.25, length=100]
mu_1: 3.6438668336707673e-6 ± 5.439525194381493e-7
P_1: 224.70077417374833 ± 9.841419718579751e-6
t01: 3503.76882697546 ± 0.00026771682621520843
ecos1: -0.08444254387771521 ± 0.04996248725821735
esin1: -0.0648486229512119 ± 0.023619109692813188
mu_2: 2.58393803458513e-6 ± 3.184299921446048e-7
P_2: 365.2564566755373 ± 2.1610117806152994e-5
t02: 3624.407483263598 ± 0.0003601335242046614
ecos2: -0.051554352615767254 ± 0.039557747166954864
esin2: -0.05009595332585264 ± 0.018278724805412504
mu_3: 0.0004037170355304296 ± 0.0002002292677419626
P_3: 4220.187072878101 ± 110.79217965090517
t03: 1462.2352132601923 ± 356.65692757435744
ecos3: -0.08647073553188647 ± 0.1040502588223626
esin3: 0.12030626823687425 ± 0.09830481620131824
Retrieved Earth masses:
[1.2131096419310472, 0.8602400381217663, 134.40475483030062]
 ± [0.1810917018112758, 0.1060111445844209, 66.65997040563492]
Retrieved eccentricity:
[0.11941979079315002, 0.0729088646685829, 0.12228808693757094]
 ± [0.07065762709046393, 0.05594310254043345, 0.14714928719501597]
