Global Fit Results.
chi^2: 148.60313118752518
per 3 range=[4017.75 - 4748.25, length=100]
mu_1: 3.6438882996665637e-6 ± 2.0397826252128266e-7
P_1: 224.7007741735575 ± 3.690514157726903e-6
t01: 3503.7688269804958 ± 0.00010039340844609083
ecos1: -0.08444030847364756 ± 0.018735394615964004
esin1: -0.06484807886540345 ± 0.008857074532954735
mu_2: 2.5839483715276424e-6 ± 1.1941238564007366e-7
P_2: 365.25645667462146 ± 8.103786332129684e-6
t02: 3624.407483278102 ± 0.00013504994713842944
ecos2: -0.05155256865074883 ± 0.01483372926993909
esin2: -0.05009557244633238 ± 0.006854456153144751
mu_3: 0.00040372892588510893 ± 7.508599866500067e-5
P_3: 4220.197468522934 ± 41.54700231383905
t03: 1462.2034407559333 ± 133.74352586062508
ecos3: -0.08646598102102344 ± 0.03901735634250727
esin3: 0.12030136597607446 ± 0.03686211377637117
Retrieved Earth masses:
[1.2131167883520506, 0.8602434794782161, 134.40871334595607]
 ± [0.06790807905557723, 0.03975455827512559, 24.997496646378284]
Retrieved eccentricity:
[0.11941662945440015, 0.07290634176105905, 0.12228136304382599]
 ± [0.02649584916230816, 0.020978061114118613, 0.055178874507517676]
