Global Fit Results.
chi^2: 16.665112962865244
per 3 range=[4017.75 - 4748.25, length=100]
mu_1: 3.6426120747899345e-6 ± 6.151772777124176e-7
P_1: 224.70077446079898 ± 1.080411355486291e-5
t01: 3503.768822866925 ± 0.0002990349371049099
ecos1: -0.08203581801343524 ± 0.05606598936234895
esin1: -0.06537116376068644 ± 0.026411504199876895
mu_2: 2.588833775840723e-6 ± 3.548449078787873e-7
P_2: 365.2564586427226 ± 2.3613245406412188e-5
t02: 3624.407468802014 ± 0.00040266682370085463
ecos2: -0.049482585662769106 ± 0.04433893498824304
esin2: -0.05048141351570051 ± 0.020448221760788345
mu_3: 0.00039808657390304967 ± 0.00022169831211592565
P_3: 4225.7716336362155 ± 125.95457091242842
t03: 1451.362492259091 ± 410.25154177638575
ecos3: -0.08676559941586837 ± 0.11813410359594678
esin3: 0.1205835243761421 ± 0.1117806049610865
Retrieved Earth masses:
[1.2126919098441962, 0.8618699195616368, 132.53027159573728]
 ± [0.2048037211991198, 0.1181343333296973, 73.80740633618005]
Retrieved eccentricity:
[0.11601616643497117, 0.06997894374557653, 0.12270508744135214]
 ± [0.07928928254409956, 0.06270472320155225, 0.16706685148417616]
