Global Fit Results.
chi^2: 73.11831547474624
per 3 range=[4017.75 - 4748.25, length=200]
mu_1: 3.908213554737642e-6 ± 1.9105516174909258e-7
P_1: 224.70079182533317 ± 8.935332745392993e-6
t01: 3503.7695674545216 ± 0.00013384067536178462
ecos1: -0.07194894119173202 ± 0.010991286501428641
esin1: -0.03724260382741641 ± 0.008717361933430097
mu_2: 2.6990312677275716e-6 ± 1.2320391622348777e-7
P_2: 365.2564094089071 ± 1.9464789873314398e-5
t02: 3624.409199747134 ± 0.00018515609152146138
ecos2: -0.04083164246213235 ± 0.008706689034243407
esin2: -0.029899008382316256 ± 0.0067340806548180825
mu_3: 0.0013363718117369284 ± 0.00024733914676190657
P_3: 4866.651683374119 ± 149.0695191279489
t03: 556.7334614134752 ± 225.17396393792797
ecos3: 0.031146646980776134 ± 0.015023122013558248
esin3: 0.03744073697415914 ± 0.013524335989037621
Retrieved Earth masses:
[1.3011154804473888, 0.8985566718571057, 444.90251812791865]
 ± [0.06360574341434923, 0.04101682786904009, 82.3437072374027]
Retrieved eccentricity:
[0.08101642844792163, 0.050608040155702805, 0.04870238601252774]
