Global Fit Results.
chi^2: 8.57507886245051
per 3 range=[4017.75 - 4748.25, length=100]
mu_1: 3.576753379183541e-6 ± 8.444292683201038e-7
P_1: 224.70077393874288 ± 1.665174851541963e-5
t01: 3503.768844068175 ± 0.00041717069959049775
ecos1: -0.0893689372290159 ± 0.07770333093191804
esin1: -0.06141097598216666 ± 0.03685878217512362
mu_2: 2.5598747714086162e-6 ± 4.818084223322506e-7
P_2: 365.2564603422546 ± 3.382674537778234e-5
t02: 3624.4074825750404 ± 0.0005424607716898553
ecos2: -0.05579793809866513 ± 0.06133887364403785
esin2: -0.047814169228538705 ± 0.0283544104305112
mu_3: 0.00047649492943951797 ± 0.0003739784864230607
P_3: 4281.269061549217 ± 178.59557497589597
t03: 1391.9990132118526 ± 522.6053615578533
ecos3: -0.04831196086487616 ± 0.13021776269589136
esin3: 0.10614536045479486 ± 0.1322924183947024
Retrieved Earth masses:
[1.1907663504612715, 0.8522289394981797, 158.63384136132805]
 ± [0.2811258846953937, 0.16040279993054465, 124.50425014504935]
Retrieved eccentricity:
[0.1263867630841441, 0.07891020081158666, 0.06832343027994606]
 ± [0.10988910444548332, 0.08674626700808792, 0.18415572606641084]
