Global Fit Results.
chi^2: 157.0956445766732
per 3 range=[4090.7999999999997 - 4383.0, length=200]
mu_1: 3.2391564161445196e-6 ± 2.6309956674423595e-7
P_1: 224.70077178424657 ± 5.248338530283218e-6
t01: 3503.769701084801 ± 0.00011229964927698513
ecos1: -0.11875781329412742 ± 0.029315299305527998
esin1: -0.05833377701810645 ± 0.010764030365122383
mu_2: 2.414717257667822e-6 ± 1.4660495040726788e-7
P_2: 365.2564708736985 ± 1.1018269556281657e-5
t02: 3624.408369825058 ± 0.0001462258692866185
ecos2: -0.07955608280964577 ± 0.023143477771264218
esin2: -0.04290466678327502 ± 0.008334884272020835
mu_3: 0.0002925500615939214 ± 7.357520937305522e-5
P_3: 4082.361264873621 ± 51.5869901489826
t03: 1749.1198775116354 ± 155.59544224698234
ecos3: -0.14839465759082954 ± 0.06895968983793979
esin3: 0.15785847278711176 ± 0.0578162681930671
Retrieved Earth masses:
[1.0783741721398945, 0.8039033591310443, 97.395244301393]
 ± [0.0875906381254303, 0.048807458398450534, 24.49452737207609]
Retrieved eccentricity:
[0.13231117775759157, 0.09038794578813636, 0.2166570373474604]
 ± [0.03122901092052015, 0.02459859465857717, 0.08998977547653689]
