Global Fit Results.
chi^2: 626.1704451068529
per 3 range=[4017.75 - 4748.25, length=200]
mu_1: 3.5689267147774403e-6 ± 7.050840223210879e-8
P_1: 224.70077414859207 ± 2.5648904757920165e-6
t01: 3503.7696349428634 ± 4.40926221972296e-5
ecos1: -0.08130457137701176 ± 0.0052492392547771076
esin1: -0.03197782739407579 ± 0.0032771682726129756
mu_2: 2.5972151977738775e-6 ± 4.153511229185709e-8
P_2: 365.2564221315288 ± 6.447759925513657e-6
t02: 3624.408942086654 ± 6.683742313965667e-5
ecos2: -0.050420848987303 ± 0.0040530690396122036
esin2: -0.02374938729392835 ± 0.0025645291276185944
mu_3: 0.0008795802593292134 ± 7.298439709641275e-5
P_3: 4599.172307483622 ± 36.95822139202621
t03: 1059.0573060080255 ± 56.01970710490412
ecos3: 0.021091148042816758 ± 0.008351751075531553
esin3: 0.08272971406163057 ± 0.008197932055609253
Retrieved Earth masses:
[1.1881607113178578, 0.8646602475907101, 292.8282898773156]
 ± [0.023473531412990155, 0.013827795443661143, 24.297835203541432]
Retrieved eccentricity:
[0.08736712637854643, 0.05573414940086033, 0.08537588719587731]
