Global Fit Results.
chi^2: 1.206891784621093
per 4 range=[657.45 - 730.5, length=100]
mu_1: 2.391202816440106e-6 ± 1.5651072743873907e-6
P_1: 224.70076739503818 ± 2.9940947188617627e-5
t01: 3503.7689253545122 ± 0.000555906229482104
ecos1: -0.003289620316061099 ± 0.022185287849346907
esin1: -0.0015986370804246264 ± 0.02694624790900136
mu_2: 3.0324436553989047e-6 ± 4.020853104522908e-7
P_2: 365.25645812560106 ± 4.387045832673003e-5
t02: 3624.4074753063637 ± 0.0006068961056197422
ecos2: 0.010536417449437908 ± 0.016793709073491567
esin2: 0.0017272450757377926 ± 0.02132847745297281
mu_3: 2.3952999107519286e-7 ± 6.663399865603341e-7
P_3: 685.208177853855 ± 12.7321293166297
t03: 379.4088328111016 ± 206.39850984785116
ecos3: 0.014239813947248285 ± 0.7299962807257234
esin3: -0.21555245869768616 ± 0.48999984686169906
mu_4: 0.0012331769779969095 ± 0.00088918060354325
P_4: 4389.42008745723 ± 215.3525808460111
t04: 289.19397103621657 ± 509.9806068174236
ecos4: 0.03190126462083281 ± 0.05247389368188749
esin4: -0.028485201440895683 ± 0.041787300086380916
tsin: 0.00014897387987004146 ± 0.0007724618994776056
tcos: -0.0017100143434321117 ± 0.000887541224458496
dphi: 2.3164962772950553 ± 0.037871540490254166
Retrieved Earth masses:
[0.7960749733309992, 1.0095557288165762, 0.07974389706559415, 410.54707828288525]
 ± [0.5210527200586805, 0.1338615238299304, 0.22183671890287895, 296.0244193363531]
Retrieved eccentricity:
[0.004652225666031674, 0.014900744455819624, 0.020138138009868082, 0.045115201083634746]
 ± [0.03137473496169743, 0.023749891134279878, 1.0323706406842352, 0.07420929211544916]
