Global Fit Results.
chi^2: 2.6811457084551513
per 4 range=[657.45 - 803.5500000000001, length=100]
mu_1: 2.5424815411201818e-6 ± 9.066087438390629e-7
P_1: 224.70078771700557 ± 1.251379771647125e-5
t01: 3503.768651052855 ± 0.00024337222738206505
ecos1: 0.00756843869151245 ± 0.021179905005664707
esin1: -0.0044588809800802575 ± 0.0246701388498259
mu_2: 3.0777376476468474e-6 ± 2.742636191990855e-7
P_2: 365.26358088870455 ± 0.01807742936796695
t02: 3624.363785016571 ± 0.12007401236195675
ecos2: 0.01903165165165342 ± 0.016147020189408542
esin2: -0.001590712496929956 ± 0.01983254120972505
mu_3: 2.4106958827460824e-6 ± 2.6699977094396735e-6
P_3: 733.4984309932809 ± 4.603263797045797
t03: 116.66636890550748 ± 62.204550975371234
ecos3: 0.0972164959185666 ± 0.030317473748033542
esin3: 0.006744546162073079 ± 0.07981937986658175
mu_4: 0.0008662247989235625 ± 0.0004445156153621109
P_4: 4346.477680017232 ± 166.4683677163203
t04: 365.0909228852838 ± 344.35567170827005
ecos4: 0.010528186490073008 ± 0.057575850459106355
esin4: -0.052382043312019365 ± 0.0383623386014736
tsin: -6.116415016319533e-5 ± 0.000442610050424244
tcos: -0.0016487056826711567 ± 0.0005210334826498998
dphi: 2.303594837080236 ± 0.027949929473559124
Retrieved Earth masses:
[0.8464384163176244, 1.0246349238655832, 0.8025645701702885, 288.38201383868164]
 ± [0.30182656469425007, 0.09130735454076613, 0.8888908714570578, 147.987345202037]
Retrieved eccentricity:
[0.010703388643526188, 0.02691481988012858, 0.13748488701442552, 0.014889104121454442]
 ± [0.029952908908784836, 0.022835334943773742, 0.0428753825513593, 0.08142454858443339]
