Global Fit Results.
chi^2: 5.365600319449477
Δϕ range=[2.25 - 2.37, length=100]
mu_1: 2.150695138181183e-6 ± 1.0161002295691767e-6
P_1: 224.7007771384792 ± 1.1501693730585065e-5
t01: 3503.768779029339 ± 0.0002809995724865877
ecos1: 0.002664234475648889 ± 0.016889110995980925
esin1: -0.005513471904247688 ± 0.02206829214138027
mu_2: 3.0602289604515282e-6 ± 2.9304584124783914e-7
P_2: 365.25645836174596 ± 2.4259571334573794e-5
t02: 3624.407522676905 ± 0.00037241104357963
ecos2: 0.015058267504201146 ± 0.013210313925869126
esin2: -0.00186916383116152 ± 0.01775571853668439
mu_3: 0.0010010106691284203 ± 0.0004208180060627589
P_3: 4243.506561340643 ± 104.97304803065403
t03: 577.9145435598887 ± 294.1038402936123
ecos3: 0.040886189352430574 ± 0.04010514846760728
esin3: -0.035623818809350366 ± 0.028783883075090326
tcos: 2.8672259799710458e-5 ± 0.0004934500760125536
tsin: -0.0018642652905535519 ± 0.0005507895889307066
dphi: 2.3099150525057195 ± 0.020914992361439087
Retrieved Earth masses:
[0.7160055863933777, 1.0188059629776796, 333.2546851533088]
 ± [0.3382782746802462, 0.09756029837880423, 140.0979794145396]
Retrieved eccentricity:
[0.00376779652880463, 0.021295606130283317, 0.05782180349596175]
 ± [0.023884809826940794, 0.018682205117170284, 0.05671724488387676]
