Global Fit Results.
chi^2: 0.591868446909561
per 4 range=[657.45 - 803.5500000000001, length=100]
mu_1: 2.7405895370710865e-6 ± 2.135545977235783e-6
P_1: 224.70079010859737 ± 2.7313836165742455e-5
t01: 3503.768621025844 ± 0.0004760344518240075
ecos1: 0.00016093709531435411 ± 0.03710257168782371
esin1: -0.008152092215080845 ± 0.04337427535717103
mu_2: 3.010182090003863e-6 ± 4.865759699998695e-7
P_2: 365.2628910260641 ± 0.028153255218044362
t02: 3624.3588325408014 ± 0.215914914382719
ecos2: 0.013584802993333983 ± 0.027642494161834036
esin2: -0.004586386973531827 ± 0.035008651971643615
mu_3: 2.9706856675013537e-6 ± 5.343291412196337e-6
P_3: 734.9867230955631 ± 11.505513534818734
t03: 107.27922628782503 ± 123.12314423712347
ecos3: 0.09006884519932806 ± 0.05029180652310346
esin3: -0.006440646382674582 ± 0.14057009394909886
mu_4: 0.0009405803615148961 ± 0.0009116304372537269
P_4: 4272.649508846708 ± 424.23249434407813
t04: 503.95841673224385 ± 758.550469925582
ecos4: 0.013462438925813554 ± 0.10384632947970868
esin4: -0.0457610026473698 ± 0.07276198770691962
tsin: 1.1280821989040599e-5 ± 0.0009075205080299766
tcos: -0.0014334008243695922 ± 0.0013012207478456637
dphi: 2.3088348590383445 ± 0.06385406931059477
Retrieved Earth masses:
[0.9123921767050693, 1.0021444482023507, 0.9889953697242798, 313.13633501124957]
 ± [0.710962154772822, 0.16199000338993344, 1.778879039125831, 303.4983779020927]
Retrieved eccentricity:
[0.00022759942288249108, 0.019211812635339536, 0.12737658242817257, 0.01903876371150501]
 ± [0.052470960079840305, 0.039092390141484794, 0.0711233548612166, 0.14686088755286897]
