Global Fit Results.
chi^2: 4.418795446821252
per 4 range=[657.45 - 712.2375, length=100]
mu_1: 2.2563552836233034e-6 ± 7.740503422345703e-7
P_1: 224.70077130984757 ± 1.1253206315223996e-5
t01: 3503.768874293727 ± 0.0002446383310567583
ecos1: -0.002223836410613615 ± 0.012210638418614387
esin1: -0.0029373697054817117 ± 0.014849683442725827
mu_2: 3.0234639399250588e-6 ± 2.0915850014349451e-7
P_2: 365.25645819554956 ± 1.7808603034819037e-5
t02: 3624.407471530766 ± 0.0002919250227247215
ecos2: 0.011050850051838836 ± 0.009392059569428464
esin2: 0.0007935770888913945 ± 0.011898777468446349
mu_3: 1.9849781753437136e-7 ± 3.1458147621765206e-7
P_3: 686.5158993423915 ± 6.801235655483484
t03: 371.3074080651985 ± 109.13464134217308
ecos3: -0.006763600851724798 ± 0.3916357468771048
esin3: -0.20897368793829912 ± 0.2967557295999719
mu_4: 0.0011455943162429184 ± 0.00040464520028880564
P_4: 4348.929531546002 ± 94.45506571714357
t04: 360.1228401508336 ± 251.6975569050949
ecos4: 0.03263489045598228 ± 0.02874211162849712
esin4: -0.03210366203771897 ± 0.021664725105400497
tsin: 0.00011878868853574058 ± 0.0003742844604391182
tcos: -0.0017914829556643478 ± 0.0004253044166512821
dphi: 2.3145407329040175 ± 0.015849905630861496
Retrieved Earth masses:
[0.7511817734096716, 1.006566217969895, 0.06608353909317764, 381.3892148675747]
 ± [0.2576954582500053, 0.06963267451799389, 0.10472990353165486, 134.71375778487683]
Retrieved eccentricity:
[0.0031449796123888775, 0.015628262019061902, 0.009565176054987428, 0.04615270468941042]
 ± [0.01726845045683843, 0.013282378021701746, 0.553856584743718, 0.04064748407626207]
