Global Fit Results.
chi^2: 0.6702864271137878
per 4 range=[657.45 - 803.5500000000001, length=100]
mu_1: 2.5424815411201818e-6 ± 1.8132174876781258e-6
P_1: 224.70078771700557 ± 2.50275954329425e-5
t01: 3503.768651052855 ± 0.0004867444547641301
ecos1: 0.00756843869151245 ± 0.042359810011329414
esin1: -0.0044588809800802575 ± 0.0493402776996518
mu_2: 3.0777376476468474e-6 ± 5.48527238398171e-7
P_2: 365.26358088870455 ± 0.0361548587359339
t02: 3624.363785016571 ± 0.2401480247239135
ecos2: 0.01903165165165342 ± 0.032294040378817085
esin2: -0.001590712496929956 ± 0.0396650824194501
mu_3: 2.4106958827460824e-6 ± 5.339995418879347e-6
P_3: 733.4984309932809 ± 9.206527594091593
t03: 116.66636890550748 ± 124.40910195074247
ecos3: 0.0972164959185666 ± 0.060634947496067085
esin3: 0.006744546162073079 ± 0.1596387597331635
mu_4: 0.0008662247989235625 ± 0.0008890312307242218
P_4: 4346.477680017232 ± 332.9367354326406
t04: 365.0909228852838 ± 688.7113434165401
ecos4: 0.010528186490073008 ± 0.11515170091821271
esin4: -0.052382043312019365 ± 0.0767246772029472
tsin: -6.116415016319533e-5 ± 0.000885220100848488
tcos: -0.0016487056826711567 ± 0.0010420669652997996
dphi: 2.303594837080236 ± 0.05589985894711825
Retrieved Earth masses:
[0.8464384163176244, 1.0246349238655832, 0.8025645701702885, 288.38201383868164]
 ± [0.6036531293885001, 0.18261470908153227, 1.7777817429141156, 295.974690404074]
Retrieved eccentricity:
[0.010703388643526188, 0.02691481988012858, 0.13748488701442552, 0.014889104121454442]
 ± [0.05990581781756967, 0.045670669887547484, 0.0857507651027186, 0.16284909716886678]
