Global Fit Results.
chi^2: 183.70789337563266
per 4 range=[657.45 - 730.5, length=300]
mu_1: 2.4611909597961294e-6 ± 1.3846578379197384e-7
P_1: 224.7007798495038 ± 1.6699183323922301e-6
t01: 3503.7695017917786 ± 3.7393672635917226e-5
ecos1: 0.005605292930046052 ± 0.0026791573443678044
esin1: 0.0003724698756857094 ± 0.003570563713875404
mu_2: 2.992430082091187e-6 ± 3.930733697567628e-8
P_2: 365.1960634202353 ± 0.022465877261849867
t02: 3625.482824897087 ± 0.4546806979617399
ecos2: 0.017016698061290983 ± 0.002090541973787866
esin2: 0.0022102336572002853 ± 0.0028704118036484328
mu_3: 3.3268637960782407e-6 ± 3.855784900220605e-7
P_3: 729.7281753551541 ± 0.15524053024770013
t03: 177.0275648424238 ± 5.220185266301923
ecos3: 0.1005500253975609 ± 0.004216096763515818
esin3: -0.006966892842695508 ± 0.012207386301750292
mu_4: 0.0008414818252682135 ± 5.2691447222613225e-5
P_4: 4256.693685427883 ± 17.268496015085084
t04: 452.41816839221536 ± 48.42778104869732
ecos4: 0.029366386852796803 ± 0.007157621240552975
esin4: -0.0554051797345558 ± 0.005591929327738448
tsin: 7.646460067362791e-5 ± 6.645468558229123e-5
tcos: -0.0017888457133037779 ± 7.79641941132482e-5
dphi: 2.308679600082909 ± 0.003358342567041441
Retrieved Earth masses:
[0.8193753010876298, 0.9962344814155542, 1.1075735565089777, 280.1446272157703]
 ± [0.04609778157737146, 0.013086128461996931, 0.12836610263711903, 17.54194255465165]
Retrieved eccentricity:
[0.005617654549713571, 0.017159637109466077, 0.10079109684556342, 0.06270660745253684]
