Global Fit Results.
chi^2: 1.8028877278312019
per 4 range=[657.45 - 730.5, length=100]
mu_1: 2.391178341824958e-6 ± 1.280534534733653e-6
P_1: 224.7007673955505 ± 2.4495719793078556e-5
t01: 3503.768925341161 ± 0.00045482845676572014
ecos1: -0.0032896831139731927 ± 0.018150812655667845
esin1: -0.0015989094308744786 ± 0.02204741803994647
mu_2: 3.0324436518812717e-6 ± 3.289761161086501e-7
P_2: 365.25645812601414 ± 3.5894528254306236e-5
t02: 3624.4074753001873 ± 0.0004965579612273491
ecos2: 0.010536370317575101 ± 0.013739820635084514
esin2: 0.0017270066032610304 ± 0.017451197588872154
mu_3: 2.3949773573583556e-7 ± 5.45185417783057e-7
P_3: 685.2081271139211 ± 10.416773647273574
t03: 379.4013079247985 ± 168.90198384463832
ecos3: 0.014269037902208388 ± 0.5974632777750605
esin3: -0.2155756210696791 ± 0.40100417889960677
mu_4: 0.0012331782154028578 ± 0.0007274909511654154
P_4: 4389.415651141307 ± 176.20090256783948
t04: 289.2078949314954 ± 417.2761917739554
ecos4: 0.031901433879680516 ± 0.042933259379886575
esin4: -0.028484483850564506 ± 0.034189415552446464
tsin: 0.0001489575725390235 ± 0.0006320124745898281
tcos: -0.001710027444891389 ± 0.0007261797701209503
dphi: 2.3164956938021724 ± 0.030985298064637252
Retrieved Earth masses:
[0.7960668252858115, 1.009555727645492, 0.07973315867559139, 410.5474902378648]
 ± [0.42631327153802295, 0.10952214134960601, 0.18150215612752799, 242.19498888418835]
Retrieved eccentricity:
[0.004652314475690645, 0.014900677801300024, 0.020179466923318838, 0.04511544045179273]
 ± [0.02566912542573868, 0.01943104068671023, 0.8449406704493743, 0.06071679769191749]
