Global Fit Results.
chi^2: 47.7451109604084
per 4 range=[657.45 - 1314.9, length=100]
mu_1: 1.7611680140732442e-6 ± 1.8540487062275833e-7
P_1: 224.70085427905897 ± 7.264623360975814e-6
t01: 3503.766206657094 ± 0.0005084117734114835
ecos1: -0.013138041674918853 ± 0.004754406750578647
esin1: -0.022461560524680752 ± 0.00264184941103388
mu_2: 2.868332809351268e-6 ± 5.2008616502622e-8
P_2: 365.25632674990163 ± 3.131145855584483e-5
t02: 3624.409083262199 ± 0.0003057209919278894
ecos2: 0.00011537422807678255 ± 0.004072538619701532
esin2: -0.014349742371168045 ± 0.0021807828886860297
mu_3: 3.0827179903463905e-7 ± 1.4115694035583962e-7
P_3: 671.4054473384507 ± 0.49379966983845613
t03: 681.0871933170392 ± 45.37012215798401
ecos3: 0.3083033254921937 ± 0.2104491453253501
esin3: 0.38871608043022965 ± 0.2624698609887487
mu_4: 0.005013451705822248 ± 0.0007801368396290472
P_4: 6865.02875120834 ± 220.7787833576744
t04: -2221.194324805496 ± 333.9144782991756
ecos4: 0.057092237260995986 ± 0.0024161731929274203
esin4: 0.0008404135847567901 ± 0.0024889039518538247
tsin: 0.00037451885252905344 ± 0.00012111391463630013
tcos: -0.0015093279565274106 ± 0.00013809208117766009
dphi: 2.3113831167660326 ± 0.006149280432884744
Retrieved Earth masses:
[0.5863249115447351, 0.9549202388897131, 0.10262929706671592, 1669.0693928465712]
 ± [0.061724658578389824, 0.017314615770211064, 0.04699371661687532, 259.72176409812266]
Retrieved eccentricity:
[0.018579996719693175, 0.00016316379809451262, 0.4360067442357871, 0.0807406162407231]
 ± [0.00672374650770652, 0.005759439349270111, 0.29762003550893656, 0.0034169848984802625]
