Global Fit Results.
chi^2: 2.6962044722584935
Δϕ range=[2.1 - 2.52, length=100]
mu_1: 2.4410346576996355e-6 ± 1.3638076437236815e-6
P_1: 224.70078858651925 ± 2.686806712346324e-5
t01: 3503.7687132224573 ± 0.0004171879076652428
ecos1: -0.09445629710145724 ± 0.06961769094865042
esin1: -0.028842290657265547 ± 0.05051979809014429
mu_2: 2.5425563469584113e-6 ± 4.2519662457827983e-7
P_2: 365.25641134941355 ± 6.30458416502463e-5
t02: 3624.407871227167 ± 0.0006213876242702208
ecos2: -0.062112353194688955 ± 0.053852159195022245
esin2: -0.02089524690331112 ± 0.039631116883596836
mu_3: 0.0007617409196293008 ± 0.0007155446837935924
P_3: 4534.190690995394 ± 394.7033451555259
t03: 1234.1823137385668 ± 579.6993098327753
ecos3: 0.0070096129026754675 ± 0.11347242263850564
esin3: 0.09813005936194527 ± 0.10214627276531398
tcos: -0.00015548026330086957 ± 0.0007790857547113275
tsin: -0.0010750060401005803 ± 0.0011072585661581142
dphi: 2.2998197017907134 ± 0.078655098234586
Retrieved Earth masses:
[0.812664900972843, 0.8464633205437587, 253.5974272486875]
 ± [0.45403640633974496, 0.1415557012748539, 238.21785887495426]
Retrieved eccentricity:
[0.1335813764124233, 0.08784013227883695, 0.009913089633949084]
 ± [0.09845428272068009, 0.07615845389667544, 0.1604742390507065]
