Global Fit Results.
chi^2: 54.76859803999363
per 4 range=[657.45 - 712.2375, length=300]
mu_1: 2.5786439070735927e-6 ± 3.890297285360273e-7
P_1: 224.7007821419986 ± 3.908294677863162e-6
t01: 3503.769410835188 ± 0.00010225501880839423
ecos1: 0.003545005782934557 ± 0.005584725497579187
esin1: -0.0010021407376236888 ± 0.00688172197056795
mu_2: 3.1915845104038166e-6 ± 1.0630571000494027e-7
P_2: 365.25644378483366 ± 1.6605258143844684e-5
t02: 3624.408918064594 ± 0.00024504224548134896
ecos2: 0.015965422060791476 ± 0.004375751720748222
esin2: 0.003269571320919381 ± 0.0054437985365470435
mu_3: 8.272391203357794e-7 ± 2.85760328124976e-7
P_3: 700.326207570226 ± 2.161229295462331
t03: 247.37721272518613 ± 32.97293663337194
ecos3: -0.050916350074533365 ± 0.018281689368941298
esin3: -0.007262192411901445 ± 0.0168516396238149
mu_4: 0.0012144525532135236 ± 0.00015995078404101696
P_4: 4337.051305691537 ± 35.555972435428274
t04: 337.36733664582664 ± 96.36480701335498
ecos4: 0.07654113989867176 ± 0.009380831488638977
esin4: -0.041796936902967784 ± 0.009349559508742626
tsin: -0.000149592283230782 ± 0.00018565710679985256
tcos: -0.001623032718342348 ± 0.0002111946529218404
dphi: 2.301292889915619 ± 0.009969262677340834
Retrieved Earth masses:
[0.8584775266406898, 1.0625366181969735, 0.27540297131301905, 404.31337620726475]
 ± [0.1295150828026975, 0.03539110721820927, 0.0951348183546462, 53.25052950936685]
Retrieved eccentricity:
[0.0036839316034699126, 0.016296772631468653, 0.05143164535128069, 0.08720969000895894]
