Global Fit Results.
chi^2: 204.5607068925476
per 4 range=[657.45 - 712.2375, length=300]
mu_1: 2.105571145087792e-6 ± 1.2955077280020803e-7
P_1: 224.7007730623921 ± 1.2909810294097904e-6
t01: 3503.769583973684 ± 3.453342098553975e-5
ecos1: 0.0009450534057775653 ± 0.0019920748111655665
esin1: -0.0054232642038831045 ± 0.0024746267256397594
mu_2: 3.0254172491105544e-6 ± 3.4284778430574145e-8
P_2: 365.25645837160437 ± 2.815445880855043e-6
t02: 3624.4086685073635 ± 4.8323881326805465e-5
ecos2: 0.013135721239560902 ± 0.0015311983265564363
esin2: -0.0014454207119294533 ± 0.0020139889460064264
mu_3: 2.3334311021804653e-7 ± 4.62424012425188e-8
P_3: 688.8857061551855 ± 0.8993015095247571
t03: 363.6296766437361 ± 11.82143374055211
ecos3: -0.050201201553940374 ± 0.03206926549817216
esin3: -0.15499033028303086 ± 0.03408269339194912
mu_4: 0.0011363263528393383 ± 5.922332063361129e-5
P_4: 4348.259949531808 ± 12.392651148565234
t04: 393.49351271723367 ± 38.60425164535078
ecos4: 0.03518117374616556 ± 0.004545504275027093
esin4: -0.028765464517095725 ± 0.003583246033248086
tsin: 0.00014142867504938992 ± 5.8865670398966124e-5
tcos: -0.0018547595402538348 ± 6.931942269394303e-5
dphi: 2.315719693195148 ± 0.0021812597151875503
Retrieved Earth masses:
[0.7009829871594542, 1.007216510177256, 0.07768417173427021, 378.30374103465175]
 ± [0.043129812031366496, 0.011414027236473088, 0.015394937678562901, 19.71652219118914]
Retrieved eccentricity:
[0.005504990514514228, 0.013215007132723238, 0.1629176574797905, 0.04544410781434907]
