Global Fit Results.
chi^2: 1.2727341456704864
per 4 range=[657.45 - 712.2375, length=100]
mu_1: 2.3185798910080757e-6 ± 1.486551313729611e-6
P_1: 224.7007682584043 ± 2.7732095379233962e-5
t01: 3503.7689047254044 ± 0.0005232208991193714
ecos1: -0.0029299280337015546 ± 0.021724409078486252
esin1: -0.0026213599489020843 ± 0.025989924950677288
mu_2: 3.0120516305377533e-6 ± 3.88913618378621e-7
P_2: 365.2564612665419 ± 3.4771730380567864e-5
t02: 3624.407443173409 ± 0.0005401117101502843
ecos2: 0.010542236427668173 ± 0.016579916419832544
esin2: 0.0009824828716876678 ± 0.020821383000468718
mu_3: 2.2855270042967188e-7 ± 6.245274163162438e-7
P_3: 684.9159180212681 ± 12.676022521321524
t03: 386.14739845854433 ± 188.79095418588705
ecos3: 0.00866807011210851 ± 0.7070969041278583
esin3: -0.20702543100861148 ± 0.4585400214112279
mu_4: 0.0012130766150469559 ± 0.0008695666599567652
P_4: 4364.827767330919 ± 180.18325119009955
t04: 331.00157252091606 ± 466.10163610812106
ecos4: 0.03330358083533391 ± 0.05085838223863088
esin4: -0.031369757565157703 ± 0.03845666300499507
tsin: 0.00013413149288421872 ± 0.0007074271534827546
tcos: -0.0017590794777366818 ± 0.0008234534797340588
dphi: 2.3157663281013297 ± 0.0303907464711116
Retrieved Earth masses:
[0.7718974786287338, 1.0027668522997468, 0.07608935705844849, 403.85530132891284]
 ± [0.49490000985957916, 0.12947642761635142, 0.20791655265302525, 289.49458024860394]
Retrieved eccentricity:
[0.004143543962037873, 0.01490897373375202, 0.01225850231214473, 0.04709837569291791]
 ± [0.03072295395333645, 0.023447542663939554, 0.9999860317296454, 0.07192461392222672]
