Global Fit Results.
chi^2: 1.7890048867908515
per 4 range=[657.45 - 803.5500000000001, length=100]
mu_1: 1.794343532304699e-6 ± 6.686794939678729e-7
P_1: 224.70077874871535 ± 1.8606787878386215e-5
t01: 3503.7688365768845 ± 0.00032180084709480886
ecos1: -0.004564142209269937 ± 0.006949748128065196
esin1: -0.012869985108473777 ± 0.006514200042989849
mu_2: 2.9384038037015894e-6 ± 2.401216815097692e-7
P_2: 365.25618550612563 ± 0.00010955749907535778
t02: 3624.4104666539597 ± 0.0011974999217830543
ecos2: 0.008356559431817933 ± 0.006905334636432869
esin2: -0.005850471094613868 ± 0.005619021308229497
mu_3: 1.2045807200258762e-6 ± 1.9725691425512093e-6
P_3: 800.3343739556303 ± 3.5598492785011215
t03: 601.4743622130329 ± 65.93899636895493
ecos3: 0.4880440726894609 ± 0.6893428072702271
esin3: 0.012635534086110825 ± 0.4421501811315591
mu_4: 0.008024506633980159 ± 0.003474579087574931
P_4: 7110.241158570822 ± 387.9961075745986
t04: -2737.0460059576944 ± 518.549329642373
ecos4: 0.0593617024982581 ± 0.008063708387174599
esin4: 0.0035511583553241408 ± 0.007205693613479409
tsin: 0.0006233055292249093 ± 0.0005370408257988522
tcos: -0.0025305281750518075 ± 0.0004888831512454646
dphi: 2.3093369017993535 ± 0.016813044213299298
Retrieved Earth masses:
[0.5973696458557567, 0.9782481492514755, 0.401026863123743, 2671.5044247691435]
 ± [0.22261558353295532, 0.07994088158890064, 0.6567041978847294, 1156.75066768095]
Retrieved eccentricity:
[0.006454671812949045, 0.011817959683253727, 0.6901985466332362, 0.08395012475859344]
 ± [0.00982842805778683, 0.00976561789556805, 0.9748779471658978, 0.011403805764163995]
