Global Fit Results.
chi^2: 0.6440417580168538
per 4 range=[657.45 - 803.5500000000001, length=100]
mu_1: 1.794330807154254e-6 ± 1.1144695365163406e-6
P_1: 224.70077874863657 ± 3.1010940533089016e-5
t01: 3503.768836578142 ± 0.0005363315112533078
ecos1: -0.0045644653040875305 ± 0.011582638175131374
esin1: -0.012870124540766243 ± 0.010856577306475181
mu_2: 2.9384021775581687e-6 ± 4.0020264700477225e-7
P_2: 365.2561855094669 ± 0.000182590286110868
t02: 3624.4104666209228 ± 0.001995793309476391
ecos2: 0.008356264837248176 ± 0.011509042978196953
esin2: -0.005850556129067623 ± 0.009364890837764402
mu_3: 1.2045848499578535e-6 ± 3.287755370045724e-6
P_3: 800.3343025991852 ± 5.933071708870645
t03: 601.4714658855833 ± 109.88312789966204
ecos3: 0.48803711247938786 ± 1.1489388333469772
esin3: 0.012613217892174546 ± 0.7368444210094692
mu_4: 0.008024419487977252 ± 0.005790936082730241
P_4: 7110.237935879767 ± 646.6544279788164
t04: -2737.026826411259 ± 864.2538225637464
ecos4: 0.059361767154491984 ± 0.013439683252596722
esin4: 0.003551312553431278 ± 0.012009656097414226
tsin: 0.0006232927753597466 ± 0.0008950712825695672
tcos: -0.0025305227913018564 ± 0.0008147941091323958
dphi: 2.3093368269277166 ± 0.0280216051009992
Retrieved Earth masses:
[0.597365409421385, 0.9782476078787105, 0.40102823805332494, 2671.475412277412]
 ± [0.3710272087590104, 0.13323475087555348, 1.0945536491231196, 1927.9081037902697]
Retrieved eccentricity:
[0.006455128738022019, 0.011817543063617774, 0.690188703409754, 0.08395021619631629]
 ± [0.016380323995331146, 0.016276244669700967, 1.6248448804564164, 0.019006582329820835]
