Global Fit Results.
chi^2: 2.8607752005773883
Δϕ range=[2.2 - 2.38, length=100]
mu_1: 2.214937023193868e-6 ± 1.3146327835952493e-6
P_1: 224.70077951318154 ± 2.6196212287702385e-5
t01: 3503.7687855929016 ± 0.00044946745651770726
ecos1: -0.08427164408250992 ± 0.06773382242021865
esin1: -0.028208406360024522 ± 0.05127274761757024
mu_2: 2.542559650128583e-6 ± 4.4611154864836557e-7
P_2: 365.25642282313316 ± 6.680620926006778e-5
t02: 3624.4077782035297 ± 0.000691479104980281
ecos2: -0.05592178829730457 ± 0.05320668033161186
esin2: -0.02037147369680354 ± 0.04029410178677943
mu_3: 0.0007568710036131768 ± 0.0008230375802239254
P_3: 4470.365040241084 ± 374.865188783519
t03: 1293.7118892009785 ± 579.8267594454279
ecos3: 0.011712808717168057 ± 0.12870039154836793
esin3: 0.09587957553905466 ± 0.1124714516068664
tcos: -0.00013245169580183887 ± 0.0007993933731482266
tsin: -0.001303841657481465 ± 0.0009216736503247205
dphi: 2.300193712359364 ± 0.05836524710033355
Retrieved Earth masses:
[0.7373928800794664, 0.8464644202292759, 251.97614350144278]
 ± [0.43766519968334894, 0.14851866046294185, 274.004202078767]
Retrieved eccentricity:
[0.11917810198496391, 0.07908535144220516, 0.01656441294130088]
 ± [0.09579009029804404, 0.07524560893381531, 0.1820098392104296]
