Global Fit Results.
chi^2: 3.9678132913429707
Δϕ range=[2.1 - 2.52, length=100]
mu_1: 2.453921588365655e-6 ± 1.12411823150005e-6
P_1: 224.70078260908832 ± 2.2504197758502255e-5
t01: 3503.7687691164047 ± 0.00036200423309969495
ecos1: -0.08175925165275974 ± 0.050029400951730627
esin1: -0.0363392303840458 ± 0.04515505596736994
mu_2: 2.600573591418611e-6 ± 3.562208665779465e-7
P_2: 365.2564121813546 ± 5.690582432823678e-5
t02: 3624.407868861323 ± 0.0005738680354931544
ecos2: -0.05266596817540207 ± 0.03885665377515038
esin2: -0.027160153882389623 ± 0.03529785285236065
mu_3: 0.0007944480680559898 ± 0.0006367062526328812
P_3: 4535.617815399019 ± 346.19185364114304
t03: 1154.3768665295634 ± 536.9719349815547
ecos3: 0.006719293707921412 ± 0.09777964158322287
esin3: 0.08493078488298363 ± 0.07735874243128676
tcos: -0.0001857692952270174 ± 0.0006679210129542828
tsin: -0.0011394522661738057 ± 0.0009046492089818006
dphi: 2.3021125539483784 ± 0.06228693806986492
Retrieved Earth masses:
[0.8169551949268886, 0.8657783180081524, 264.4862327203507]
 ± [0.3742394350699808, 0.11859241504372289, 211.9711091002293]
Retrieved eccentricity:
[0.11562504253680772, 0.07448092646916342, 0.009502516291310662]
 ± [0.07075225734333888, 0.05495160675725339, 0.13828129525097405]
