Global Fit Results.
chi^2: 28.64338272200634
per 4 range=[657.45 - 803.5500000000001, length=300]
mu_1: 2.1588365035677043e-6 ± 4.899643765591634e-7
P_1: 224.70075049841012 ± 2.4775760848189962e-5
t01: 3503.7692720044965 ± 0.0006589451268301781
ecos1: 0.00045730823933473646 ± 0.006360838676968012
esin1: -0.008097076259740831 ± 0.007667270731672874
mu_2: 3.006109072617922e-6 ± 1.2405314965050028e-7
P_2: 365.25646719455824 ± 2.0341483815241404e-5
t02: 3624.408507423703 ± 0.0002101146178150983
ecos2: 0.012829294258624103 ± 0.0046867696876271275
esin2: -0.002207608720966106 ± 0.006199385916272429
mu_3: 2.701757427140798e-7 ± 2.4433508861707695e-7
P_3: 679.2093945100611 ± 4.067437387483306
t03: 392.60857456629657 ± 74.3440615549202
ecos3: 0.2337501642621499 ± 0.4791201947786967
esin3: -0.4072668702371874 ± 0.2906946514058902
mu_4: 0.0015502036142765552 ± 0.00033419372050387975
P_4: 4296.395674842118 ± 57.908303323599405
t04: 485.600145229751 ± 129.09606832972122
ecos4: 0.02909020230783934 ± 0.013950107794250969
esin4: -0.020333475657332796 ± 0.011723227328801709
tsin: -0.00014753547835927509 ± 0.00029102210933808773
tcos: -0.0021381971192286414 ± 0.0004049162154494263
dphi: 2.320593870866478 ± 0.01140789626808001
Retrieved Earth masses:
[0.7187159952254492, 1.0007884665245954, 0.08994642599827384, 516.0910201377467]
 ± [0.1631180656533178, 0.04129955314567189, 0.08134360156209645, 111.25917689139574]
Retrieved eccentricity:
[0.008109979949532675, 0.013017846497760333, 0.46958007079237946, 0.03549211324531644]
