Global Fit Results.
chi^2: 7.369715653375478
per 4 range=[657.45 - 803.5500000000001, length=100]
mu_1: 2.0158463607801625e-6 ± 4.5955889433340967e-7
P_1: 224.70085572842106 ± 2.1001583593786775e-5
t01: 3503.765229890445 ± 0.0020228446611603116
ecos1: -0.005537983346237079 ± 0.004583630416186756
esin1: -0.015045586585123845 ± 0.0052158669806701904
mu_2: 2.9498514231812765e-6 ± 1.2983969026760827e-7
P_2: 365.25621758215635 ± 7.646854571941226e-5
t02: 3624.4100916119523 ± 0.0007610443078516928
ecos2: 0.007091300479334267 ± 0.0045941867542177535
esin2: -0.008674964644676304 ± 0.004255402915074187
mu_3: 5.572021881925981e-7 ± 4.0061944028271734e-7
P_3: 672.2736211622317 ± 1.1423882105623258
t03: -37.05346443945005 ± 50.28291844783988
ecos3: 0.27532717206063434 ± 0.2602875331721974
esin3: 0.1656431664086357 ± 0.3537702427726949
mu_4: 0.0067755522030692175 ± 0.001960865194722707
P_4: 7184.7301149693085 ± 390.4989655048207
t04: -2767.536096252967 ± 540.5611234880827
ecos4: 0.057671077631836626 ± 0.004374897193867993
esin4: 0.005326098867383771 ± 0.0056893110846295844
tsin: 0.00026665909423177357 ± 0.0003608674551597287
tcos: -0.0013569468775398324 ± 0.0003814352780064702
dphi: 2.296388465865728 ± 0.016819000310273443
Retrieved Earth masses:
[0.6711119721272941, 0.9820592702945505, 0.1855027578822306, 2255.704745025012]
 ± [0.15299552678477538, 0.043225997918893144, 0.13337350894966726, 652.8077404653153]
Retrieved eccentricity:
[0.007831891156444813, 0.01002861331273735, 0.38937142081797976, 0.081559220143615]
 ± [0.006482232299477145, 0.006497161215889576, 0.3681021595287584, 0.0061870389455561114]
