Global Fit Results.
chi^2: 27.805114011167312
per 4 range=[657.45 - 1314.9, length=100]
mu_1: 1.450348653995607e-6 ± 2.1643677452946118e-7
P_1: 224.70077957315604 ± 3.7346845825175814e-6
t01: 3503.768873512584 ± 5.418180158471959e-5
ecos1: -0.05548767675805147 ± 0.007325575142290026
esin1: 0.015722016614098683 ± 0.005530297536623652
mu_2: 2.6869424453417263e-6 ± 4.922969382364003e-8
P_2: 365.25640033490623 ± 1.6382645498208636e-5
t02: 3624.4081487481076 ± 0.00012700549998956868
ecos2: -0.03298675762196181 ± 0.005689880105117559
esin2: 0.015136794796645136 ± 0.004373773910956609
mu_3: 4.146173590194849e-6 ± 1.0456541312639953e-6
P_3: 932.919775234477 ± 3.1570712347309735
t03: 867.6008595009424 ± 17.101422964680513
ecos3: 0.07877607538820643 ± 0.04015623326219196
esin3: 0.16649543601215339 ± 0.05553633648741029
mu_4: 0.0015643837818230916 ± 0.00023352626713303465
P_4: 5390.670058194583 ± 116.67217238507739
t04: 453.8595500117478 ± 137.8063843905065
ecos4: 0.06249120480078148 ± 0.007827367117480987
esin4: 0.07542553330191022 ± 0.010524591314377912
tsin: 0.00037086183774774287 ± 0.00010694033874876214
tcos: -0.0019684412812176356 ± 0.00018516482449075473
dphi: 2.323572441159958 ± 0.005782429731276821
Retrieved Earth masses:
[0.4828474850030034, 0.8945320826870654, 1.3803367106910278, 520.8118562056147]
 ± [0.07205574463478556, 0.016389461792326022, 0.3481173068785085, 77.74514800747133]
Retrieved eccentricity:
[0.07847142501581075, 0.04665032000769245, 0.11140619420452691, 0.08837590935829984]
 ± [0.01035992771840977, 0.008046705612934104, 0.05678948969320947, 0.011069568735214811]
