Global Fit Results.
chi^2: 2.332374742901503
Δϕ range=[2.1 - 2.52, length=100]
mu_1: 2.2879060169129647e-6 ± 1.3113395096515838e-6
P_1: 224.7007964845494 ± 3.101079533148859e-5
t01: 3503.768635761224 ± 0.000446562316112694
ecos1: -0.08753369224606215 ± 0.06907415682115044
esin1: -0.038782244712366715 ± 0.058316895728637075
mu_2: 2.5169300416038125e-6 ± 4.40713673036963e-7
P_2: 365.25641095626514 ± 7.109311275382089e-5
t02: 3624.4078290947373 ± 0.0006793464257963494
ecos2: -0.05755039004504044 ± 0.05389401977452001
esin2: -0.028375739775069325 ± 0.04533948530759721
mu_3: 0.0007100983385735228 ± 0.0007015520694067372
P_3: 4462.216220904417 ± 462.57698976442214
t03: 1251.747426516078 ± 663.7044405049757
ecos3: -0.006871446414420226 ± 0.13418475872084937
esin3: 0.09155062357732789 ± 0.10188341030440372
tcos: -0.00011071163368609903 ± 0.0007962813375940514
tsin: -0.0012256954680627313 ± 0.0010645981003867815
dphi: 2.314166352348309 ± 0.07247363657927774
Retrieved Earth masses:
[0.7616855872181268, 0.8379318567082881, 236.4046713460632]
 ± [0.436568808800547, 0.14672160934964956, 233.55946267022324]
Retrieved eccentricity:
[0.12379133473897373, 0.08138854212155774, 0.00971769271239306]
 ± [0.09768560938595698, 0.07621765369592998, 0.1897659056467866]
