Global Fit Results.
chi^2: 285.9826089460393
per 4 range=[657.45 - 712.2375, length=300]
mu_1: 2.3641685468774857e-6 ± 1.2481532294320144e-7
P_1: 224.70077402047627 ± 1.4342296092311255e-6
t01: 3503.7695248395135 ± 3.8471977252590453e-5
ecos1: 7.667199530263545e-5 ± 0.0021757385938245225
esin1: -0.00268434229168427 ± 0.002736096371049339
mu_2: 2.995145564561455e-6 ± 3.502793347028923e-8
P_2: 365.25645914659935 ± 2.7721538409679018e-6
t02: 3624.408603967278 ± 4.6897285316474536e-5
ecos2: 0.012648762542931557 ± 0.0016785646018451388
esin2: 0.00048181914083748846 ± 0.0022054891712865628
mu_3: 1.1631488539500133e-7 ± 6.334995332304795e-8
P_3: 686.8281955815958 ± 0.8308804241989733
t03: 337.6976110434907 ± 42.948865911312176
ecos3: 0.10280072585848977 ± 0.19682139104700588
esin3: -0.32556690980301517 ± 0.1435108400242072
mu_4: 0.0010677413433696366 ± 6.219196107975411e-5
P_4: 4342.382237010075 ± 13.814116956211702
t04: 375.46101543124377 ± 42.64489636333031
ecos4: 0.024361909445555403 ± 0.005545687500985514
esin4: -0.03474196316974694 ± 0.0040608046346965925
tsin: 8.480199011866376e-5 ± 6.15331218362925e-5
tcos: -0.0017718277213619358 ± 6.704852373741764e-5
dphi: 2.312787577131635 ± 0.002573011484059068
Retrieved Earth masses:
[0.7870747725646227, 0.9971385149923954, 0.03872334402260153, 355.47054210684905]
 ± [0.04155329451779187, 0.011661437085756697, 0.02109035338008043, 20.704836669469476]
Retrieved eccentricity:
[0.0026854370470723097, 0.012657935990987856, 0.3414114848620605, 0.042432377222134214]
