Global Fit Results.
chi^2: 1.9893356126120043
per 4 range=[657.45 - 803.5500000000001, length=100]
mu_1: 2.740603144708083e-6 ± 1.1648475046481032e-6
P_1: 224.70079010857967 ± 1.4898464969413021e-5
t01: 3503.768621025133 ± 0.0002596559999711636
ecos1: 0.00016092901375960164 ± 0.02023809710863875
esin1: -0.00815129666911303 ± 0.023658083828641915
mu_2: 3.0101818426022747e-6 ± 2.6540830202744347e-7
P_2: 365.26289102046815 ± 0.015357562063048925
t02: 3624.358831967497 ± 0.1177830247607466
ecos2: 0.013584794605028988 ± 0.015078095438306908
esin2: -0.00458573777404724 ± 0.019095056540508575
mu_3: 2.9706935599249577e-6 ± 2.9147177488580798e-6
P_3: 734.9867230955631 ± 6.276116195371697
t03: 107.28013701842143 ± 67.16022320103625
ecos3: 0.09006874455466106 ± 0.0274320121000348
esin3: -0.006439614321760004 ± 0.07667301555168837
mu_4: 0.0009405837829666949 ± 0.0004972519853987511
P_4: 4272.651182571586 ± 231.41136477914023
t04: 503.9475290048 ± 413.76096049612613
ecos4: 0.013463220383775789 ± 0.05664256114293653
esin4: -0.04576181591749608 ± 0.03968880847291312
tsin: 1.1281053284723208e-5 ± 0.0004950236816874599
tcos: -0.001433394984261585 ± 0.0007097631349661451
dphi: 2.308834397608906 ± 0.03483221190638931
Retrieved Earth masses:
[0.9123967069352884, 1.0021443658378555, 0.9889979972558579, 313.13747407487506]
 ± [0.3877989519843168, 0.08835925815480279, 0.9703626301527922, 165.54424337974692]
Retrieved eccentricity:
[0.00022758799383815507, 0.019211800772484848, 0.12737644009511953, 0.019039868859953627]
 ± [0.028620991407660643, 0.021323647063609525, 0.03879472355505206, 0.08010467817588812]
