Global Fit Results.
chi^2: 218.39256220003617
Δϕ range=[2.1 - 2.52, length=100]
mu_1: 2.441026822227431e-6 ± 1.515359404978839e-7
P_1: 224.70078858670846 ± 2.985355988125368e-6
t01: 3503.768713218443 ± 4.635441339868e-5
ecos1: -0.0944564687901488 ± 0.007735319027803611
esin1: -0.02884128108416909 ± 0.00561319061005934
mu_2: 2.542555942116326e-6 ± 4.7244069296043906e-8
P_2: 365.256411350374 ± 7.005269372919285e-6
t02: 3624.407871215571 ± 6.904493256182149e-5
ecos2: -0.062112509836528426 ± 0.005983594721290001
esin2: -0.020894436432792214 ± 0.004403358636385246
mu_3: 0.0007617395580138436 ± 7.950575350914896e-5
P_3: 4534.176797052203 ± 43.85706476875349
t03: 1234.2047473582682 ± 64.4106779496599
ecos3: 0.00701064253870034 ± 0.012608069458081914
esin3: 0.0981307002419824 ± 0.01134963934901184
tcos: -0.00015547638631715005 ± 8.656516620840226e-5
tsin: -0.0010750131620415012 ± 0.00012302896769619275
dphi: 2.299819453726041 ± 0.008739438039656992
Retrieved Earth masses:
[0.8126622924014231, 0.8464631857644543, 253.5969739421]
 ± [0.050449074817557366, 0.01572841121895612, 26.468913539790524]
Retrieved eccentricity:
[0.1335816192168994, 0.08784035380385077, 0.009914545759179766]
 ± [0.010939393078402531, 0.00846208080659238, 0.01783050282296144]
