Global Fit Results.
chi^2: 1.8892235426714272
Δϕ range=[2.1 - 2.52, length=100]
mu_1: 2.28792372207672e-6 ± 1.457049628876266e-6
P_1: 224.70079648448814 ± 3.4456926653486044e-5
t01: 3503.7686357628286 ± 0.0004961831621157982
ecos1: -0.0875318060816787 ± 0.07674658374680336
esin1: -0.03878186920495546 ± 0.06479497229217851
mu_2: 2.5169374830087097e-6 ± 4.896805135536958e-7
P_2: 365.25641095612025 ± 7.899108106117596e-5
t02: 3624.407829095339 ± 0.0007548196729159502
ecos2: -0.05754890023885256 ± 0.05988017325273691
esin2: -0.028375479747891473 ± 0.05037588455747838
mu_3: 0.0007101160473939316 ± 0.0007795194652444776
P_3: 4462.216939989648 ± 513.9638303771375
t03: 1251.7388446781313 ± 737.432448458359
ecos3: -0.006868749316206198 ± 0.14909169378853393
esin3: 0.09154759526470119 ± 0.11319943823179526
tcos: -0.00011071027139981491 ± 0.0008847492866046412
tsin: -0.0012256917759458593 ± 0.0011828875368749248
dphi: 2.3141663943523985 ± 0.08052676587740258
Retrieved Earth masses:
[0.7616914815896404, 0.8379343340875235, 236.41056693494332]
 ± [0.4850783615989727, 0.1630235624882355, 259.5162289200305]
Retrieved eccentricity:
[0.12378866729972178, 0.08138643521744154, 0.009713878439519728]
 ± [0.10853605960053186, 0.08468335313127119, 0.21084749539292122]
