Global Fit Results.
chi^2: 93.83505932932246
Δϕ range=[2.2 - 2.38, length=200]
mu_1: 1.5909587646889171e-6 ± 4.307741737120346e-7
P_1: 224.70077959111384 ± 7.793727100738127e-6
t01: 3503.7695223688224 ± 0.00013204305795050682
ecos1: -0.14075268382698253 ± 0.038981110442699314
esin1: -0.021319132020404814 ± 0.020424966640196513
mu_2: 2.4210639937604435e-6 ± 1.7604444737152492e-7
P_2: 365.2564006446272 ± 1.958301888282891e-5
t02: 3624.409127008465 ± 0.00019994598789561157
ecos2: -0.09891822890403566 ± 0.030681068527556542
esin2: -0.01782127321406104 ± 0.015808644853912035
mu_3: 0.0005308586150374062 ± 0.00017927397891972626
P_3: 4584.969665526963 ± 90.33315537761004
t03: 1393.4542839135713 ± 181.02038606941042
ecos3: -0.028028346001327236 ± 0.05185407377919834
esin3: 0.18289738504819034 ± 0.06536609304042708
tcos: -0.00024287095343436863 ± 0.0002443447219047292
tsin: -0.00159781227077672 ± 0.00036891740719292176
dphi: 2.298207581189434 ± 0.015346525002720494
Retrieved Earth masses:
[0.5296591520647251, 0.8060163031820194, 176.73250253091595]
 ± [0.14341256897648888, 0.05860840317802774, 59.68357305631247]
Retrieved eccentricity:
[0.19905435440853086, 0.13989150088201352, 0.039638067045962684]
