Global Fit Results.
chi^2: 17.761878172011052
per 4 range=[657.45 - 712.2375, length=100]
mu_1: 2.2570523458670435e-6 ± 3.8605194092226344e-7
P_1: 224.7007709855242 ± 4.626303321565709e-6
t01: 3503.7688782374275 ± 0.00011708503841192384
ecos1: -0.0022719493753867726 ± 0.00601338247243204
esin1: -0.002684963605743375 ± 0.0073260432524015024
mu_2: 3.0201582446678123e-6 ± 1.0367321946334215e-7
P_2: 365.25645834470185 ± 8.510250113906221e-6
t02: 3624.4074698106315 ± 0.00014363047711693266
ecos2: 0.010962776070886327 ± 0.004586325046314617
esin2: 0.000957764585866941 ± 0.005897386148888541
mu_3: 2.0000296507910438e-7 ± 1.5086049649750577e-7
P_3: 686.4286091620503 ± 2.7442876875664193
t03: 372.33245838031263 ± 50.41067769679775
ecos3: -0.008268638152025418 ± 0.19348370834848883
esin3: -0.21020673274186785 ± 0.14823981150640142
mu_4: 0.0011453254109752287 ± 0.00019519302721608252
P_4: 4349.59230661608 ± 40.343893382996676
t04: 357.1550352346078 ± 122.55368142657639
ecos4: 0.03230843414114158 ± 0.014247555057788991
esin4: -0.032218176561428016 ± 0.010684486974500975
tsin: 0.00012022856823667253 ± 0.00018512487862703246
tcos: -0.0017924586193564611 ± 0.00020865449467705072
dphi: 2.314581839540122 ± 0.007588224617013124
Retrieved Earth masses:
[0.7514138381275953, 1.005465691805548, 0.06658463012706843, 381.2996914058538]
 ± [0.12852372306570053, 0.03451470316611939, 0.05022420720662501, 64.98331419949295]
Retrieved eccentricity:
[0.0032130216196970558, 0.015503706600706674, 0.011693620216949953, 0.045691025741440364]
 ± [0.008504207048250046, 0.006486043081949545, 0.2736272844446733, 0.020149085593382576]
