Global Fit Results.
chi^2: 2.0986781068110663
Δϕ range=[2.1 - 2.52, length=100]
mu_1: 2.453931378467702e-6 ± 1.5456498327014625e-6
P_1: 224.70078260895272 ± 3.094312550366399e-5
t01: 3503.7687691200817 ± 0.0004977535440366978
ecos1: -0.08175818120237995 ± 0.06878926086997154
esin1: -0.03633992629831878 ± 0.06208778793888469
mu_2: 2.600578323714231e-6 ± 4.897964353274965e-7
P_2: 365.2564121799525 ± 7.824636341802904e-5
t02: 3624.407868875981 ± 0.0007890781834735946
ecos2: -0.052665082720754576 ± 0.05342694444909224
esin2: -0.027160734663332905 ± 0.048534151331597906
mu_3: 0.0007944570717527959 ± 0.0008754702250681004
P_3: 4535.629973138991 ± 476.0251702033344
t03: 1154.355390907747 ± 738.3526757641653
ecos3: 0.006719660898012845 ± 0.13444397898991187
esin3: 0.08492932314142494 ± 0.1063656363607041
tcos: -0.00018577499318063985 ± 0.0009183884153393369
tsin: -0.0011394508240675971 ± 0.0012438927780290983
dphi: 2.302112547348789 ± 0.08564413220703222
Retrieved Earth masses:
[0.8169584542301866, 0.8657798934755628, 264.48923021501975]
 ± [0.5145749833043073, 0.16306215495824786, 291.4599846075535]
Retrieved eccentricity:
[0.11562352869136275, 0.07447967424719205, 0.009503035576517936]
 ± [0.09728270566793461, 0.0755571094360602, 0.1901324984669368]
