Global Fit Results.
chi^2: 32.195588899283344
per 4 range=[657.45 - 1314.9, length=300]
mu_1: 1.5269548675518532e-6 ± 2.0850358281691247e-7
P_1: 224.7007811665491 ± 3.7771211207773185e-6
t01: 3503.7696110460583 ± 5.498235891916793e-5
ecos1: -0.05875813471521917 ± 0.008700281022693492
esin1: 0.024537181564436714 ± 0.006285832206784323
mu_2: 2.6942525712228973e-6 ± 5.4007094836919915e-8
P_2: 365.25639512172137 ± 1.544137856840555e-5
t02: 3624.40931057561 ± 0.00012082178500063641
ecos2: -0.03587828679489061 ± 0.00679551092067565
esin2: 0.02150512654752458 ± 0.004959743902951993
mu_3: 4.202537694195892e-6 ± 9.491235210122567e-7
P_3: 932.5014583820983 ± 2.885852007594687
t03: 871.0391290782895 ± 15.749596804346591
ecos3: 0.10282130442263367 ± 0.0414358086637018
esin3: 0.1534089523059607 ± 0.04785143372009685
mu_4: 0.0013744437677588727 ± 0.00021723628581912473
P_4: 5381.995174886144 ± 120.34560099760785
t04: 545.7640398906029 ± 135.97302387154153
ecos4: 0.05954549271894431 ± 0.009677361273144208
esin4: 0.09229027264759858 ± 0.013141043876656731
tsin: 0.00032513445045122757 ± 0.00010821865584662905
tcos: -0.0018872781740647973 ± 0.00018212065763663842
dphi: 2.317859700073607 ± 0.00617535547888552
Retrieved Earth masses:
[0.508351088877378, 0.8969657567467852, 1.3991013475846295, 457.5773657679651]
 ± [0.06941464061066144, 0.01797994560996397, 0.31598050842149533, 72.3219165062056]
Retrieved eccentricity:
[0.06367567568811483, 0.04182967763635608, 0.18467952591119682, 0.10983241838596622]
