Global Fit Results.
chi^2: 2.497764115016269
per 4 range=[657.45 - 712.2375, length=100]
mu_1: 2.257049984457348e-6 ± 1.029484503007595e-6
P_1: 224.70077098551536 ± 1.2336570249960808e-5
t01: 3503.7688782403543 ± 0.0003122240314506221
ecos1: -0.0022719468313482233 ± 0.016035725234518555
esin1: -0.0026847733166347055 ± 0.019537058010908732
mu_2: 3.0201579731688745e-6 ± 2.764629137575321e-7
P_2: 365.2564583445204 ± 2.269389261522423e-5
t02: 3624.407469814967 ± 0.0003830124470035398
ecos2: 0.010962754278186142 ± 0.012230199535984015
esin2: 0.0009579133725683651 ± 0.01572710337583421
mu_3: 2.0000699718358398e-7 ± 4.0228121539056677e-7
P_3: 686.4287864909485 ± 7.317808309207022
t03: 372.3338120570013 ± 134.4247306563861
ecos3: -0.00828827089875497 ± 0.5159025619387927
esin3: -0.21020466236242838 ± 0.39530736195973404
mu_4: 0.0011453226864053727 ± 0.0005205043525998282
P_4: 4349.593070060772 ± 107.5914095154069
t04: 357.15141443207904 ± 326.8444507624325
ecos4: 0.032308745679664685 ± 0.03799340458170627
esin4: -0.03221820370362511 ± 0.028492791616756264
tsin: 0.00012023042913058653 ± 0.0004936603167406969
tcos: -0.0017924586818121619 ± 0.0005564126183446057
dphi: 2.314581841028137 ± 0.02023547053217595
Retrieved Earth masses:
[0.7514130519712946, 1.005465601418606, 0.06658597248809445, 381.2987843469207]
 ± [0.3427341431023176, 0.09203953975940389, 0.13392674415228917, 173.28537996264777]
Retrieved eccentricity:
[0.0032130180218832363, 0.015503675781174512, 0.01172138511364152, 0.04569146632344494]
 ± [0.02267794010914462, 0.01729611405431773, 0.7295963999568663, 0.05373078804017709]
