Global Fit Results.
chi^2: 0.7723642775847711
per 4 range=[657.45 - 1314.9, length=100]
mu_1: 1.4503528128591003e-6 ± 1.298616229474475e-6
P_1: 224.70077957303084 ± 2.240816002195314e-5
t01: 3503.7688735150496 ± 0.00032509261406858463
ecos1: -0.05548833368714568 ± 0.04394929767502205
esin1: 0.015721278927226696 ± 0.03318375095091921
mu_2: 2.686937983950751e-6 ± 2.953572001965353e-7
P_2: 365.25640033486576 ± 9.829986439095537e-5
t02: 3624.408148759312 ± 0.0007620696577673828
ecos2: -0.03298732191905983 ± 0.03413547562847131
esin2: 0.015136270391323538 ± 0.026243756750283436
mu_3: 4.146525599511259e-6 ± 6.2743413541917734e-6
P_3: 932.9195836799536 ± 18.940769926631802
t03: -65.32081550553968 ± 118.79797771701631
ecos3: 0.07877398456840158 ± 0.240897971162527
esin3: 0.16648076879822626 ± 0.3331877980580957
mu_4: 0.001564403901061365 ± 0.0014011663460853742
P_4: 5390.722482958783 ± 700.2296774778954
t04: 453.79081332178424 ± 827.0871967390196
ecos4: 0.06248981116294912 ± 0.04696334849130684
esin4: 0.07542432435192423 ± 0.0631456285601214
tsin: 0.0003708722194321776 ± 0.0006416616602762799
tcos: -0.0019684258674744653 ± 0.0011110008653826059
dphi: 2.323572305044322 ± 0.034695095438999575
Retrieved Earth masses:
[0.48284886956441386, 0.8945305974087455, 1.3804539010043073, 520.8185542665076]
 ± [0.432332997075152, 0.09832979187420791, 2.088842523882545, 466.4737988443846]
Retrieved eccentricity:
[0.07847235405384531, 0.04665111804430168, 0.11140323733880242, 0.08837393845677627]
 ± [0.06215369282878852, 0.048274852591840375, 0.34068117796620845, 0.06641620437086017]
