Global Fit Results.
chi^2: 4.1104262805692375
per 4 range=[657.45 - 712.2375, length=100]
mu_1: 2.344476034577762e-6 ± 8.269471150964821e-7
P_1: 224.70076644455207 ± 1.5873396668074135e-5
t01: 3503.7689399161018 ± 0.00029660418599605483
ecos1: -0.0029991019795651804 ± 0.01172868053644174
esin1: -0.0023079072637633333 ± 0.014034882612677798
mu_2: 3.024375418348258e-6 ± 2.1587698820684675e-7
P_2: 365.25645914944465 ± 2.0593675172359198e-5
t02: 3624.4074656354737 ± 0.0003062154067461739
ecos2: 0.010592209569179918 ± 0.00894271198997537
esin2: 0.0013195929497818635 ± 0.011262442034169765
mu_3: 2.500493793217986e-7 ± 3.4274302466592944e-7
P_3: 685.1715499046378 ± 6.421362585991785
t03: 383.8846398986733 ± 94.52883595160016
ecos3: -0.004348043221106485 ± 0.3371661444263814
esin3: -0.21026292414508235 ± 0.24024199593794657
mu_4: 0.0012308095939505396 ± 0.000483546145657879
P_4: 4386.473297648947 ± 115.46373313011183
t04: 299.4566674444028 ± 271.4991036002637
ecos4: 0.032107127040773266 ± 0.02807478388794377
esin4: -0.02839922410847285 ± 0.021961525946999974
tsin: 0.00016945237968824753 ± 0.00039951087337319413
tcos: -0.0017373133037111943 ± 0.00046851037830191545
dphi: 2.3180448160467857 ± 0.01758315405386847
Retrieved Earth masses:
[0.7805187765211077, 1.0068696657395495, 0.08324599302345279, 409.7589330119693]
 ± [0.2753057574499841, 0.07186938157148431, 0.11410539597244156, 160.98131967826131]
Retrieved eccentricity:
[0.004241370694441075, 0.014979646428232319, 0.006149061693073189, 0.04540633450989749]
 ± [0.016586859083377255, 0.012646904580619659, 0.4768249342208343, 0.03970374013502373]
