Global Fit Results.
chi^2: 69.14449850678173
per 4 range=[657.45 - 803.5500000000001, length=100]
mu_1: 2.6783696932554216e-6 ± 1.983013921610766e-7
P_1: 224.700791105717 ± 2.6347101324111306e-6
t01: 3503.7686129715244 ± 4.4114824160206875e-5
ecos1: -0.0015981941594849377 ± 0.0034152024982477503
esin1: -0.007996179605053865 ± 0.0038190276193487186
mu_2: 2.992424116092052e-6 ± 4.5584159626672417e-8
P_2: 365.2640116925558 ± 0.0027788322787518456
t02: 3624.3514894050395 ± 0.020804685923582387
ecos2: 0.012102654742742403 ± 0.0025690633261928678
esin2: -0.004693353923909928 ± 0.0030856507401516896
mu_3: 3.2109219026394168e-6 ± 5.040942922968325e-7
P_3: 734.9867230955631 ± 0.9654560837423786
t03: 106.15107845450372 ± 11.032755442722811
ecos3: 0.0895296912986304 ± 0.004238714762829946
esin3: -0.004676343873333791 ± 0.0127895339547445
mu_4: 0.0009516302069395622 ± 8.268670316995914e-5
P_4: 4247.3815972230595 ± 45.234537850960386
t04: 547.0227563583081 ± 80.05077539955019
ecos4: 0.014746504852524881 ± 0.009148344150890322
esin4: -0.042944643648519715 ± 0.0069035633234269195
tsin: 6.058557368956589e-6 ± 8.276686888597859e-5
tcos: -0.0014546128634024312 ± 0.00011794127844283952
dphi: 2.3067853844327972 ± 0.005932135496525989
Retrieved Earth masses:
[0.8916780573649312, 0.9962324952257714, 1.0689743883026326, 316.81502982595725]
 ± [0.06601814550852138, 0.015175797054782447, 0.16782217197867766, 27.52790962284408]
Retrieved eccentricity:
[0.002260187855649068, 0.017115738477905366, 0.1266141036695996, 0.020854707160041345]
 ± [0.004829825691272445, 0.003633204198497288, 0.005994447904625166, 0.01293771237144567]
