Global Fit Results.
chi^2: 33.55375514343229
per 4 range=[657.45 - 803.5500000000001, length=300]
mu_1: 1.7374220802552529e-6 ± 3.624217661272805e-7
P_1: 224.7007730989764 ± 1.0210228654950631e-5
t01: 3503.7696612625464 ± 0.00015857949240116154
ecos1: -0.04108747937265031 ± 0.0032700517066789636
esin1: 0.0023766918819267996 ± 0.003150113459503192
mu_2: 2.8427514060335796e-6 ± 1.1657672176421521e-7
P_2: 365.4122844643034 ± 0.06945034918483516
t02: 3623.3656348097434 ± 0.452017857748352
ecos2: -0.021595485114591806 ± 0.0017413214303210961
esin2: 0.0002652340575061264 ± 0.0017763333397010012
mu_3: 7.007640044841449e-6 ± 2.508615981397341e-6
P_3: 729.036785377607 ± 0.580818422248842
t03: 724.5387992270192 ± 15.19831417781211
ecos3: 0.08375091582253326 ± 0.07740535772792932
esin3: -0.10501625223980257 ± 0.027458082430220205
mu_4: 0.006562190340917249 ± 0.0010119956179777212
P_4: 6213.41243936719 ± 154.39582410639468
t04: 2871.151379751356 ± 97.9904801020976
ecos4: 0.06787036424778208 ± 0.005308107838227698
esin4: -0.027563888034828624 ± 0.004684836765897779
tsin: -0.00036525052793343673 ± 0.00022711806331720467
tcos: -0.0017978208710501525 ± 0.00026727533569488403
dphi: 2.285864356062412 ± 0.012601849850122035
Retrieved Earth masses:
[0.578419457644752, 0.9464037237602201, 2.3329710150289666, 2184.6726947301954]
 ± [0.12065680745302645, 0.03881051411925997, 0.8351639546250208, 336.9117747159869]
Retrieved eccentricity:
[0.04115616145244332, 0.02159711384513721, 0.1343228541075825, 0.0732540392519292]
