Global Fit Results.
chi^2: 3.2387582087293625
Δϕ range=[2.25 - 2.37, length=100]
mu_1: 2.4363716488206404e-6 ± 1.3231353444481204e-6
P_1: 224.70077685786896 ± 1.532692038399143e-5
t01: 3503.768782395469 ± 0.00038236307513467635
ecos1: 0.004648315378819922 ± 0.02655486620602066
esin1: -0.0037906375251768585 ± 0.03446575244255706
mu_2: 3.077225738292449e-6 ± 4.049729935268075e-7
P_2: 365.25645110728453 ± 3.1363250967032425e-5
t02: 3624.4075931276184 ± 0.0005017684478479991
ecos2: 0.016921287740359912 ± 0.02068304023832653
esin2: -0.0006675559223130156 ± 0.027661029849878765
mu_3: 0.000914030360149842 ± 0.0005730180413338234
P_3: 4258.686075801348 ± 146.45168136493206
t03: 550.1064979143184 ± 431.43061864717896
ecos3: 0.03120083404320828 ± 0.06485395346984973
esin3: -0.035081730239269505 ± 0.04546454242884681
tcos: 8.288193006371758e-5 ± 0.0006729212088181447
tsin: -0.0017062965251851605 ± 0.0007123501564270534
dphi: 2.3128071949954876 ± 0.029985126987562893
Retrieved Earth masses:
[0.8111125003803602, 1.0244644999170798, 304.2973559487837]
 ± [0.4404958570653402, 0.1348228861245586, 190.7681434785692]
Retrieved eccentricity:
[0.006573710650914564, 0.023930314615234573, 0.04412464266125732]
 ± [0.03755425193555739, 0.029250236016149827, 0.09171734057057514]
