Global Fit Results.
chi^2: 63.05938943133906
per 4 range=[547.875 - 1826.25, length=500]
mu_1: 3.926519532680637e-6 ± 3.752973930869211e-7
P_1: 224.70077957442777 ± 4.341694721987833e-6
t01: 3503.7693338657755 ± 0.00010583294579963685
ecos1: -0.005666091866941033 ± 0.0064296877485822855
esin1: 0.002351765141887064 ± 0.007031352147115094
mu_2: 3.018779480914976e-6 ± 1.0947066346335894e-7
P_2: 365.2564594135237 ± 9.902251959538953e-6
t02: 3624.408518603948 ± 0.0001518600948938301
ecos2: 0.010294671547450014 ± 0.005053960202445764
esin2: 0.003936190919383218 ± 0.005522248995045893
mu_3: 2.422879856116094e-6 ± 5.569140148334449e-7
P_3: 782.4459309944899 ± 2.575953783466475
t03: -83.56012411396254 ± 29.03690289430951
ecos3: 0.0928802086648225 ± 0.014617025368386232
esin3: 0.016967187789217367 ± 0.013011461669656757
mu_4: 0.0010504622281548104 ± 0.0002209560630005412
P_4: 4386.0569336970675 ± 58.011671576683796
t04: 181.73306470126343 ± 137.17037536367218
ecos4: 0.01857523847643446 ± 0.02146689611078639
esin4: -0.0576479381505987 ± 0.013920154627012226
tsin: 0.00020353325559118536 ± 0.00019688999380030575
tcos: -0.0009591793290126137 ± 0.00019081910885038813
dphi: 2.2922243716941515 ± 0.014808522731473756
Retrieved Earth masses:
[1.3072098739478377, 1.0050066762380592, 0.8066208368361322, 349.718009912903]
 ± [0.12494333819732165, 0.036444777874116006, 0.18540681972189332, 73.5602980856075]
Retrieved eccentricity:
[0.0061347694599887285, 0.01102151809977699, 0.0944172580786772, 0.060566692641019]
