Global Fit Results.
chi^2: 1.9012448369053467
per 4 range=[657.45 - 712.2375, length=100]
mu_1: 2.318595537147444e-6 ± 1.2163344122003815e-6
P_1: 224.70076825781607 ± 2.269073988367394e-5
t01: 3503.768904735523 ± 0.00042810049199765865
ecos1: -0.0029298826960409124 ± 0.017774485223990912
esin1: -0.0026208896890591326 ± 0.02126476664089764
mu_2: 3.0120509052586013e-6 ± 3.182001676185791e-7
P_2: 365.2564612664773 ± 2.845009564598817e-5
t02: 3624.4074431767613 ± 0.00044190871551745526
ecos2: 0.01054223665505765 ± 0.013565341666948866
esin2: 0.000982867221565027 ± 0.017035961255705414
mu_3: 2.2857153334899668e-7 ± 5.110012940666442e-7
P_3: 684.9158392141211 ± 10.371479173077288
t03: 386.15358793307547 ± 154.46329667001996
ecos3: 0.008642622823431118 ± 0.5784434737748578
esin3: -0.2070172327645916 ± 0.3751612629214825
mu_4: 0.0012130811369279546 ± 0.0007114789466313767
P_4: 4364.831570155642 ± 147.41871556746366
t04: 330.98828364012394 ± 381.3661162676342
ecos4: 0.03330389524930649 ± 0.041611254378854004
esin4: -0.03137029796679155 ± 0.03146572547751067
tsin: 0.0001341394397280655 ± 0.0005788092773582365
tcos: -0.0017590737362175462 ± 0.000673763791888866
dphi: 2.3157665777086267 ± 0.02486573626362416
Retrieved Earth masses:
[0.7719026875135238, 1.0027666108411062, 0.07609562688033317, 403.8568067454634]
 ± [0.4049398813420345, 0.10593463181345524, 0.17012163867882393, 236.86430091628628]
Retrieved eccentricity:
[0.004143479844903307, 0.014908974055329302, 0.012222514411371538, 0.047098820341422126]
 ± [0.02513691806796813, 0.019184290163623934, 0.8180426056786096, 0.05884720028993217]
