Global Fit Results.
chi^2: 28.215561215601376
Δϕ range=[2.1 - 2.52, length=100]
mu_1: 2.453937773360071e-6 ± 4.2154209037497594e-7
P_1: 224.7007826088502 ± 8.43906257136176e-6
t01: 3503.7687691223173 ± 0.00013575144691569806
ecos1: -0.08175772994279619 ± 0.018760587493870648
esin1: -0.03633956913272798 ± 0.0169330813046222
mu_2: 2.6005801130978335e-6 ± 1.33582614514114e-7
P_2: 365.25641217947015 ± 2.1339471330232724e-5
t02: 3624.407868880499 ± 0.00021519802363782062
ecos2: -0.05266473211311989 ± 0.014570905057125208
esin2: -0.02716047746651209 ± 0.013236636391107521
mu_3: 0.0007944662092006019 ± 0.00023877051197902408
P_3: 4535.636683576752 ± 129.82451255500706
t03: 1154.3439167495196 ± 201.3688813881147
ecos3: 0.006720500764418687 ± 0.036666794180577424
esin3: 0.08492831384875148 ± 0.029008717503136286
tcos: -0.0001857720505177829 ± 0.00025046978460081934
tsin: -0.0011394488436838805 ± 0.0003392434262434948
dphi: 2.3021126162955827 ± 0.02335764245666721
Retrieved Earth masses:
[0.8169605832063394, 0.8657804891939578, 264.4922722378328]
 ± [0.14033904027126595, 0.044472085577886844, 79.49105264057455]
Retrieved eccentricity:
[0.11562289051393926, 0.07447917841312002, 0.00950422332697966]
 ± [0.026531477271918943, 0.020606371547837187, 0.05185467761891547]
