Global Fit Results.
chi^2: 64.40417609672672
per 4 range=[657.45 - 803.5500000000001, length=100]
mu_1: 1.794332134580883e-6 ± 1.1144632194643323e-7
P_1: 224.70077874868483 ± 3.101094380887359e-6
t01: 3503.7688365776153 ± 5.363296929197974e-5
ecos1: -0.004564289053045779 ± 0.0011582257753744267
esin1: -0.012869570756162869 ± 0.0010856707570971048
mu_2: 2.9384014243402737e-6 ± 4.0020181158114395e-8
P_2: 365.2561854989627 ± 1.8260005320812572e-5
t02: 3624.410466741949 ± 0.00019959142592794135
ecos2: 0.008356370152579567 ± 0.001150877856627828
esin2: -0.005850159267274337 ± 0.0009364985750236213
mu_3: 1.2043441484568823e-6 ± 3.287857866850377e-7
P_3: 800.3342452424617 ± 0.5933144401564691
t03: 601.4773775283408 ± 10.993662623295196
ecos3: 0.48812507051152965 ± 0.11494430527491822
esin3: 0.012644640212064772 ± 0.07370818300830985
mu_4: 0.008024797326929213 ± 0.0005791385503268734
P_4: 7110.23503853352 ± 64.66346603303691
t04: -2737.0350711263995 ± 86.42398143388637
ecos4: 0.0593619385767076 ± 0.001343890682209776
esin4: 0.0035509842794259183 ± 0.001200938833050013
tsin: 0.0006232898754781421 ± 8.950789374826643e-5
tcos: -0.002530521673560736 ± 8.147937457043355e-5
dphi: 2.3093370100980026 ± 0.0028021666615658885
Retrieved Earth masses:
[0.5973658513458889, 0.9782473571187534, 0.4009481041392759, 2671.6012017468533]
 ± [0.03710251056973318, 0.013323447274781037, 0.10945877721763671, 192.80577240737253]
Retrieved eccentricity:
[0.006454879481408392, 0.011817692001987753, 0.6903130948517285, 0.08395045862393852]
 ± [0.0016379785998246082, 0.0016275870734779527, 0.16255579543734264, 0.0019005484291278964]
