Global Fit Results.
chi^2: 61.717458777311144
Δϕ range=[2.2 - 2.38, length=200]
mu_1: 2.584112190873666e-6 ± 3.6229461549167595e-7
P_1: 224.70078198509432 ± 7.667637480148443e-6
t01: 3503.76946946846 ± 0.00013260928662880113
ecos1: -0.09342072071268817 ± 0.019613698245877453
esin1: -0.02752330619131126 ± 0.013687472500907235
mu_2: 2.5689650494917006e-6 ± 1.3111848916271508e-7
P_2: 365.2563957731273 ± 1.84191288601467e-5
t02: 3624.4091821676366 ± 0.00019422216605373348
ecos2: -0.06064761409299233 ± 0.015094056288118706
esin2: -0.018901993176134453 ± 0.010822269373925832
mu_3: 0.0008535830242953474 ± 0.00023841875850497227
P_3: 4547.995519734066 ± 89.68394949094946
t03: 1231.9206442678774 ± 140.89015682332055
ecos3: 0.03231415451825384 ± 0.02731765476313098
esin3: 0.10027030540745574 ± 0.029910367992452145
tcos: -0.0001781994830780721 ± 0.00024154894699399175
tsin: -0.0010560507007532202 ± 0.0002494789119850084
dphi: 2.2619573505025476 ± 0.02583879600000158
Retrieved Earth masses:
[0.8602980179224752, 0.8552552586513731, 284.17333679513615]
 ± [0.12061447669038602, 0.04365173336438473, 79.3739475018763]
Retrieved eccentricity:
[0.1321168502385527, 0.08576867837587941, 0.04569911557633441]
