Global Fit Results.
chi^2: 83.98623850067256
Δϕ range=[2.2 - 2.38, length=200]
mu_1: 1.920904904999486e-6 ± 4.021379697138857e-7
P_1: 224.70078289844966 ± 4.919301016763585e-6
t01: 3503.7694898162354 ± 0.00011077350144325674
ecos1: -0.0059905469550920075 ± 0.0050247144119402705
esin1: -0.006396229122670214 ± 0.0063065128688272664
mu_2: 2.889933464263324e-6 ± 1.0738102406674795e-7
P_2: 365.2564773934618 ± 1.0478707449973557e-5
t02: 3624.408308680953 ± 0.0001471408455518053
ecos2: 0.006975088777162964 ± 0.0038395610794513322
esin2: -0.0024703786343771624 ± 0.005093225414281693
mu_3: 0.0010891416599460102 ± 0.00015927311082237656
P_3: 4180.579383096196 ± 41.16505294679549
t03: 677.9046999137187 ± 105.97810461881106
ecos3: 0.04634692396715555 ± 0.013932421353635272
esin3: -0.04495462311849933 ± 0.011344225563706489
tcos: 0.00013512513279511577 ± 0.00020002995816724155
tsin: -0.0020151420567512952 ± 0.00023639878291674968
dphi: 2.3120293662257723 ± 0.008240333320058149
Retrieved Earth masses:
[0.6395042321401321, 0.9621114903656739, 362.5950973017004]
 ± [0.1338790550573033, 0.035749098856221136, 53.024919751069795]
Retrieved eccentricity:
[0.008471912749923965, 0.009864265147420231, 0.06554444844862603]
