Global Fit Results.
chi^2: 45.9011371590168
Δϕ range=[2.25 - 2.37, length=200]
mu_1: 2.383571343651508e-6 ± 3.4890027357002987e-7
P_1: 224.70077506548435 ± 3.6641858239929093e-6
t01: 3503.768808154029 ± 9.992996828698962e-5
ecos1: 0.004646062633070794 ± 0.007197096663220616
esin1: -0.0034437746540513575 ± 0.009600823889265819
mu_2: 3.071954242624347e-6 ± 1.0727442822972168e-7
P_2: 365.256450282238 ± 8.102549820226348e-6
t02: 3624.407596288368 ± 0.00013566359092323017
ecos2: 0.01670861345225091 ± 0.0056414785061926626
esin2: -0.0004767843383034787 ± 0.007689196357386895
mu_3: 0.0008679320511028349 ± 0.00015178661842422286
P_3: 4248.972293946029 ± 36.90516429322665
t03: 572.0602339696346 ± 121.5941162144708
ecos3: 0.024761111065480165 ± 0.018991434498341755
esin3: -0.0348897897148238 ± 0.013263843618546184
tcos: 8.89930456717751e-5 ± 0.00018255849007315256
tsin: -0.0017687181111305285 ± 0.000181683937405095
dphi: 2.31312320279726 ± 0.007523070726645643
Retrieved Earth masses:
[0.7935343170324658, 1.0227095229889218, 288.9503891867447]
 ± [0.11615525628685075, 0.03571361116043287, 50.53253006533181]
Retrieved eccentricity:
[0.0065705247873235695, 0.023629547752622777, 0.03501749908822857]
 ± [0.010178231710836743, 0.007978255415293973, 0.026857944236475185]
