Global Fit Results.
chi^2: 1.6014133907447556
per 4 range=[657.45 - 712.2375, length=100]
mu_1: 2.261211844489307e-6 ± 1.2834970570284579e-6
P_1: 224.7007711655396 ± 1.4652988469012855e-5
t01: 3503.7688755152694 ± 0.0003853879923142035
ecos1: -0.002285485814355344 ± 0.019475034152402895
esin1: -0.0025614461968678144 ± 0.023648413082737685
mu_2: 3.016787231993032e-6 ± 3.392320200233725e-7
P_2: 365.2564581960146 ± 2.8048576851236723e-5
t02: 3624.4074710813948 ± 0.00047800435249837036
ecos2: 0.010952178094715635 ± 0.014702939425831316
esin2: 0.0010487743261387316 ± 0.01915578800170873
mu_3: 2.005559382629061e-7 ± 4.868474955095406e-7
P_3: 686.4460234594953 ± 8.837392121359656
t03: 372.43928469036257 ± 161.21146074572957
ecos3: -0.007568328816717839 ± 0.6398101670730909
esin3: -0.20793525040136143 ± 0.47207007198104106
mu_4: 0.0011467418203042153 ± 0.0006189541504934069
P_4: 4349.160380920471 ± 132.68845530144915
t04: 356.5212853200764 ± 402.2337392291872
ecos4: 0.03258953237380103 ± 0.046720602354599045
esin4: -0.032345064525157376 ± 0.03535015788255009
tsin: 0.00012290359882668144 ± 0.0006012745601324288
tcos: -0.001790757146536026 ± 0.0006951551689114798
dphi: 2.314693836833435 ± 0.023502609923842368
Retrieved Earth masses:
[0.7527986109841773, 1.0043434202831476, 0.06676872497235767, 381.7712398713568]
 ± [0.4272995491722808, 0.11293651857401593, 0.16208039917793768, 206.06111094361535]
Retrieved eccentricity:
[0.003232165035272645, 0.015488718799072375, 0.010703233257101487, 0.04608855867442646]
 ± [0.02754185742600739, 0.020793096342760733, 0.904828215618961, 0.06607290949211432]
