Global Fit Results.
chi^2: 3.7239190199936627
Δϕ range=[2.2 - 2.38, length=100]
mu_1: 2.2836800491588324e-6 ± 1.2274341133447336e-6
P_1: 224.70078036465748 ± 1.4752132996556719e-5
t01: 3503.7687293408867 ± 0.00033214508594801634
ecos1: 0.0005613116349637584 ± 0.019811503190204024
esin1: -0.005689081402686308 ± 0.02632407375265003
mu_2: 3.050275360415236e-6 ± 3.3737679492215665e-7
P_2: 365.2564673172386 ± 3.1944287085592865e-5
t02: 3624.407428107704 ± 0.000449982101313048
ecos2: 0.013533526114712677 ± 0.015362312040531624
esin2: -0.0018847962328963968 ± 0.021132026786421648
mu_3: 0.0009439911937559625 ± 0.00047606298930706836
P_3: 4227.470926428474 ± 129.90510910705265
t03: 575.3260616367792 ± 367.7869957668626
ecos3: 0.034869059549977245 ± 0.05401755008468595
esin3: -0.04515831272943555 ± 0.03998251299356838
tcos: 9.553698444654063e-5 ± 0.0005876128771257075
tsin: -0.0017863058626825799 ± 0.000712452266140861
dphi: 2.31308109705479 ± 0.0274490408781378
Retrieved Earth masses:
[0.7602786855768111, 1.0154922282208616, 314.27186319257953]
 ± [0.40863517403394717, 0.11231888034491241, 158.4900406234499]
Retrieved eccentricity:
[0.0007938145268835631, 0.019139296178157128, 0.049312296922772905]
 ± [0.02801769650258437, 0.021725590037127318, 0.0763923519359308]
