Global Fit Results.
chi^2: 2.287298148243852
Δϕ range=[2.2 - 2.38, length=100]
mu_1: 2.353174147938116e-6 ± 1.5525627918004711e-6
P_1: 224.70077867254687 ± 2.936767958212778e-5
t01: 3503.7687894909864 ± 0.0004947855738770034
ecos1: -0.08683218143756122 ± 0.07658639156921343
esin1: -0.030266759615005055 ± 0.05848041981194554
mu_2: 2.5471982642760946e-6 ± 4.961067235947949e-7
P_2: 365.2564210001395 ± 7.589853811522531e-5
t02: 3624.4077755945063 ± 0.000766031922651751
ecos2: -0.05746826612124128 ± 0.059909563065198554
esin2: -0.021829349864352598 ± 0.045853126538174103
mu_3: 0.0007417085847421718 ± 0.0008809747378551329
P_3: 4451.515097928553 ± 406.9820790863177
t03: 1300.7886995023093 ± 637.5698801618154
ecos3: 0.005704653268054777 ± 0.14786955783394093
esin3: 0.09634776618491614 ± 0.12386204592816125
tcos: -0.00012660656627513543 ± 0.0008990896877351265
tsin: -0.0011843230988325957 ± 0.001129361350201641
dphi: 2.302924697358054 ± 0.07214023735144091
Retrieved Earth masses:
[0.7834145368948274, 0.8480086993712983, 246.92829807596]
 ± [0.5168764333078559, 0.16516296486427628, 293.2925371790082]
Retrieved eccentricity:
[0.12279924863944039, 0.08127240135472567, 0.008067598020319065]
 ± [0.10830951365039809, 0.08472491660265005, 0.209119134150872]
