Global Fit Results.
chi^2: 2.80059584564075
per 4 range=[657.45 - 730.5, length=100]
mu_1: 2.3673262403246848e-6 ± 9.014213888648484e-7
P_1: 224.70077137546826 ± 2.613696726730927e-5
t01: 3503.768861602185 ± 0.0004168809199107059
ecos1: -0.0003899502467485388 ± 0.016548589974940082
esin1: 0.0014904220411887659 ± 0.018133458265790693
mu_2: 3.061042170179991e-6 ± 2.523802491453496e-7
P_2: 365.25645896776433 ± 2.8111965876984248e-5
t02: 3624.407455843633 ± 0.00034286513542922635
ecos2: 0.012292335861550974 ± 0.01234670003800758
esin2: 0.004045479637513329 ± 0.014435227528215312
mu_3: 3.0312015131105363e-7 ± 4.01108133867944e-7
P_3: 683.3852970781072 ± 9.645320421239207
t03: 404.53179951682654 ± 102.47905018440623
ecos3: 0.013269769915347042 ± 0.3345831927751314
esin3: -0.18151415269132798 ± 0.20872827335302666
mu_4: 0.0011705285998248154 ± 0.000564847065380017
P_4: 4364.011710791461 ± 139.3150134280172
t04: 296.98950092132264 ± 294.5734570960767
ecos4: 0.024103342843759232 ± 0.03639775923759767
esin4: -0.03387052330675011 ± 0.027910254611296804
tsin: 0.00022165437877205365 ± 0.0004690058211572838
tcos: -0.001790993396012194 ± 0.0005384379199869149
dphi: 2.3213173674166985 ± 0.024007143690068997
Retrieved Earth masses:
[0.7881260262305534, 1.0190766953088928, 0.10091421970231676, 389.6902920497425]
 ± [0.30009959973570927, 0.08402198204448606, 0.1335362039457385, 188.04787674929253]
Retrieved eccentricity:
[0.0005514729276025185, 0.01738398808865055, 0.018766288583854266, 0.03408727434817279]
 ± [0.0234032403807117, 0.01746087064430273, 0.47317208896468255, 0.05147420475380123]
