Global Fit Results.
chi^2: 345.56854245526137
Δϕ range=[2.2 - 2.38, length=100]
mu_1: 2.1605434166494357e-6 ± 1.4093592327019038e-7
P_1: 224.70078748247454 ± 2.385412828844397e-6
t01: 3503.7687044150675 ± 4.3580722180071433e-5
ecos1: -0.08157898248696403 ± 0.006558653505965639
esin1: -0.017286525936147105 ± 0.004044058265325238
mu_2: 2.60996190894529e-6 ± 4.324145788204293e-8
P_2: 365.2564280253576 ± 5.760503202866663e-6
t02: 3624.4077312008258 ± 6.389066649279162e-5
ecos2: -0.05450918873579577 ± 0.00517874653240088
esin2: -0.01126746379027167 ± 0.0032256941506887465
mu_3: 0.0007829797716344677 ± 8.566132847560623e-5
P_3: 4446.3109728062545 ± 35.624777129331946
t03: 1387.0942952173825 ± 52.927215749998986
ecos3: 0.0283198758493586 ± 0.011017281121059855
esin3: 0.09914216244064407 ± 0.011702159664629454
tcos: -7.598428810119757e-6 ± 7.557468683572751e-5
tsin: -0.0013562167728947486 ± 9.302642771614482e-5
dphi: 2.3070738584405515 ± 0.005268348876694318
Retrieved Earth masses:
[0.7192842576817642, 0.8689038599209042, 260.6682279467084]
 ± [0.04692013600323843, 0.014395868971703796, 28.51821656986755]
Retrieved eccentricity:
[0.11537010343766174, 0.07708763398411712, 0.04005035251088521]
 ± [0.009275336739042456, 0.007323853582213962, 0.015580788381879904]
