Global Fit Results.
chi^2: 10.885826209624327
Δϕ range=[2.25 - 2.37, length=100]
mu_1: 2.4363618324545667e-6 ± 7.217217562672778e-7
P_1: 224.7007768578406 ± 8.360119450757241e-6
t01: 3503.768782396363 ± 0.00020856180636260048
ecos1: 0.004648351464489666 ± 0.014484506234525402
esin1: -0.003791230322098234 ± 0.01879944412395166
mu_2: 3.077226049586491e-6 ± 2.2089466609196393e-7
P_2: 365.2564511072758 ± 1.710728334818368e-5
t02: 3624.4075931279735 ± 0.00027369147159217195
ecos2: 0.016921314487608023 ± 0.011281686037725426
esin2: -0.0006680269842956713 ± 0.015087824713335253
mu_3: 0.0009140315119609486 ± 0.00031255786443752415
P_3: 4258.687377856229 ± 79.88238340956528
t03: 550.1085645349674 ± 235.3329331423047
ecos3: 0.031200709981631547 ± 0.03537485588273211
esin3: -0.0350813865208046 ± 0.024799750285207173
tcos: 8.288204941815972e-5 ± 0.00036704894325710066
tsin: -0.0017063004946596336 ± 0.0003885552269161769
dphi: 2.3128074055272374 ± 0.016355405572616718
Retrieved Earth masses:
[0.8111092323332892, 1.0244646035525364, 304.2977394076813]
 ± [0.24027431881676445, 0.07353985793639799, 104.05620630997966]
Retrieved eccentricity:
[0.006573761683758124, 0.023930352441555607, 0.044124467211692935]
 ± [0.020484185161143476, 0.015954713400986482, 0.05002760095635342]
