Global Fit Results.
chi^2: 100.82145049894636
per 4 range=[657.45 - 730.5, length=100]
mu_1: 2.3673348678856027e-6 ± 1.5023140609738127e-7
P_1: 224.70077137519064 ± 4.356064812601651e-6
t01: 3503.7688615983175 ± 6.948085721574323e-5
ecos1: -0.00039031892481883573 ± 0.0027579870592915876
esin1: 0.001490639830741737 ± 0.003022300231996893
mu_2: 3.0610400205202717e-6 ± 4.2063348194848696e-8
P_2: 365.25645896772994 ± 4.685308256838937e-6
t02: 3624.40745584199 ± 5.7144485449966636e-5
ecos2: 0.012292068048279313 ± 0.002057702094834328
esin2: 0.004045659997144315 ± 0.002405902393004638
mu_3: 3.0311078285177395e-7 ± 6.685248833614028e-8
P_3: 683.3850300519069 ± 1.6075454872653132
t03: 404.53108466939136 ± 17.08015304370819
ecos3: 0.013283217149353614 ± 0.055773285687132475
esin3: -0.18152081288425587 ± 0.03478966672519478
mu_4: 0.0011705399737851146 ± 9.41432481817206e-5
P_4: 4364.0101355764 ± 23.21989026918075
t04: 296.9892335441378 ± 49.0945381121762
ecos4: 0.0241038000964417 ± 0.006066141665969488
esin4: -0.033870387716730455 ± 0.004651584060663698
tsin: 0.00022164468773425643 ± 7.816968483951263e-5
tcos: -0.001790992322024713 ± 8.973602323018914e-5
dphi: 2.3213169034510646 ± 0.004001331428475695
Retrieved Earth masses:
[0.7881288985027338, 1.0190759796480162, 0.10091110077157614, 389.6940786483027]
 ± [0.05001477155354751, 0.014003654797579335, 0.02225641108458306, 31.342002138125228]
Retrieved eccentricity:
[0.0005519943171296819, 0.017383609343489585, 0.018785305844562762, 0.034087921001117766]
 ± [0.0039003827040996527, 0.0029100302098382354, 0.07887533703685197, 0.00857881981529057]
