Global Fit Results.
chi^2: 5.305012304471611
per 4 range=[657.45 - 1314.9, length=100]
mu_1: 1.7611598066621592e-6 ± 5.562605739891768e-7
P_1: 224.7008542795552 ± 2.1792482630818025e-5
t01: 3503.766206630306 ± 0.0015253558814984467
ecos1: -0.013139067745131815 ± 0.014265959348087066
esin1: -0.022462109615712295 ± 0.007925596450970025
mu_2: 2.868326944703993e-6 ± 1.560465451851929e-7
P_2: 365.2563267573541 ± 9.393529389738759e-5
t02: 3624.4090831846643 ± 0.0009171706075169877
ecos2: 0.0001145608881051745 ± 0.012219759304097612
esin2: -0.014350168156660298 ± 0.006542527540209688
mu_3: 3.0822292131595356e-7 ± 4.2342893394039236e-7
P_3: 671.4054473316705 ± 1.4814651459476778
t03: 681.1031527639656 ± 136.14702871005267
ecos3: 0.3083317433122053 ± 0.6315177172602636
esin3: 0.38879883833573076 ± 0.7876130057022723
mu_4: 0.005013278445576478 ± 0.0023405185326739425
P_4: 6865.016409116365 ± 662.4523210370639
t04: -2221.1601359760252 ± 1001.921539228413
ecos4: 0.05709206754766585 ± 0.007249396040330756
esin4: 0.0008404411929129737 ± 0.007466739703925602
tsin: 0.00037452950933197435 ± 0.0003633542696272636
tcos: -0.0015093180290168193 ± 0.00041429900696606203
dphi: 2.311383590330084 ± 0.018447866203767517
Retrieved Earth masses:
[0.586322179148087, 0.9549182864418106, 0.10261302478385831, 1669.0117113548204]
 ± [0.1851892773624173, 0.0519507372785869, 0.1409672048630319, 779.2012520514642]
Retrieved eccentricity:
[0.018581447802104294, 0.00016201356167584437, 0.4360469331022606, 0.0807403762298299]
 ± [0.020175113190327967, 0.017281349336789657, 0.8931009206283624, 0.010252194199249567]
