Global Fit Results.
chi^2: 76.97559172152378
per 4 range=[657.45 - 712.2375, length=300]
mu_1: 2.3651159553775188e-6 ± 3.707164188107198e-7
P_1: 224.70077426594327 ± 4.588113834806196e-6
t01: 3503.76952368414 ± 0.00011604771490094723
ecos1: -0.0062233829070741115 ± 0.006318783617019835
esin1: 0.003233495930478123 ± 0.006977764204894977
mu_2: 2.972660196516608e-6 ± 1.0197334516815148e-7
P_2: 365.25645456946813 ± 8.519087094781024e-6
t02: 3624.408621406188 ± 0.0001448782821777117
ecos2: 0.00853456003248735 ± 0.004840071101331442
esin2: 0.0060442050939641155 ± 0.005547098752513996
mu_3: 3.5811304318946676e-7 ± 1.2197523536085264e-7
P_3: 686.3529258462389 ± 2.1739875352867513
t03: 414.88100169744894 ± 22.572803487823588
ecos3: -0.09711125705838312 ± 0.04779405117090077
esin3: -0.10929694037497545 ± 0.060352127581011994
mu_4: 0.001058729359047511 ± 0.00018594364987008596
P_4: 4368.81726111189 ± 45.944134694359875
t04: 268.4496312522911 ± 133.48376714846455
ecos4: 0.025770570499858016 ± 0.017294718776730774
esin4: -0.03977550460674257 ± 0.011890396555173077
tsin: 2.7181297920075094e-5 ± 0.00017948155399883544
tcos: -0.0017959328645738661 ± 0.00021246785428056104
dphi: 2.3141132052360245 ± 0.0069860748639526665
Retrieved Earth masses:
[0.7873901821113211, 0.9896527263994863, 0.11922235510367818, 352.4702883727989]
 ± [0.12341824841836846, 0.033948784050055206, 0.04060777762945784, 61.904028003684395]
Retrieved eccentricity:
[0.0070132724701440765, 0.010458065316588543, 0.14620676257543733, 0.04739423035148004]
