Global Fit Results.
chi^2: 3.086718323455558
Δϕ range=[2.2 - 2.38, length=100]
mu_1: 2.186177788477278e-6 ± 1.2663222132457368e-6
P_1: 224.7007792368177 ± 1.5590768360326148e-5
t01: 3503.768746340469 ± 0.0003615580137104337
ecos1: 0.0014776690683418836 ± 0.0215466273433955
esin1: -0.006834900103662671 ± 0.028531881840522834
mu_2: 3.0612839664980514e-6 ± 3.722906938655347e-7
P_2: 365.2564651985454 ± 3.330535032693458e-5
t02: 3624.4074476117594 ± 0.0004884462213576888
ecos2: 0.014203170227812568 ± 0.016799669231771376
esin2: -0.0028763143775939813 ± 0.022933592514778722
mu_3: 0.0009544168997459961 ± 0.0005210573413465525
P_3: 4224.312832131798 ± 140.6629398256121
t03: 596.4914627225398 ± 384.63497036976776
ecos3: 0.03638148815031846 ± 0.05621401058425987
esin3: -0.04245994376434424 ± 0.04123556397240455
tcos: 0.00010389658793756293 ± 0.0006492237977063892
tsin: -0.0018548834572256676 ± 0.0007004417150863833
dphi: 2.3143835165160693 ± 0.027999097990714556
Retrieved Earth masses:
[0.7278184069931082, 1.019157193707493, 317.74277062080387]
 ± [0.4215817308373859, 0.12394235325952249, 173.4694799891174]
Retrieved eccentricity:
[0.002089739637148308, 0.0200863159648663, 0.051451193961496416]
 ± [0.030471532612428884, 0.023758320070953076, 0.07949861616364502]
