Global Fit Results.
chi^2: 3.8107633625706896
Δϕ range=[2.2 - 2.38, length=100]
mu_1: 2.186150776391652e-6 ± 1.1396678575181058e-6
P_1: 224.70077923677565 ± 1.4031670169123909e-5
t01: 3503.768746341385 ± 0.00032540183581605955
ecos1: 0.001477777828292287 ± 0.019392042569733786
esin1: -0.006835744590221401 ± 0.02567910360367026
mu_2: 3.061284720335398e-6 ± 3.3506167646719444e-7
P_2: 365.2564651988953 ± 2.9974920158406123e-5
t02: 3624.407447606154 ± 0.0004396024760333997
ecos2: 0.014203226768607736 ± 0.015119782269836159
esin2: -0.00287699707972104 ± 0.020640509913116844
mu_3: 0.0009544112031199676 ± 0.00046895421399814884
P_3: 4224.30844613166 ± 126.59939323692046
t03: 596.5093071065479 ± 346.1760586801755
ecos3: 0.03638058583093805 ± 0.050593038498722445
esin3: -0.042459332367111 ± 0.0371123268240075
tcos: 0.00010390202425452875 ± 0.0005843040056914833
tsin: -0.0018548961045431818 ± 0.0006303856141777452
dphi: 2.314384037864587 ± 0.025199232840502937
Retrieved Earth masses:
[0.7278094141777786, 1.0191574446736766, 317.740874110235]
 ± [0.37941618880769157, 0.11154813524139338, 156.1233998368314]
Retrieved eccentricity:
[0.002089893446945211, 0.02008639592562565, 0.051449917889191045]
 ± [0.027424489604233927, 0.021382601146130553, 0.07154936120655742]
