Global Fit Results.
chi^2: 20.99137268088475
Δϕ range=[2.1 - 2.52, length=100]
mu_1: 2.2879229427399863e-6 ± 4.3711794238317276e-7
P_1: 224.70079648445648 ± 1.0336991268980122e-5
t01: 3503.76863576326 ± 0.00014885447643330597
ecos1: -0.08753209819966835 ± 0.023023741015069495
esin1: -0.038781673461431056 ± 0.019438439458740762
mu_2: 2.5169364032976914e-6 ± 1.4690344897004136e-7
P_2: 365.2564109560268 ± 2.3697441733142398e-5
t02: 3624.407829096602 ± 0.0002264479216287996
ecos2: -0.05754912835697505 ± 0.01796389431046672
esin2: -0.02837532495528153 ± 0.015112722278039524
mu_3: 0.0007101153940502963 ± 0.00023385461546536818
P_3: 4462.218280917908 ± 154.19462630446813
t03: 1251.7391227540768 ± 221.2364117335371
ecos3: -0.006868738132985076 ± 0.04472706424120051
esin3: 0.09154805788867737 ± 0.03395975089418323
tcos: -0.00011071044546159245 ± 0.00026542466661359104
tsin: -0.0012256906632410476 ± 0.000354867611233804
dphi: 2.3141662487526364 ± 0.024158045813066138
Retrieved Earth masses:
[0.7616912221342461, 0.8379339746320587, 236.41034942494647]
 ± [0.14552452511880085, 0.04890683400714651, 77.85446114816712]
Retrieved eccentricity:
[0.12378908041694456, 0.08138675782518419, 0.009713862624056746]
 ± [0.03256048680007697, 0.025404782966898912, 0.06325362085503844]
