Global Fit Results.
chi^2: 198.2237930502045
per 4 range=[657.45 - 712.2375, length=300]
mu_1: 2.1402396546229067e-6 ± 1.3177212608854152e-7
P_1: 224.70077214556036 ± 1.4808443791236963e-6
t01: 3503.769617786341 ± 3.642566215481083e-5
ecos1: -0.0035266302220617915 ± 0.0017536857504910194
esin1: -0.004785254280939464 ± 0.002255992416709585
mu_2: 3.0343256450911137e-6 ± 3.4331013455357685e-8
P_2: 365.2564560925684 ± 3.162488738677134e-6
t02: 3624.4086446997326 ± 5.079336184967687e-5
ecos2: 0.010140796484995673 ± 0.0013670995409693924
esin2: -0.0005657702437935733 ± 0.0018113585896777655
mu_3: 1.851141909537643e-7 ± 4.478511814558384e-8
P_3: 689.0093027502778 ± 1.1294363295478362
t03: 364.16976406190673 ± 15.792216642252756
ecos3: -0.07606974294554295 ± 0.04176985505654898
esin3: -0.18917861249771975 ± 0.05230272250939118
mu_4: 0.0011855955759443792 ± 5.73549157440325e-5
P_4: 4328.75552522122 ± 14.506339680268008
t04: 404.13714338976223 ± 39.05963176750044
ecos4: 0.04101988353204541 ± 0.00421988156495682
esin4: -0.030755331930982496 ± 0.0033586368967567937
tsin: 6.952720284931783e-5 ± 6.155580732648252e-5
tcos: -0.0018360758340924986 ± 7.30124087338302e-5
dphi: 2.312906453430613 ± 0.002623336732671321
Retrieved Earth masses:
[0.7125247654702874, 1.010182277465538, 0.06162788602185411, 394.70636284478167]
 ± [0.04386934100298316, 0.011429419718394096, 0.014909781591194571, 19.09449617046987]
Retrieved eccentricity:
[0.0059443905706480175, 0.01015656680767979, 0.2038998607610201, 0.05126910655714103]
