Global Fit Results.
chi^2: 7.687863218133405
Δϕ range=[2.2 - 2.38, length=100]
mu_1: 2.3531801374720943e-6 ± 8.468545697290523e-7
P_1: 224.70077867245854 ± 1.601881749878099e-5
t01: 3503.7687894923656 ± 0.0002698835135365544
ecos1: -0.08683182625228504 ± 0.0417736449539597
esin1: -0.030266817158190254 ± 0.03189835517710528
mu_2: 2.5471997465845833e-6 ± 2.7060240107286726e-7
P_2: 365.25642099977745 ± 4.139984026999044e-5
t02: 3624.407775597516 ± 0.00041783804791111585
ecos2: -0.05746797756642582 ± 0.03267739005926321
esin2: -0.02182940504192264 ± 0.025010764789712467
mu_3: 0.0007417121071074245 ± 0.00048053170704911096
P_3: 4451.517873550388 ± 221.99081213725427
t03: 1300.782568658225 ± 347.76630195223606
ecos3: 0.005704723633349736 ± 0.08065570333619629
esin3: 0.0963470681262108 ± 0.06756037303895594
tcos: -0.00012660867378422555 ± 0.0004904144716237581
tsin: -0.0011843201648648813 ± 0.0006160173945278514
dphi: 2.302924499816403 ± 0.03934951351533922
Retrieved Earth masses:
[0.783416530919788, 0.8480091928587943, 246.9294707355125]
 ± [0.2819333117112762, 0.0900884683374924, 159.9777581574299]
Retrieved eccentricity:
[0.12279874633160566, 0.08127199327659217, 0.008067697531873516]
 ± [0.05907685524364822, 0.04621280820476579, 0.11406438954078968]
