Global Fit Results.
chi^2: 6.500832232390262
Δϕ range=[2.2 - 2.38, length=100]
mu_1: 2.3088744090524414e-6 ± 8.989759305978705e-7
P_1: 224.70079117142282 ± 1.6030317997297464e-5
t01: 3503.768638037142 ± 0.00031686219557376064
ecos1: -0.07492624000120784 ± 0.04391673000496884
esin1: -0.03697800135951168 ± 0.04265593617456082
mu_2: 2.634222106791281e-6 ± 3.3229300271109073e-7
P_2: 365.256459007393 ± 3.530126890823329e-5
t02: 3624.4074604193543 ± 0.0004311970818507333
ecos2: -0.049307421005195834 ± 0.034785091748099004
esin2: -0.027274207833322198 ± 0.033324303616652874
mu_3: 0.0006484728885515178 ± 0.000499145788293217
P_3: 4214.000799126453 ± 149.50201478937953
t03: 1520.9707735594848 ± 356.455565943279
ecos3: -0.001400520241821014 ± 0.11143794651085448
esin3: 0.08668727907211271 ± 0.0728641602292012
tcos: -0.0001044326262606076 ± 0.0006124459925578677
tsin: -0.0013536416913264271 ± 0.0006603491159402859
dphi: 2.3037117086977856 ± 0.0424936567290496
Retrieved Earth masses:
[0.7686663469004354, 0.8769805216831231, 215.8884365267123]
 ± [0.29928546213463164, 0.11062639331661854, 166.17472485891753]
Retrieved eccentricity:
[0.10596170478732964, 0.06973122351118798, 0.001980634720361325]
 ± [0.062107635188104374, 0.049193548518554044, 0.15759705531865795]
