Global Fit Results.
chi^2: 2.7784683084757873
Δϕ range=[2.2 - 2.38, length=100]
mu_1: 2.2897798480336592e-6 ± 1.3242996159442877e-6
P_1: 224.70078310523033 ± 1.7807300213140227e-5
t01: 3503.7686931177755 ± 0.0003799523454465288
ecos1: 0.0024545168006050947 ± 0.024968437690159356
esin1: -0.003288904965525897 ± 0.03232662464705186
mu_2: 3.0253888439936753e-6 ± 3.8954089089270796e-7
P_2: 365.2564648412299 ± 3.7827263682613974e-5
t02: 3624.40743853611 ± 0.0005065960681015991
ecos2: 0.014594854300468226 ± 0.019268259878750717
esin2: 0.00026692828247629126 ± 0.025884559746166193
mu_3: 0.0008917717877594759 ± 0.0005285112550283617
P_3: 4210.478059573551 ± 161.87345917826667
t03: 567.9086924541817 ± 430.64466695592773
ecos3: 0.03287035604033391 ± 0.06656737622931518
esin3: -0.05119121054545722 ± 0.04876420702790968
tcos: 0.00013787965965769046 ± 0.0006675152565981608
tsin: -0.001774113750112845 ± 0.0007796004330196631
dphi: 2.3153109738722613 ± 0.03168033609814292
Retrieved Earth masses:
[0.7623094197300233, 1.0072070535964481, 296.88707176033216]
 ± [0.4408834642536093, 0.12968525806205428, 175.95102362676323]
Retrieved eccentricity:
[0.0034712109484883427, 0.020640240892581457, 0.04648570331227261]
 ± [0.03531070321269091, 0.027249434443858633, 0.0941404862750899]
