Global Fit Results.
chi^2: 0.5322659151344376
per 4 range=[657.45 - 803.5500000000001, length=100]
mu_1: 1.7943327224555047e-6 ± 1.2259020563806719e-6
P_1: 224.70077874864057 ± 3.411206742987096e-5
t01: 3503.768836578239 ± 0.0005899640820241996
ecos1: -0.004564340949390971 ± 0.012740868453299763
esin1: -0.012869940528647771 ± 0.011941791995635224
mu_2: 2.938401984353815e-6 ± 4.402249115112989e-7
P_2: 365.2561855057948 ± 0.0002008540314361904
t02: 3624.4104666608428 ± 0.0021953804733374467
ecos2: 0.00835634776651454 ± 0.012659820048389074
esin2: -0.0058504239590291725 ± 0.010300903992675688
mu_3: 1.204519476212621e-6 ± 3.616355506735924e-6
P_3: 800.3343312343289 ± 6.5263682959546525
t03: 601.4737939521036 ± 120.89100203316357
ecos3: 0.48806190328029575 ± 1.263900053320851
esin3: 0.012628789270825202 ± 0.8106347109770119
mu_4: 0.008024536746546674 ± 0.006369788020570896
P_4: 7110.234145895782 ± 711.3173601494667
t04: -2737.029314522276 ± 950.6712196645383
ecos4: 0.05936181353730508 ± 0.014783290178675723
esin4: 0.0035511977283550875 ± 0.013210208009836964
tsin: 0.0006232929166318467 ± 0.0009845750737652833
tcos: -0.002530525330422029 ± 0.0008962810713335194
dphi: 2.309336841839063 ± 0.03082378464542991
Retrieved Earth masses:
[0.5973660470600586, 0.978247543557462, 0.40100647394275485, 2671.5144497910364]
 ± [0.40812512436420706, 0.14655889173496914, 1.2039506200758618, 2120.6184576803366]
Retrieved eccentricity:
[0.0064549528739236, 0.011817660343310983, 0.69022376289662, 0.08395028179151964]
 ± [0.018018308963068042, 0.01790368920963464, 1.7874245968904257, 0.020906729467180182]
