Global Fit Results.
chi^2: 108.28097235177941
Δϕ range=[2.25 - 2.37, length=200]
mu_1: 2.3845755359626715e-6 ± 3.335555461180412e-7
P_1: 224.70077994581385 ± 3.544044092615076e-6
t01: 3503.7694187303673 ± 9.867114873430241e-5
ecos1: -0.000778230947585972 ± 0.007416989784073951
esin1: 0.002175102363953925 ± 0.00906552934253386
mu_2: 3.032203957237928e-6 ± 1.0447750864132731e-7
P_2: 365.2564518589997 ± 8.060610459106429e-6
t02: 3624.4086666196654 ± 0.0001364867348872204
ecos2: 0.013218411304174952 ± 0.0057931317890890085
esin2: 0.004283460033038691 ± 0.007250135090981457
mu_3: 0.0007868542998216331 ± 0.00014580125795606743
P_3: 4227.198085424614 ± 40.24543928655021
t03: 619.1014402502351 ± 125.36038142332451
ecos3: 0.013974159953145262 ± 0.022425814489462695
esin3: -0.03443278620804091 ± 0.014868948458020378
tcos: -1.5854986079297556e-5 ± 0.00017887422623802886
tsin: -0.0018230773125602242 ± 0.00018605717134018919
dphi: 2.3129265716838376 ± 0.006691793818361732
Retrieved Earth masses:
[0.7938686309442061, 1.0094759289326871, 261.9581289547124]
 ± [0.11104671701400932, 0.03478246568359089, 48.539894542195036]
Retrieved eccentricity:
[0.001100584760734547, 0.018693656539390046, 0.019762446528509003]
