Global Fit Results.
chi^2: 286.0775200934189
Δϕ range=[2.2 - 2.38, length=100]
mu_1: 2.2149369345862816e-6 ± 1.3146233945776247e-7
P_1: 224.70077951307644 ± 2.6196332461441993e-6
t01: 3503.7687855947643 ± 4.494716161697595e-5
ecos1: -0.08427128746446463 ± 0.006773200614657714
esin1: -0.028208361358736268 ± 0.005127265615564783
mu_2: 2.5425609217011595e-6 ± 4.461063052158797e-8
P_2: 365.2564228227627 ± 6.680803388013724e-6
t02: 3624.4077782069717 ± 6.914880828414382e-5
ecos2: -0.055921527621252534 ± 0.00532051482584591
esin2: -0.020371434482632657 ± 0.004029404254363459
mu_3: 0.0007568761948628884 ± 8.230256034806448e-5
P_3: 4470.367274455724 ± 37.487018721400815
t03: 1293.7078984386262 ± 57.98298162734584
ecos3: 0.011713447280178943 ± 0.012869739234896448
esin3: 0.09587895480593721 ± 0.011246738294325067
tcos: -0.0001324514221369909 ± 7.993930902595445e-5
tsin: -0.0013038434284884189 ± 9.216697736919465e-5
dphi: 2.3001937701302007 ± 0.005836527355586352
Retrieved Earth masses:
[0.7373928505803867, 0.8464648435589485, 251.97787176303032]
 ± [0.04376620739083608, 0.014851691482875823, 27.400021480277257]
Retrieved eccentricity:
[0.11917759765088767, 0.07908498279059697, 0.016565316005771304]
 ± [0.009578752169922723, 0.007524344225518412, 0.018200559770195697]
