Global Fit Results.
chi^2: 1.1190012824931026
per 4 range=[657.45 - 803.5500000000001, length=100]
mu_1: 2.7405966460504908e-6 ± 1.5531607040291453e-6
P_1: 224.7007901087644 ± 1.9864440140422787e-5
t01: 3503.7686210231027 ± 0.0003462058803229305
ecos1: 0.00016080164326324383 ± 0.026983549054920966
esin1: -0.008151553149243713 ± 0.0315453861834648
mu_2: 3.010181044885087e-6 ± 3.538759164390411e-7
P_2: 365.26289108861073 ± 0.0204764150769957
t02: 3624.358831658779 ± 0.1570388667742169
ecos2: 0.013584669811422104 ± 0.02010351001692886
esin2: -0.004585941272187665 ± 0.02546131806947762
mu_3: 2.9707061161069277e-6 ± 3.8861858526216655e-6
P_3: 734.9867230955631 ± 8.368160123078896
t03: 107.27954079079332 ± 89.54568144993374
ecos3: 0.09006861356058339 ± 0.03657537260545698
esin3: -0.006439611724951941 ± 0.10223434190767258
mu_4: 0.0009405797110031951 ± 0.000663008472865749
P_4: 4272.641173713825 ± 308.56638281283915
t04: 503.9670465886417 ± 551.7401380683382
ecos4: 0.013462972349525365 ± 0.07552481664616192
esin4: -0.04576145761314483 ± 0.05291857303104892
tsin: 1.1289563035781096e-5 ± 0.0006600285099828977
tcos: -0.0014333963962577026 ± 0.0009463598861815442
dphi: 2.308835144463589 ± 0.04644265736564163
Retrieved Earth masses:
[0.912394543413803, 1.0021441002632732, 0.9890021774375466, 313.1361184440552]
 ± [0.5170754891797474, 0.11781173842923531, 1.2937820571785816, 220.72759731045923]
Retrieved eccentricity:
[0.00022740786475475966, 0.019211624287673493, 0.1273762548415183, 0.019039518086552746]
 ± [0.038160501034428945, 0.028430656517244163, 0.051725387987486625, 0.10680821999674349]
