Global Fit Results.
chi^2: 2.485572435688893
per 4 range=[657.45 - 712.2375, length=100]
mu_1: 2.256360206977919e-6 ± 1.0320867252123466e-6
P_1: 224.70077130945518 ± 1.5005003400048034e-5
t01: 3503.7688743018134 ± 0.00032618871978714253
ecos1: -0.0022237778788346176 ± 0.016280888328393986
esin1: -0.0029372754902265816 ± 0.01980059233862196
mu_2: 3.0234638863938013e-6 ± 2.788809246786151e-7
P_2: 365.2564581952437 ± 2.374498541355525e-5
t02: 3624.4074715361426 ± 0.0003892421668617576
ecos2: 0.01105086689414546 ± 0.012522724373369508
esin2: 0.0007936633734004488 ± 0.01586593917749277
mu_3: 1.985229201035133e-7 ± 4.194083734340833e-7
P_3: 686.5158704323472 ± 9.068670516916185
t03: 371.31663821269717 ± 145.4834085618697
ecos3: -0.006795256942334202 ± 0.5220104942691027
esin3: -0.20895341480497032 ± 0.39557335865602555
mu_4: 0.0011455933818445303 ± 0.000539540763812875
P_4: 4348.9314278084175 ± 125.94742588153741
t04: 360.1173524331991 ± 335.62700161584326
ecos4: 0.0326348662386551 ± 0.03832287885700569
esin4: -0.032104025626928746 ± 0.02888662040705781
tsin: 0.00011879578987006247 ± 0.0004990387459413056
tcos: -0.0017914808632274702 ± 0.000567087144625748
dphi: 2.3145409762591034 ± 0.021132504506942647
Retrieved Earth masses:
[0.751183412484102, 1.0065662001483644, 0.06609189619568806, 381.3889037893313]
 ± [0.34360047027373375, 0.0928445396390799, 0.13962868703600767, 179.6229480035324]
Retrieved eccentricity:
[0.0031448968359531894, 0.01562828583768035, 0.009609944527658959, 0.04615267044093788]
 ± [0.023024653081496604, 0.017709806646679274, 0.7382343206964479, 0.05419673502875859]
