Global Fit Results.
chi^2: 1.311960792555297
Δϕ range=[2.1 - 2.52, length=100]
mu_1: 2.2879229427399863e-6 ± 1.748471769532691e-6
P_1: 224.70079648445648 ± 4.134796507592049e-5
t01: 3503.76863576326 ± 0.0005954179057332239
ecos1: -0.08753209819966835 ± 0.09209496406027798
esin1: -0.038781673461431056 ± 0.07775375783496305
mu_2: 2.5169364032976914e-6 ± 5.876137958801654e-7
P_2: 365.2564109560268 ± 9.478976693256959e-5
t02: 3624.407829096602 ± 0.0009057916865151984
ecos2: -0.05754912835697505 ± 0.07185557724186688
esin2: -0.02837532495528153 ± 0.060450889112158096
mu_3: 0.0007101153940502963 ± 0.0009354184618614727
P_3: 4462.218280917908 ± 616.7785052178725
t03: 1251.7391227540768 ± 884.9456469341484
ecos3: -0.006868738132985076 ± 0.17890825696480203
esin3: 0.09154805788867737 ± 0.13583900357673293
tcos: -0.00011071044546159245 ± 0.0010616986664543642
tsin: -0.0012256906632410476 ± 0.001419470444935216
dphi: 2.3141662487526364 ± 0.09663218325226455
Retrieved Earth masses:
[0.7616912221342461, 0.8379339746320587, 236.41034942494647]
 ± [0.5820981004752034, 0.19562733602858604, 311.4178445926685]
Retrieved eccentricity:
[0.12378908041694456, 0.08138675782518419, 0.009713862624056746]
 ± [0.13024194720030788, 0.10161913186759565, 0.25301448342015376]
