Global Fit Results.
chi^2: 5.11452506622737
Δϕ range=[2.25 - 2.37, length=100]
mu_1: 2.3732679800103237e-6 ± 1.026667247569854e-6
P_1: 224.70077474142008 ± 1.0631325422784067e-5
t01: 3503.768813564753 ± 0.00029603212465646224
ecos1: 0.004671617740523981 ± 0.021476049220734435
esin1: -0.00420717662526743 ± 0.027300262736174596
mu_2: 3.0787755361419554e-6 ± 3.150737823173738e-7
P_2: 365.2564503160581 ± 2.395885348777891e-5
t02: 3624.4075949187336 ± 0.00040634513790350205
ecos2: 0.016695183036200895 ± 0.016771300565007207
esin2: -0.0010732998353347588 ± 0.02192398285947931
mu_3: 0.000866877182630948 ± 0.0004461021781826904
P_3: 4247.489346729854 ± 108.12179687577127
t03: 580.6232007436826 ± 345.9653217184417
ecos3: 0.02423662214820905 ± 0.05647864597982558
esin3: -0.03441377430785728 ± 0.03898707425494914
tcos: 8.925094708714082e-5 ± 0.0005345236348609073
tsin: -0.0017726244420142457 ± 0.0005385669238840009
dphi: 2.3133614384054777 ± 0.020295409173205648
Retrieved Earth masses:
[0.7901041396006382, 1.0249804558507345, 288.5992042580337]
 ± [0.34179622745081084, 0.10489380119960347, 148.51554086423565]
Retrieved eccentricity:
[0.006606665166871768, 0.023610554276096533, 0.034275759748109376]
 ± [0.030371720074154777, 0.023718200717668746, 0.07987286712913802]
