Global Fit Results.
chi^2: 42.90044260080286
Δϕ range=[2.1 - 2.52, length=200]
mu_1: 2.0664197323522097e-6 ± 5.376522204038536e-7
P_1: 224.70080097469966 ± 8.89385121086302e-6
t01: 3503.769350639685 ± 0.00013465064350854432
ecos1: -0.007473100587894711 ± 0.008108074235039387
esin1: -0.02364623050953098 ± 0.009471311806295752
mu_2: 3.1090004718221623e-6 ± 1.3553722134072023e-7
P_2: 365.25642933270666 ± 2.109393675580171e-5
t02: 3624.4088917623217 ± 0.0002083776852526378
ecos2: 0.010887260560409612 ± 0.006086749907596897
esin2: -0.0198357537987265 ± 0.007786415649582716
mu_3: 0.0010762605364349857 ± 0.00022817607096961323
P_3: 4222.6542665749785 ± 128.81378677083148
t03: 753.2670968714125 ± 186.9597855152004
ecos3: 0.03104732122520658 ± 0.02183533853913451
esin3: -0.02968098859472389 ± 0.011467914260621421
tcos: -0.000258209724650065 ± 0.00027134261888450505
tsin: -0.001900176445849604 ± 0.0003400000101543385
dphi: 2.292714802320098 ± 0.016736114066127628
Retrieved Earth masses:
[0.6879487687171432, 1.0350428874856106, 358.30673665532987]
 ± [0.17899421750286773, 0.045122809793610066, 75.9639702508927]
Retrieved eccentricity:
[0.01056856020437905, 0.015396911541620976, 0.0439075427520412]
