Global Fit Results.
chi^2: 1.3452873415762583
per 4 range=[657.45 - 730.5, length=100]
mu_1: 2.4048812957569883e-6 ± 1.490786619268163e-6
P_1: 224.70076439464154 ± 3.432676014692916e-5
t01: 3503.7689560449976 ± 0.0005926450207209854
ecos1: -0.004099284819934513 ± 0.020369282013129417
esin1: 0.0005370883228948452 ± 0.02400584346605466
mu_2: 3.025022526284149e-6 ± 3.6706244679278704e-7
P_2: 365.2564563707492 ± 4.0613775589663185e-5
t02: 3624.407487001156 ± 0.0005518901328717424
ecos2: 0.010120279859214185 ± 0.015190446688198469
esin2: 0.003452305693242708 ± 0.01894776216980079
mu_3: 2.8217999176750764e-7 ± 6.42911151886283e-7
P_3: 684.0274590977951 ± 10.975530993120081
t03: 391.82341135642315 ± 171.57233367753054
ecos3: 0.006237384864312563 ± 0.5911372412009812
esin3: -0.2169879568987913 ± 0.3992137519819908
mu_4: 0.0013113268333248508 ± 0.0008816471776745255
P_4: 4393.138859723713 ± 185.55385432746118
t04: 259.0896837310042 ± 451.1449156367193
ecos4: 0.03428154324780183 ± 0.04493048962945441
esin4: -0.027875638386218492 ± 0.03627878580939804
tsin: 0.00017507244600342172 ± 0.0007287254405371165
tcos: -0.0017538425300681205 ± 0.0008998788879667044
dphi: 2.3184212936836626 ± 0.035478624946286494
Retrieved Earth masses:
[0.8006287882489687, 1.007085099758473, 0.09394285916544998, 436.5645886204784]
 ± [0.4963100202194159, 0.12220177457653073, 0.21403683308387164, 293.51640464336936]
Retrieved eccentricity:
[0.005797264188381539, 0.014312237031911977, 0.008820994268851494, 0.048481423400121154]
 ± [0.02880651487876996, 0.02148253572495574, 0.8359943037302432, 0.06354130779803813]
