Global Fit Results.
chi^2: 2.1839256220383385
Δϕ range=[2.1 - 2.52, length=100]
mu_1: 2.4410640339545673e-6 ± 1.5153385012008278e-6
P_1: 224.7007885864811 ± 2.9853413641282102e-5
t01: 3503.7687132235255 ± 0.0004635395447316034
ecos1: -0.09445369919188053 ± 0.0773480540315947
esin1: -0.028841956932095573 ± 0.05613113914280524
mu_2: 2.542566554658422e-6 ± 4.724287571394078e-7
P_2: 365.2564113495589 ± 7.0052704190686e-5
t02: 3624.407871223889 ± 0.0006904462366740712
ecos2: -0.062110306795048094 ± 0.059831889956948006
esin2: -0.020895027085623248 ± 0.04403297746724252
mu_3: 0.0007617651629846671 ± 0.0007950690941624371
P_3: 4534.185616431234 ± 438.5651861453565
t03: 1234.1793119668766 ± 644.0923893253329
ecos3: 0.007013043254885235 ± 0.12607707012815644
esin3: 0.09812615539940785 ± 0.11348790898647339
tcos: -0.00015548349461144047 ± 0.0008656432341887464
tsin: -0.0010749980473580912 ± 0.0012302807796207825
dphi: 2.299819030825518 ± 0.08739525032040991
Retrieved Earth masses:
[0.812674680863198, 0.8464667188730254, 253.60549830328142]
 ± [0.5044837889271117, 0.157280138537329, 264.69298362317204]
Retrieved eccentricity:
[0.1335777024134661, 0.08783723823271082, 0.009917940884567855]
 ± [0.10938666703464817, 0.08461507023953045, 0.17829990247950267]
