Global Fit Results.
chi^2: 1.5985690359792721
per 4 range=[657.45 - 712.2375, length=100]
mu_1: 2.2570793256134334e-6 ± 1.286870990130026e-6
P_1: 224.70077098543166 ± 1.542112649561858e-5
t01: 3503.768878240936 ± 0.0003902792979405433
ecos1: -0.0022719139284147643 ± 0.020045074519742016
esin1: -0.0026842674769302975 ± 0.024420983611642015
mu_2: 3.0201581246973496e-6 ± 3.455784230662928e-7
P_2: 365.25645834442514 ± 2.836756257166682e-5
t02: 3624.4074698161994 ± 0.00047876803822691265
ecos2: 0.010962803166694023 ± 0.015288070546451026
esin2: 0.0009583189074122417 ± 0.01965863279102613
mu_3: 2.0001145625182257e-7 ± 5.028748356075942e-7
P_3: 686.4287132270549 ± 9.147654074495636
t03: 372.3343454553351 ± 168.034100265036
ecos3: -0.008281670572025382 ± 0.6448830383802776
esin3: -0.21019944587787529 ± 0.49412579788854677
mu_4: 0.001145322580377765 ± 0.000650635666824485
P_4: 4349.5961931438305 ± 134.48662445914871
t04: 357.13743224417834 ± 408.55060990699747
ecos4: 0.032308538769855524 ± 0.047491977988130006
esin4: -0.03221912927905776 ± 0.035616483711006515
tsin: 0.00012022896447231966 ± 0.0006170836156165815
tcos: -0.0017924450374972203 ± 0.0006955294110579669
dphi: 2.314581528172179 ± 0.025294993314997266
Retrieved Earth masses:
[0.7514228201766043, 1.0054656518651957, 0.06658745699313295, 381.2987490483988]
 ± [0.4284227929579544, 0.11504935174667924, 0.16741619263443744, 216.60846480877012]
Retrieved eccentricity:
[0.0032129714901084966, 0.015503744919965402, 0.011712050842064442, 0.045691173708786635]
 ± [0.028348016244598515, 0.021620596709307695, 0.9120023390217578, 0.06716379937473795]
