Global Fit Results.
chi^2: 3.414134171577327
Δϕ range=[2.25 - 2.37, length=100]
mu_1: 2.383571441556105e-6 ± 1.2792668247298236e-6
P_1: 224.70077506549327 ± 1.343535751372301e-5
t01: 3503.7688081538868 ± 0.00036640962824132224
ecos1: 0.004645938987468081 ± 0.026389091749415818
esin1: -0.003443428343172675 ± 0.03520175161513968
mu_2: 3.071953404294656e-6 ± 3.933386559699862e-7
P_2: 365.25645028220487 ± 2.970947311258129e-5
t02: 3624.4075962889483 ± 0.0004974361125481114
ecos2: 0.016708511688748845 ± 0.02068521712233985
esin2: -0.0004764973250358065 ± 0.028192724064879292
mu_3: 0.00086793760967194 ± 0.000556548891541176
P_3: 4248.972479433676 ± 135.32225147762625
t03: 572.0572499557514 ± 445.8341662277657
ecos3: 0.0247620409339059 ± 0.06963394625895214
esin3: -0.034889821982997796 ± 0.04863139075682415
tcos: 8.899461593439036e-5 ± 0.0006693790900690165
tsin: -0.001768718074468802 ± 0.0006661651063516817
dphi: 2.3131232165915923 ± 0.02758365105715985
Retrieved Earth masses:
[0.7935343496266895, 1.0227092438936973, 288.9522397356491]
 ± [0.4258912277864217, 0.1309496032325374, 185.2852635271795]
Retrieved eccentricity:
[0.006570349926035285, 0.023629403837298002, 0.03501881412076747]
 ± [0.037319811450731794, 0.02925331459504518, 0.09847727120096936]
