Global Fit Results.
chi^2: 31.786391105515847
Δϕ range=[2.2 - 2.38, length=100]
mu_1: 2.214937564320629e-6 ± 3.9438703649050124e-7
P_1: 224.70077951328258 ± 7.858741837603912e-6
t01: 3503.768785591742 ± 0.0001348396648209691
ecos1: -0.08427121854025989 ± 0.020319229911308027
esin1: -0.028208080555457912 ± 0.015381654213410687
mu_2: 2.542560691171253e-6 ± 1.3382982818263265e-7
P_2: 365.2564228236647 ± 2.004171165014347e-5
t02: 3624.407778198362 ± 0.00020744240871416265
ecos2: -0.055921485062946655 ± 0.01596125215565675
esin2: -0.02037120518349498 ± 0.012088097264211568
mu_3: 0.0007568768327873156 ± 0.0002469055807237871
P_3: 4470.360817580137 ± 112.45908515280394
t03: 1293.715884070199 ± 173.94234820967708
ecos3: 0.011713780415724743 ± 0.0386091786816721
esin3: 0.09587865559499104 ± 0.033739589900790026
tcos: -0.00013244797319634244 ± 0.00023981657808944465
tsin: -0.0013038438551467983 ± 0.0002765010396573183
dphi: 2.30019389755825 ± 0.01750956478064428
Retrieved Earth masses:
[0.7373930602304217, 0.8464647668113434, 251.978084139692]
 ± [0.13129862820405874, 0.044554387511131485, 82.19936520591119]
Retrieved eccentricity:
[0.11917750017734255, 0.0790849226040636, 0.016565787130578283]
 ± [0.028735730517548873, 0.022572619270986576, 0.05460162412370686]
