Global Fit Results.
chi^2: 65.3520332842962
per 4 range=[657.45 - 712.2375, length=300]
mu_1: 3.7434041364007916e-6 ± 3.744021614141006e-7
P_1: 224.70075658482827 ± 9.665099934849705e-6
t01: 3503.7697246100897 ± 0.00018859890500377656
ecos1: -0.007990377625185036 ± 0.0064364690401877474
esin1: 0.0015512103581245445 ± 0.006701913630963366
mu_2: 2.995154508841831e-6 ± 1.0884862974672584e-7
P_2: 365.2564646105183 ± 9.831446840798234e-6
t02: 3624.408435333104 ± 0.00014838869015220543
ecos2: 0.007640489108823501 ± 0.0050075872162398775
esin2: 0.003284085382795928 ± 0.005235235901427122
mu_3: 6.747804166565232e-7 ± 1.6851386795837576e-7
P_3: 682.6299303434988 ± 2.0195832637650843
t03: 429.78558389736975 ± 19.822664299565567
ecos3: -0.036945280824014846 ± 0.03984706717815731
esin3: -0.10459154952920069 ± 0.026393309600772925
mu_4: 0.0011721308291071716 ± 0.00027341274691885603
P_4: 4375.934414997799 ± 51.9990498578571
t04: 189.7476668679985 ± 130.90318224896933
ecos4: 0.01865246499599741 ± 0.021651485829036247
esin4: -0.059909691499204706 ± 0.013740285337510713
tsin: 0.0003845462990579628 ± 0.00020312315945481091
tcos: -0.001069988803886962 ± 0.00021561783193768734
dphi: 2.308965922490494 ± 0.01291687859021785
Retrieved Earth masses:
[1.2462474230809584, 0.9971414927062526, 0.22464669182425964, 390.223703362431]
 ± [0.12464529926680275, 0.036237691519510215, 0.056101336121953185, 91.02408366004673]
Retrieved eccentricity:
[0.008139557000734777, 0.008316386873128523, 0.11092495665126292, 0.0627461997730284]
