Global Fit Results.
chi^2: 0.8841491611221513
per 4 range=[657.45 - 803.5500000000001, length=100]
mu_1: 2.7405934220145124e-6 ± 1.7472869740184295e-6
P_1: 224.70079010862707 ± 2.2347437421859132e-5
t01: 3503.7686210251672 ± 0.00038948216610649913
ecos1: 0.00016099242719111478 ± 0.03035713238696267
esin1: -0.008151816768412921 ± 0.035487511766822265
mu_2: 3.0101822133364006e-6 ± 3.981104433954244e-7
P_2: 365.2628910272741 ± 0.023034834354748453
t02: 3624.3588322886467 ± 0.17665868322186853
ecos2: 0.013584839838673179 ± 0.0226171190774018
esin2: -0.004586164170298058 ± 0.028643001199496934
mu_3: 2.970695718938522e-6 ± 4.371728712486793e-6
P_3: 734.9867230955631 ± 9.41356907550806
t03: 107.27960030154419 ± 100.72844036155776
ecos3: 0.09006883657335472 ± 0.041148012669042805
esin3: -0.006440373394369391 ± 0.11501398792120057
mu_4: 0.0009405790003443602 ± 0.0007458789997762948
P_4: 4272.647101134052 ± 347.12438747270875
t04: 503.9603269891159 ± 620.6589296205069
ecos4: 0.013462517715561088 ± 0.08496389658443877
esin4: -0.04576121255870914 ± 0.05953439685339016
tsin: 1.1282367056596568e-5 ± 0.0007425224873564103
tcos: -0.0014333994980633706 ± 0.0010646254534263876
dphi: 2.3088348126305083 ± 0.05224460433000161
Retrieved Earth masses:
[0.9123934700734999, 1.0021444892619988, 0.9889987160307999, 313.1358818527844]
 ± [0.5817036604674659, 0.13253821818453138, 1.4554281193865675, 248.31670520489237]
Retrieved eccentricity:
[0.00022767767397303756, 0.019211864742517938, 0.1273765702292041, 0.019038875137034547]
 ± [0.04293146833639813, 0.03198543654106888, 0.05819207758126027, 0.1201570948617784]
