Global Fit Results.
chi^2: 4.713085012422008
Δϕ range=[2.2 - 2.38, length=100]
mu_1: 2.2836386456161613e-6 ± 1.0910354411365192e-6
P_1: 224.7007803645534 ± 1.3112974745655347e-5
t01: 3503.768729342615 ± 0.0002952405758079923
ecos1: 0.0005614509097817198 ± 0.017610141102416578
esin1: -0.0056898179951468475 ± 0.023399896215785455
mu_2: 3.0502763938766406e-6 ± 2.9989029229231427e-7
P_2: 365.25646731756586 ± 2.8394954506153146e-5
t02: 3624.4074281008166 ± 0.0003999828927706468
ecos2: 0.013533589062661389 ± 0.013655332681832732
esin2: -0.0018853886588205617 ± 0.01878463523148005
mu_3: 0.000943988589926585 ± 0.0004231684234322629
P_3: 4227.463808521509 ± 115.47384894020861
t03: 575.3502585040422 ± 326.93149094694104
ecos3: 0.03486866728643858 ± 0.04801598617797783
esin3: -0.0451573189372412 ± 0.0355401965852868
tcos: 9.554674622565021e-5 ± 0.0005223241044769682
tsin: -0.0017863274436035925 ± 0.000633291317432732
dphi: 2.313081899277195 ± 0.024399022029414467
Retrieved Earth masses:
[0.7602649015832906, 1.0154925722789876, 314.27099633035107]
 ± [0.3632255715552284, 0.09983894080312504, 140.880476169679]
Retrieved eccentricity:
[0.0007940114912200212, 0.019139385199999918, 0.04931174217835651]
 ± [0.02490450038234141, 0.01931155667736442, 0.06790485886361532]
