Global Fit Results.
chi^2: 3.3169841296291915
Δϕ range=[2.25 - 2.37, length=100]
mu_1: 2.4086617447211855e-6 ± 1.2879477084067302e-6
P_1: 224.70077635650082 ± 1.4276878870064483e-5
t01: 3503.7687876288733 ± 0.0003736872416261189
ecos1: 0.0034925663048211127 ± 0.02627053853845505
esin1: -0.0033203294598466637 ± 0.03424829639605165
mu_2: 3.0632611659739227e-6 ± 3.9618192040505594e-7
P_2: 365.2564490102515 ± 3.014770021024717e-5
t02: 3624.4076063584675 ± 0.0004981964164387841
ecos2: 0.01608921992510146 ± 0.020492263151650342
esin2: -0.00022144025976657147 ± 0.02740582450711903
mu_3: 0.00089262701544027 ± 0.0005583634554060641
P_3: 4244.283458607041 ± 143.97441288710505
t03: 572.5848987535521 ± 435.12496297762783
ecos3: 0.02813071156476151 ± 0.06686822710324247
esin3: -0.03521886384517073 ± 0.04628412128071736
tcos: 7.261469238017517e-5 ± 0.0006720092498890157
tsin: -0.0017368717674263632 ± 0.0006931378555655586
dphi: 2.311937499347354 ± 0.029317325533529177
Retrieved Earth masses:
[0.8018873685699943, 1.0198154394276815, 297.1717926332332]
 ± [0.42878125208468304, 0.13189617775300858, 185.88936489006542]
Retrieved eccentricity:
[0.004939234635765303, 0.022753593026081917, 0.039782833814091395]
 ± [0.0371521518919282, 0.02898043647278234, 0.09456595366124969]
