Global Fit Results.
chi^2: 6.03777297352441
Δϕ range=[2.2 - 2.38, length=100]
mu_1: 2.3608745116142265e-6 ± 7.487146980408078e-7
P_1: 224.70078893601584 ± 1.1618344889665639e-5
t01: 3503.7686251276086 ± 0.000233684886512846
ecos1: 0.012392632206347747 ± 0.022983393656201355
esin1: -0.002758785002185374 ± 0.026654192224958156
mu_2: 3.146682803000325e-6 ± 2.751603221648249e-7
P_2: 365.2564593140904 ± 2.49584518427205e-5
t02: 3624.407481404576 ± 0.00031563882260812667
ecos2: 0.02141748686490106 ± 0.01770019556494896
esin2: 9.901237413367343e-5 ± 0.02122026722127919
mu_3: 0.0006954970251140113 ± 0.0003414342960506385
P_3: 4198.931223649528 ± 98.79063116493273
t03: 567.2468101246392 ± 289.58033795597413
ecos3: 0.006969863296563977 ± 0.0668660969343668
esin3: -0.06507671924458061 ± 0.04491337812780872
tcos: 9.564905919564663e-5 ± 0.0004151206151922023
tsin: -0.0017943843624291678 ± 0.000428952922425238
dphi: 2.3120627602682235 ± 0.02058176667046257
Retrieved Earth masses:
[0.7859781282246605, 1.047588021918149, 231.5436281325967]
 ± [0.24926076080936752, 0.09160588329149737, 113.66969637793107]
Retrieved eccentricity:
[0.017525828539718596, 0.0302889003962907, 0.009856875201887227]
 ± [0.03250342701795971, 0.025031856624606927, 0.09456294114753556]
