Global Fit Results.
chi^2: 253.94005064595012
Δϕ range=[2.1 - 2.52, length=100]
mu_1: 2.453921588365655e-6 ± 1.4051477893750626e-7
P_1: 224.70078260908832 ± 2.813024719812782e-6
t01: 3503.7687691164047 ± 4.525052913746187e-5
ecos1: -0.08175925165275974 ± 0.006253675118966328
esin1: -0.0363392303840458 ± 0.005644381995921243
mu_2: 2.600573591418611e-6 ± 4.452760832224331e-8
P_2: 365.2564121813546 ± 7.113228041029597e-6
t02: 3624.407868861323 ± 7.17335044366443e-5
ecos2: -0.05266596817540207 ± 0.004857081721893797
esin2: -0.027160153882389623 ± 0.0044122316065450815
mu_3: 0.0007944480680559898 ± 7.958828157911015e-5
P_3: 4535.617815399019 ± 43.27398170514288
t03: 1154.3768665295634 ± 67.12149187269434
ecos3: 0.006719293707921412 ± 0.01222245519790286
esin3: 0.08493078488298363 ± 0.009669842803910846
tcos: -0.0001857692952270174 ± 8.349012661928534e-5
tsin: -0.0011394522661738057 ± 0.00011308115112272508
dphi: 2.3021125539483784 ± 0.007785867258733115
Retrieved Earth masses:
[0.8169551949268886, 0.8657783180081524, 264.4862327203507]
 ± [0.0467799293837476, 0.014824051880465362, 26.496388637528664]
Retrieved eccentricity:
[0.11562504253680772, 0.07448092646916342, 0.009502516291310662]
 ± [0.00884403216791736, 0.006868950844656674, 0.017285161906371756]
