Global Fit Results.
chi^2: 0.9652124559850929
per 4 range=[657.45 - 803.5500000000001, length=100]
mu_1: 2.5424912096639294e-6 ± 1.5111347904139558e-6
P_1: 224.70078771701273 ± 2.0856370770748947e-5
t01: 3503.7686510524795 ± 0.0004056205852401032
ecos1: 0.007568136686038553 ± 0.035298696853484704
esin1: -0.004458333306906187 ± 0.04111600910137587
mu_2: 3.0777362881964597e-6 ± 4.571034771491282e-7
P_2: 365.2635810217598 ± 0.03012963781662609
t02: 3624.3637845401568 ± 0.2001238912719818
ecos2: 0.01903144393034406 ± 0.026910960976043594
esin2: -0.001590271201605088 ± 0.03305305398582133
mu_3: 2.4107043548243964e-6 ± 4.450061584932049e-6
P_3: 733.4984309932809 ± 7.672251769623082
t03: 116.6653278752152 ± 103.68384583659127
ecos3: 0.09721621640147016 ± 0.05052935304308825
esin3: 0.006747024912303665 ± 0.1330409160847933
mu_4: 0.0008662302040999526 ± 0.0007408492158176034
P_4: 4346.478530975309 ± 277.4706747854095
t04: 365.0857308446455 ± 573.9587447905736
ecos4: 0.010528919688386254 ± 0.09595651579470908
esin4: -0.05238224790755312 ± 0.06393616588285747
tsin: -6.116458579904316e-5 ± 0.0007376855923041713
tcos: -0.0016486993186391199 ± 0.000868426628786444
dphi: 2.3035945572455008 ± 0.04658519333212785
Retrieved Earth masses:
[0.8464416351519505, 1.0246344712797868, 0.8025673906794781, 288.38381332035715]
 ± [0.5030842970356073, 0.15217807367872585, 1.4815065594561698, 246.64219850757385]
Retrieved eccentricity:
[0.010702961543289091, 0.026914526117835694, 0.13748449171755683, 0.014890141020452942]
 ± [0.04991989582429456, 0.038057845988813954, 0.07145929637147362, 0.1357030060349457]
