Global Fit Results.
chi^2: 432.829462764558
Δϕ range=[2.25 - 2.37, length=200]
mu_1: 2.3896566537412906e-6 ± 1.2233336938862857e-7
P_1: 224.7007796749056 ± 1.394804121888235e-6
t01: 3503.7694762965148 ± 3.479418685291571e-5
ecos1: 0.007741837673899484 ± 0.002577947099227656
esin1: -0.006143806960994944 ± 0.0032917854926276155
mu_2: 3.081705812739189e-6 ± 3.734465924455783e-8
P_2: 365.25645204753096 ± 2.8515694803188255e-6
t02: 3624.4087372976624 ± 4.559415335556443e-5
ecos2: 0.01945033049113423 ± 0.0020109686985179498
esin2: -0.0022997091866240106 ± 0.002647747733222357
mu_3: 0.0009106599131338373 ± 5.330793459146832e-5
P_3: 4281.2877446761995 ± 13.055377579852907
t03: 533.6828630517786 ± 38.86144383945924
ecos3: 0.03196160216347773 ± 0.005865962971421732
esin3: -0.029440953679072315 ± 0.004036250612523314
tcos: -1.7272964578345813e-5 ± 6.118551446181694e-5
tsin: -0.0017067342214784828 ± 6.515587434030904e-5
dphi: 2.31065316948328 ± 0.002731978041211246
Retrieved Earth masses:
[0.7955602276052237, 1.0259559983049158, 303.17527274449327]
 ± [0.04072700697071258, 0.012432717295150136, 17.747182429055467]
Retrieved eccentricity:
[0.010948611836119624, 0.027506921173200968, 0.04520053125476346]
