Global Fit Results.
chi^2: 11.148752216407448
Δϕ range=[2.25 - 2.37, length=100]
mu_1: 2.408654076162038e-6 ± 7.025274380183782e-7
P_1: 224.7007763564841 ± 7.787385928063243e-6
t01: 3503.7687876292657 ± 0.00020382938154027506
ecos1: 0.0034925165728049382 ± 0.014329308074155297
esin1: -0.003320751720040699 ± 0.01868102326868451
mu_2: 3.063260909459101e-6 ± 2.1609891713403346e-7
P_2: 365.2564490103399 ± 1.6444297936311053e-5
t02: 3624.4076063568878 ± 0.00027174495350483794
ecos2: 0.016089177018880206 ± 0.011177533580985223
esin2: -0.0002217856542879289 ± 0.014948694239876098
mu_3: 0.0008926260027567022 ± 0.000304561356585633
P_3: 4244.282891023882 ± 78.53258449942125
t03: 572.58981090202 ± 237.34605114062953
ecos3: 0.028130338556127125 ± 0.03647372959346657
esin3: -0.0352185390616808 ± 0.02524615008258802
tcos: 7.261479933687804e-5 ± 0.00036655126047432246
tsin: -0.001736874517207313 ± 0.00037807921497877455
dphi: 2.3119376544767074 ± 0.015991314229255465
Retrieved Earth masses:
[0.8018848155669713, 1.0198153540292247, 297.17145549242747]
 ± [0.23388418064736916, 0.07194326575377821, 101.3940231897655]
Retrieved eccentricity:
[0.004939164304073544, 0.02275353234752191, 0.03978230630022177]
 ± [0.020264701817892715, 0.01580741958411001, 0.05158164306140934]
