Global Fit Results.
chi^2: 0.15969572031204485
per 4 range=[657.45 - 1314.9, length=100]
mu_1: 1.8797152466878494e-6 ± 1.9427216202601887e-6
P_1: 224.70080764293297 ± 0.00023542807927392462
t01: 3503.7659021910317 ± 0.015473227602190016
ecos1: -0.002554407894938266 ± 0.03298536815717243
esin1: -0.0163393871390758 ± 0.038514239503225356
mu_2: 2.970632138291019e-6 ± 5.448919294056349e-7
P_2: 365.25609919135894 ± 0.0010787760644411276
t02: 3624.4108415217684 ± 0.008328463981277939
ecos2: 0.00920568458118057 ± 0.02985693325357112
esin2: -0.009229835409132525 ± 0.0308222579125217
mu_3: 6.319818910767612e-7 ± 1.8005842967689123e-6
P_3: 672.0264060949296 ± 9.015777620080206
t03: 636.4556943778681 ± 160.83281578343008
ecos3: 0.17147306765747378 ± 0.9209717115716498
esin3: 0.19893986432674265 ± 1.0903372531502595
mu_4: 0.00730781076362167 ± 0.022490882393931967
P_4: 7519.385680434088 ± 4642.3886276948215
t04: -3139.725596583869 ± 5835.965765394999
ecos4: 0.061422125938488496 ± 0.038764613357871444
esin4: 0.018892334790936525 ± 0.0957415913634469
tsin: 0.0005406386888953635 ± 0.0014855884609500797
tcos: -0.0013878048767588058 ± 0.0016672295350509997
dphi: 2.3253306421028426 ± 0.07379043959320211
Retrieved Earth masses:
[0.6257914446189277, 0.9889775488751251, 0.21039828308399314, 2432.903314917882]
 ± [0.646767414041695, 0.18140444850079596, 0.5994473100213626, 7487.62442016323]
Retrieved eccentricity:
[0.003612478288854604, 0.013018803985634446, 0.24249953786291872, 0.0868640035319987]
 ± [0.04664835500774287, 0.04222407993806854, 1.3024506850665896, 0.05482144195085104]
