Global Fit Results.
chi^2: 82.61065236363494
per 4 range=[657.45 - 803.5500000000001, length=300]
mu_1: 1.8794176604410478e-6 ± 1.800493633770451e-7
P_1: 224.70079446879416 ± 2.2751667015720743e-6
t01: 3503.769308035862 ± 4.201846729613304e-5
ecos1: -0.005414385455998549 ± 0.0020824503965447575
esin1: -0.00272770732899396 ± 0.0022632894533265962
mu_2: 2.9261837641097844e-6 ± 4.133615815998635e-8
P_2: 365.25644933331296 ± 5.390834725343052e-6
t02: 3624.4086739292375 ± 6.12889358001942e-5
ecos2: 0.008272341659899863 ± 0.0016328982562801339
esin2: 0.0022784510608257094 ± 0.0018256814368875552
mu_3: 9.322323580562743e-7 ± 3.260669688568812e-7
P_3: 793.8183991736267 ± 1.6534156429252045
t03: 385.3432443396887 ± 11.983537294422824
ecos3: 0.30153652784486057 ± 0.0511203370348001
esin3: 0.055681736744443884 ± 0.029779725933995214
mu_4: 0.0015634235825695325 ± 0.00012500416245717175
P_4: 4327.66444913437 ± 31.544449409753213
t04: 400.31864883706146 ± 48.47560619089819
ecos4: 0.04048861294582803 ± 0.004128184846002901
esin4: -0.018881696404217177 ± 0.00455249092345359
tsin: 0.0006105964168073055 ± 0.00011752307911933259
tcos: -0.0022124292093779934 ± 0.00014379590139594907
dphi: 2.326300239760782 ± 0.004940782724652343
Retrieved Earth masses:
[0.6256923727368364, 0.9741798754834509, 0.31035713260106546, 520.492188384084]
 ± [0.059941712665774916, 0.013761559989213627, 0.10855363323940077, 41.61616263170266]
Retrieved eccentricity:
[0.006062669143106522, 0.008580383195096394, 0.3066345274616215, 0.0446748949341585]
