Global Fit Results.
chi^2: 46.22814032056162
Δϕ range=[2.2 - 2.38, length=100]
mu_1: 2.308871185605393e-6 ± 3.371184703220888e-7
P_1: 224.7007911714764 ± 6.011370955738499e-6
t01: 3503.7686380360874 ± 0.00011882341665599765
ecos1: -0.07492647680905516 ± 0.016468647202015758
esin1: -0.03697758181577297 ± 0.015995631342693665
mu_2: 2.6342209410668137e-6 ± 1.246102142956722e-7
P_2: 365.25645900755416 ± 1.3237931457939863e-5
t02: 3624.4074604165316 ± 0.00016169851446543257
ecos2: -0.04930762480385992 ± 0.013044322606732902
esin2: -0.02727386410421195 ± 0.012496343946428286
mu_3: 0.0006484758456729715 ± 0.00018717919770341158
P_3: 4213.997567300772 ± 56.062920412861395
t03: 1520.9790004280578 ± 133.66941657879886
ecos3: -0.0013992024928847937 ± 0.04178843788079608
esin3: 0.08668739959890615 ± 0.02732392671090665
tcos: -0.00010442902643696266 ± 0.00022966690875986663
tsin: -0.0013536426385421406 ± 0.00024763040148218933
dphi: 2.303711725636505 ± 0.015935155412087145
Retrieved Earth masses:
[0.768665273756198, 0.8769801335922144, 215.88942100630817]
 ± [0.11223287938016953, 0.041485010112977186, 62.31536438289132]
Retrieved eccentricity:
[0.105962039684199, 0.06973151172602272, 0.0019787711419439196]
 ± [0.02329018422702841, 0.018447457942411635, 0.059097775601407415]
