Global Fit Results.
chi^2: 78.58975355932864
Δϕ range=[2.25 - 2.37, length=200]
mu_1: 2.4815102590592367e-6 ± 3.914672992601487e-7
P_1: 224.70078066008512 ± 3.891355838479486e-6
t01: 3503.769445281867 ± 0.00010175416502557104
ecos1: -0.003924520139121821 ± 0.004359235705341207
esin1: 0.00022973278434872916 ± 0.005171076573192456
mu_2: 3.1433280481514153e-6 ± 1.0233933605382016e-7
P_2: 365.2564544433869 ± 8.058588503935062e-6
t02: 3624.4087568740947 ± 0.000133414111668326
ecos2: 0.009663297965031322 ± 0.003393745187354876
esin2: 0.004753558350883636 ± 0.00405649142491436
mu_3: 0.0014219270077207 ± 0.00015816074539555232
P_3: 4309.046890239037 ± 31.23139922136264
t03: 398.48710256508946 ± 85.31769422764437
ecos3: 0.07284658530248608 ± 0.007725398634753966
esin3: -0.032185900421657594 ± 0.005944594793034842
tcos: 7.451604096890236e-5 ± 0.00018288885557274435
tsin: -0.0016696116116369677 ± 0.000215670338289471
dphi: 2.31001891006633 ± 0.009086791356169278
Retrieved Earth masses:
[0.826139965928174, 1.046471162922117, 473.385401258052]
 ± [0.1303265944970866, 0.034070629082415045, 52.654593038753625]
Retrieved eccentricity:
[0.005550109606552425, 0.013665967039399625, 0.1030206289073444]
