Global Fit Results.
chi^2: 1.1101173857506907
per 4 range=[657.45 - 712.2375, length=100]
mu_1: 2.2570523458670435e-6 ± 1.5442077636890538e-6
P_1: 224.7007709855242 ± 1.8505213286262837e-5
t01: 3503.7688782374275 ± 0.00046834015364769535
ecos1: -0.0022719493753867726 ± 0.02405352988972816
esin1: -0.002684963605743375 ± 0.02930417300960601
mu_2: 3.0201582446678123e-6 ± 4.146928778533686e-7
P_2: 365.25645834470185 ± 3.4041000455624885e-5
t02: 3624.4074698106315 ± 0.0005745219084677307
ecos2: 0.010962776070886327 ± 0.018345300185258467
esin2: 0.000957764585866941 ± 0.023589544595554165
mu_3: 2.0000296507910438e-7 ± 6.034419859900231e-7
P_3: 686.4286091620503 ± 10.977150750265677
t03: 372.33245838031263 ± 201.642710787191
ecos3: -0.008268638152025418 ± 0.7739348333939553
esin3: -0.21020673274186785 ± 0.5929592460256057
mu_4: 0.0011453254109752287 ± 0.0007807721088643301
P_4: 4349.59230661608 ± 161.3755735319867
t04: 357.1550352346078 ± 490.21472570630556
ecos4: 0.03230843414114158 ± 0.056990220231155964
esin4: -0.032218176561428016 ± 0.0427379478980039
tsin: 0.00012022856823667253 ± 0.0007404995145081298
tcos: -0.0017924586193564611 ± 0.0008346179787082029
dphi: 2.314581839540122 ± 0.030352898468052496
Retrieved Earth masses:
[0.7514138381275953, 1.005465691805548, 0.06658463012706843, 381.2996914058538]
 ± [0.5140948922628021, 0.13805881266447756, 0.20089682882650003, 259.9332567979718]
Retrieved eccentricity:
[0.0032130216196970558, 0.015503706600706674, 0.011693620216949953, 0.045691025741440364]
 ± [0.034016828193000184, 0.02594417232779818, 1.0945091377786933, 0.0805963423735303]
