Global Fit Results.
chi^2: 1.1120926334165768
per 4 range=[657.45 - 712.2375, length=100]
mu_1: 2.2612113370866193e-6 ± 1.5402018741832686e-6
P_1: 224.70077116554344 ± 1.7583657294860332e-5
t01: 3503.7688755167 ± 0.000462454397707803
ecos1: -0.002285388687173895 ± 0.023370532393657023
esin1: -0.0025615901877651735 ± 0.02837952579995305
mu_2: 3.0167883030425766e-6 ± 4.0708018245081893e-7
P_2: 365.25645819603926 ± 3.365794036613471e-5
t02: 3624.4074710810073 ± 0.0005735993292598815
ecos2: 0.010952269761637847 ± 0.017643901248457383
esin2: 0.001048655048881739 ± 0.022988005017634188
mu_3: 2.0055775773746604e-7 ± 5.841971067917326e-7
P_3: 686.446097637533 ± 10.605530578688978
t03: 372.4385003405606 ± 193.44382752112426
ecos3: -0.00756492218050526 ± 0.7677593941043616
esin3: -0.20793047379673352 ± 0.566437029693103
mu_4: 0.001146738832473497 ± 0.0007427478220107506
P_4: 4349.160002493804 ± 159.22173247280884
t04: 356.52397552802785 ± 482.6996597949902
ecos4: 0.03258939303477366 ± 0.056065058292261785
esin4: -0.03234492522528122 ± 0.04242218030792098
tsin: 0.00012290461942381306 ± 0.0007215303201593676
tcos: -0.0017907569885874273 ± 0.0008341861783884081
dphi: 2.3146938823142285 ± 0.028203194843414898
Retrieved Earth masses:
[0.7527984420605802, 1.0043437768550503, 0.06676933070858038, 381.7702451680874]
 ± [0.5127612586790845, 0.13552440769978955, 0.1944898579960853, 247.2742790923675]
Retrieved eccentricity:
[0.003232027676695365, 0.015488848435676989, 0.010698415545967586, 0.04608836161928419]
 ± [0.03305092387098951, 0.024952244438740015, 1.0857757477817382, 0.07928796581215478]
