Global Fit Results.
chi^2: 0.47745110637917626
per 4 range=[657.45 - 1314.9, length=100]
mu_1: 1.7611185270407543e-6 ± 1.8541748657665207e-6
P_1: 224.70085427885846 ± 7.264164709919434e-5
t01: 3503.7662066585895 ± 0.005084235901875852
ecos1: -0.013140657439456298 ± 0.047564732256902546
esin1: -0.022462830277998173 ± 0.026421322515177037
mu_2: 2.8683162542165203e-6 ± 5.20176231010171e-7
P_2: 365.25632676624963 ± 0.0003131395644076883
t02: 3624.409083095412 ± 0.003057471142230893
ecos2: 0.0001132124708356715 ± 0.040740220925951344
esin2: -0.014350734466131894 ± 0.02181085141044222
mu_3: 3.081955519856017e-7 ± 1.4118390226097204e-6
P_3: 671.4054473433379 ± 4.93855613969811
t03: 681.1135376472467 ± 454.0071696035221
ecos3: 0.3083013356351135 ± 2.1052441022333817
esin3: 0.3888676015040629 ± 2.6261689841924034
mu_4: 0.005013034557414528 ± 0.007802324335857488
P_4: 6864.956294892345 ± 2208.0223946234255
t04: -2221.058539198713 ± 3339.769069969676
ecos4: 0.057091582176735906 ± 0.024166541564999637
esin4: 0.0008404351738535187 ± 0.024889299970287136
tsin: 0.0003745323064620831 ± 0.0012110159002624485
tcos: -0.001509340253693894 ± 0.0013808110486619003
dphi: 2.311383908167821 ± 0.06149084582281124
Retrieved Earth masses:
[0.5863084364102134, 0.9549147273838039, 0.10260391303525207, 1668.9305165432866]
 ± [0.6172885865924054, 0.17317614230871906, 0.4700269272620476, 2597.535890675517]
Retrieved eccentricity:
[0.018583695969378002, 0.00016010661168557513, 0.43600393015291716, 0.08073968981167798]
 ± [0.0672666894483566, 0.05761537296755656, 2.977264761484419, 0.034176650836875606]
