Global Fit Results.
chi^2: 2.3642770242272726
Δϕ range=[2.2 - 2.38, length=100]
mu_1: 2.2149335471835935e-6 ± 1.4460910885628924e-6
P_1: 224.7007795130212 ± 2.881627603759698e-5
t01: 3503.7687855951713 ± 0.0004944218501252481
ecos1: -0.08427179836948814 ± 0.07450612521785234
esin1: -0.028208654345380592 ± 0.056400591018451365
mu_2: 2.5425588679190214e-6 ± 4.907146309004857e-7
P_2: 365.2564228224815 ± 7.34892204404453e-5
t02: 3624.4077782097397 ± 0.0007606433371965725
ecos2: -0.05592190951096254 ± 0.05852655167631012
esin2: -0.0203716678526738 ± 0.04432394920359307
mu_3: 0.0007568690768737953 ± 0.0009053295950244885
P_3: 4470.370436226585 ± 412.36952883144164
t03: 1293.7045245557892 ± 637.8348385226892
ecos3: 0.011712074007857187 ± 0.14156943823833598
esin3: 0.09587990373946721 ± 0.12371701728092532
tcos: -0.0001324524571930938 ± 0.0008793349390038135
tsin: -0.0013038430520899559 ± 0.0010138393753465619
dphi: 2.300193791037877 ± 0.06420202907193832
Retrieved Earth masses:
[0.7373917228523305, 0.8464641598174651, 251.97550205480715]
 ± [0.48143006391893606, 0.16336783898942017, 301.40071275419393]
Retrieved eccentricity:
[0.11917832017970101, 0.0790855228642042, 0.016563373905429044]
 ± [0.10536757276295484, 0.08276904313956757, 0.200209419574195]
