Global Fit Results.
chi^2: 88.7394378282854
Δϕ range=[2.25 - 2.37, length=200]
mu_1: 2.5702004578055476e-6 ± 3.0026452303537274e-7
P_1: 224.70077591572738 ± 3.661983385241504e-6
t01: 3503.769473247061 ± 9.985444250525799e-5
ecos1: -0.00115605681051738 ± 0.006871774859243375
esin1: 0.005721916399310179 ± 0.008729134360583111
mu_2: 3.1253188812541973e-6 ± 1.0541825425500854e-7
P_2: 365.2564552781322 ± 8.222765743374332e-6
t02: 3624.408675059044 ± 0.00013695987062463014
ecos2: 0.010794473498042233 ± 0.005402985610972263
esin2: 0.005275622502591003 ± 0.006937234386983263
mu_3: 0.0008563555032938291 ± 0.00014692399866455093
P_3: 4197.939242037749 ± 37.21357484920243
t03: 612.841598095154 ± 122.03012806239164
ecos3: 0.013630883085501946 ± 0.02164774666912312
esin3: -0.04373304323634257 ± 0.014484336356970285
tcos: 0.00030598890580108484 ± 0.00017912695036433773
tsin: -0.0016246886358255285 ± 0.00015840563966672982
dphi: 2.310549719015548 ± 0.0078072939049798114
Retrieved Earth masses:
[0.8556665485820042, 1.0404755832252182, 285.096345554411]
 ± [0.09996352903409889, 0.035095657034058376, 48.91367537476125]
Retrieved eccentricity:
[0.001634911220307462, 0.01526569081960827, 0.019276979726638874]
