Global Fit Results.
chi^2: 0.19715521005854533
per 4 range=[657.45 - 1314.9, length=100]
mu_1: 1.8796962755176226e-6 ± 1.748536971932794e-6
P_1: 224.70080764637507 ± 0.0002118589571191352
t01: 3503.765902208844 ± 0.013925982342577121
ecos1: -0.002554810206969965 ± 0.029686052452930566
esin1: -0.016339849196613698 ± 0.03466133314967025
mu_2: 2.9706276926054147e-6 ± 4.903913689939965e-7
P_2: 365.25609920736787 ± 0.0009707662108945224
t02: 3624.4108414005145 ± 0.007494609907527741
ecos2: 0.009205340679840279 ± 0.02687067826385473
esin2: -0.009230182309464801 ± 0.02773936407444484
mu_3: 6.319679460583596e-7 ± 1.62045203107526e-6
P_3: 672.0264041731126 ± 8.11451520583112
t03: 636.4559060437144 ± 144.75249136262943
ecos3: 0.17146883484783515 ± 0.8289739703833215
esin3: 0.19894414161058394 ± 0.9813252107269309
mu_4: 0.007307489095733149 ± 0.020240245658366428
P_4: 7519.301073863829 ± 4177.879475085438
t04: -3139.618812600052 ± 5252.0339392937885
ecos4: 0.06142161325141891 ± 0.03488911210398649
esin4: 0.018891088164345347 ± 0.08616197380131416
tsin: 0.0005406242025602734 ± 0.0013370615836493624
tcos: -0.0013878253440580408 ± 0.001500578604253302
dphi: 2.3253302359190915 ± 0.06641081284671844
Retrieved Earth masses:
[0.6257851287707994, 0.9889760688254096, 0.21039364053335888, 2432.7962258186158]
 ± [0.5821198075418587, 0.16326021921253714, 0.5394779976643242, 6738.34645556529]
Retrieved eccentricity:
[0.003613047243986138, 0.01301831763569489, 0.24249355176612086, 0.08686327848299163]
 ± [0.04198241799225349, 0.03800087763090729, 1.1723462317703657, 0.049340655516613006]
