Global Fit Results.
chi^2: 1.1118077182863237
per 4 range=[657.45 - 730.5, length=100]
mu_1: 2.4049446684400517e-6 ± 1.6399249322198071e-6
P_1: 224.70076439415558 ± 3.775897811015226e-5
t01: 3503.768956046505 ± 0.0006519122748229096
ecos1: -0.00409978479911496 ± 0.02240615124678881
esin1: 0.0005383585743001384 ± 0.02640559316304049
mu_2: 3.0250205019387547e-6 ± 4.0376990261845506e-7
P_2: 365.2564563702376 ± 4.467550686122206e-5
t02: 3624.4074870079153 ± 0.0006070804480375407
ecos2: 0.01011995892672407 ± 0.016709378987651555
esin2: 0.003453296239517119 ± 0.02084180797984659
mu_3: 2.821723690011923e-7 ± 7.071938365199886e-7
P_3: 684.027297738669 ± 12.072033893272275
t03: 391.81922810381946 ± 188.73531409784596
ecos3: 0.00625968841343974 ± 0.6503301553160641
esin3: -0.2169997971023999 ± 0.4391568884904621
mu_4: 0.0013113552883399018 ± 0.0009698236279648235
P_4: 4393.15002860763 ± 204.1324365963745
t04: 259.05492618005485 ± 496.301972233555
ecos4: 0.034281895097080003 ± 0.04942323729306264
esin4: -0.027875781989379855 ± 0.03990588276974274
tsin: 0.00017506300789373632 ± 0.0008016052371526029
tcos: -0.0017538100823607948 ± 0.000989878720468734
dphi: 2.3184204726230204 ± 0.0390271638735196
Retrieved Earth masses:
[0.8006498861694933, 1.007084425817018, 0.09394032140769498, 436.57406181329674]
 ± [0.5459608811540656, 0.13442235524687784, 0.23543770970696254, 322.8719510782693]
Retrieved eccentricity:
[0.005797971265719432, 0.014311783164831851, 0.008852536250516203, 0.04848192099014226]
 ± [0.031687082973791574, 0.023630630383168847, 0.9197057256681792, 0.06989501247623292]
