Global Fit Results.
chi^2: 30.75145287253362
Δϕ range=[2.2 - 2.38, length=100]
mu_1: 2.3531801374720943e-6 ± 4.2342728486452616e-7
P_1: 224.70077867245854 ± 8.009408749390494e-6
t01: 3503.7687894923656 ± 0.0001349417567682772
ecos1: -0.08683182625228504 ± 0.02088682247697985
esin1: -0.030266817158190254 ± 0.01594917758855264
mu_2: 2.5471997465845833e-6 ± 1.3530120053643363e-7
P_2: 365.25642099977745 ± 2.069992013499522e-5
t02: 3624.407775597516 ± 0.00020891902395555793
ecos2: -0.05746797756642582 ± 0.016338695029631606
esin2: -0.02182940504192264 ± 0.012505382394856233
mu_3: 0.0007417121071074245 ± 0.00024026585352455548
P_3: 4451.517873550388 ± 110.99540606862713
t03: 1300.782568658225 ± 173.88315097611803
ecos3: 0.005704723633349736 ± 0.040327851668098144
esin3: 0.0963470681262108 ± 0.03378018651947797
tcos: -0.00012660867378422555 ± 0.00024520723581187903
tsin: -0.0011843201648648813 ± 0.0003080086972639257
dphi: 2.302924499816403 ± 0.01967475675766961
Retrieved Earth masses:
[0.783416530919788, 0.8480091928587943, 246.9294707355125]
 ± [0.1409666558556381, 0.0450442341687462, 79.98887907871494]
Retrieved eccentricity:
[0.12279874633160566, 0.08127199327659217, 0.008067697531873516]
 ± [0.02953842762182411, 0.023106404102382894, 0.05703219477039484]
