Global Fit Results.
chi^2: 30.68183547092123
per 4 range=[657.45 - 1314.9, length=300]
mu_1: 8.744852081378219e-7 ± 2.3784051791560205e-7
P_1: 224.70080295359534 ± 3.2953918452041474e-6
t01: 3503.76919581812 ± 4.6322094704624366e-5
ecos1: -0.004053445571390567 ± 0.007190978105875831
esin1: -0.00211178152281196 ± 0.0057725276731329725
mu_2: 2.9949851788735404e-6 ± 6.270052455542467e-8
P_2: 365.25638114121824 ± 1.059042541825246e-5
t02: 3624.4090196930247 ± 9.03144033406813e-5
ecos2: 0.00808222532252789 ± 0.005637613397575599
esin2: 0.0032969322866532526 ± 0.004651260852516884
mu_3: 3.146811922350882e-6 ± 4.1477443760757504e-7
P_3: 845.4868694523029 ± 2.7564807553570803
t03: 144.6242480377759 ± 21.899750462570985
ecos3: 0.08872318640807364 ± 0.011275826765643525
esin3: -0.10819321781891335 ± 0.01988498018047552
mu_4: 0.0004138654844747132 ± 7.318887724440183e-5
P_4: 3712.6144331295045 ± 62.22176762717414
t04: 750.6258754391125 ± 116.59918648386183
ecos4: -0.03505234980892227 ± 0.039746392614005775
esin4: -0.17883416964287838 ± 0.02957859919392901
tsin: 0.000814532128492402 ± 0.00011459716298360667
tcos: -0.002432607699242926 ± 0.00016330209558997212
dphi: 2.363028000087071 ± 0.006465406421258199
Retrieved Earth masses:
[0.2911320545293892, 0.9970851196754648, 1.0476310081018572, 137.78335833776012]
 ± [0.07918144067702776, 0.0208741467139994, 0.1380859653922631, 24.36591036941108]
Retrieved eccentricity:
[0.004570562569346994, 0.008728810266404449, 0.1399198920397404, 0.1822370090266652]
