Global Fit Results.
chi^2: 2.8688210745620095
Δϕ range=[2.25 - 2.37, length=100]
mu_1: 2.383583608778575e-6 ± 1.3955545174574318e-6
P_1: 224.70077506549973 ± 1.4656749875275903e-5
t01: 3503.7688081535184 ± 0.00039971969107017714
ecos1: 0.004646069821629745 ± 0.028788292357531046
esin1: -0.0034429644467206364 ± 0.03840077272893517
mu_2: 3.071954156689513e-6 ± 4.290976918717641e-7
P_2: 365.2564502820756 ± 3.2410860768187924e-5
t02: 3624.4075962911115 ± 0.00054265918740558
ecos2: 0.016708619806825944 ± 0.022565844004551208
esin2: -0.0004761314214860874 ± 0.030754697200309367
mu_3: 0.0008679340187372109 ± 0.0006071403182635855
P_3: 4248.974064189199 ± 147.6295351285754
t03: 572.048697026624 ± 486.37236385357295
ecos3: 0.024761735270279164 ± 0.07596501565481495
esin3: -0.03489059585331068 ± 0.05305186914882813
tcos: 8.899390145803568e-5 ± 0.0007302314230038916
tsin: -0.0017687136892629788 ± 0.0007267223171404843
dphi: 2.313123027314637 ± 0.030091664207455435
Retrieved Earth masses:
[0.7935384003166756, 1.0227094943796502, 288.95104424806897]
 ± [0.4646055188747339, 0.14285443763476097, 202.1280710054585]
Retrieved eccentricity:
[0.006570534953481132, 0.023629556739348974, 0.035018381847121006]
 ± [0.04071279348958213, 0.031912922637631916, 0.10743075540492379]
