Global Fit Results.
chi^2: 0.19309106895418146
per 4 range=[657.45 - 1314.9, length=100]
mu_1: 1.4503540414024816e-6 ± 2.597206982134731e-6
P_1: 224.7007795727409 ± 4.481736067483006e-5
t01: 3503.768873518303 ± 0.0006501988385026709
ecos1: -0.0554866254993956 ± 0.08790836582727139
esin1: 0.01572121736760012 ± 0.06636175406889819
mu_2: 2.686946684785391e-6 ± 5.907518588290477e-7
P_2: 365.2564003344856 ± 0.00019658940974680856
t02: 3624.4081487625313 ± 0.0015240846867653343
ecos2: -0.03298593445154607 ± 0.06827970008377383
esin2: 0.015136237612083766 ± 0.052483426035126936
mu_3: 4.146353309386657e-6 ± 1.2548739829886762e-5
P_3: 932.9203415735265 ± 37.88470506230957
t03: 867.5961911922197 ± 205.22536472409388
ecos3: 0.07878148675291093 ± 0.48183395896046044
esin3: 0.16648676585757854 ± 0.6664030852175074
mu_4: 0.0015644352367455382 ± 0.0028027023728621
P_4: 5390.71295338134 ± 1400.5445251050787
t04: 453.8041928606181 ± 1654.321507796016
ecos4: 0.06249134026525686 ± 0.09392587565460803
esin4: 0.07542329734363808 ± 0.12630217328627452
tsin: 0.0003708642427250867 ± 0.001283267227677406
tcos: -0.0019684317160475057 ± 0.0022219261524433656
dphi: 2.3235723719098584 ± 0.06938690569902536
Retrieved Earth masses:
[0.48284927856888343, 0.8945334940750829, 1.380396542483564, 520.828986486548]
 ± [0.8646575124547906, 0.19667205434405768, 4.177704064553978, 933.0706711246505]
Retrieved eccentricity:
[0.07846993831156207, 0.04664915586892637, 0.11141384702988295, 0.08837610093399814]
 ± [0.12432120319898274, 0.09656207789324031, 0.6814161195738044, 0.13283124720851558]
