Global Fit Results.
chi^2: 1.5282091564146116
per 4 range=[657.45 - 730.5, length=100]
mu_1: 2.459847311168322e-6 ± 1.3390383640574714e-6
P_1: 224.7007663070317 ± 3.3873610071637514e-5
t01: 3503.768918883849 ± 0.0005925639937900334
ecos1: -0.004244233908085247 ± 0.02004312445482618
esin1: 0.002124307310612996 ± 0.022232801321326892
mu_2: 2.9973174959142257e-6 ± 3.431765323483341e-7
P_2: 365.25645749587017 ± 3.777166078988146e-5
t02: 3624.4074704924305 ± 0.0004977954020505446
ecos2: 0.00977542948957377 ± 0.015059752821414007
esin2: 0.004868683876058613 ± 0.01757534719212395
mu_3: 2.99432173499086e-7 ± 5.946305041480768e-7
P_3: 683.3781328376446 ± 10.273980367242897
t03: 399.7453492040413 ± 148.13286854938286
ecos3: 0.018892677426987654 ± 0.5326395717421891
esin3: -0.2004640328789924 ± 0.3286128543856026
mu_4: 0.001308386383444594 ± 0.0008278745473513228
P_4: 4384.434536535868 ± 180.5580433758596
t04: 248.70041653189335 ± 409.5385602684031
ecos4: 0.03333533407965434 ± 0.042491301468365335
esin4: -0.03126660689389131 ± 0.0342011451858129
tsin: 0.0001840429200458437 ± 0.0006870146253783124
tcos: -0.0017341866580841772 ± 0.0008158776835231823
dphi: 2.3184762037139333 ± 0.03530876620527073
Retrieved Earth masses:
[0.8189279759848848, 0.9978615905014431, 0.0996864247122296, 435.58565929507233]
 ± [0.44579026196665433, 0.11424971857625266, 0.19796332602025254, 275.61451654079093]
Retrieved eccentricity:
[0.00600225315469792, 0.013824544962177129, 0.02671828064678597, 0.04714328156168521]
 ± [0.02834525843634703, 0.021297706686030173, 0.753266106214401, 0.06009177481944607]
