Global Fit Results.
chi^2: 0.4344549066139381
per 4 range=[657.45 - 1314.9, length=100]
mu_1: 1.4503703218951238e-6 ± 1.73146766503125e-6
P_1: 224.70077957266713 ± 2.987869347554395e-5
t01: 3503.768873519503 ± 0.0004334689045207196
ecos1: -0.05548713254298595 ± 0.05860506837259801
esin1: 0.01572045709921674 ± 0.04424064639047734
mu_2: 2.686944122624026e-6 ± 3.9383241728435426e-7
P_2: 365.2564003333256 ± 0.0001310638803744554
t02: 3624.408148776862 ± 0.0010160694026039544
ecos2: -0.03298633521823542 ± 0.04551913462744709
esin2: 0.015135663377881543 ± 0.03498867729366975
mu_3: 4.146550413664346e-6 ± 8.365792879123097e-6
P_3: 932.9203279697437 ± 25.25622586476972
t03: 867.5941618569306 ± 136.8078994563591
ecos3: 0.07878245692546441 ± 0.3211978299655134
esin3: 0.16647606267118062 ± 0.4442377649327782
mu_4: 0.0015644380137579798 ± 0.0018684594423636891
P_4: 5390.737199538634 ± 933.5914583363048
t04: 453.76854316620216 ± 1102.6961639574663
ecos4: 0.06249031346466318 ± 0.06261772553500909
esin4: 0.07542297123006861 ± 0.0842026679424222
tsin: 0.0003708640825249626 ± 0.0008555409689942891
tcos: -0.0019684118085248987 ± 0.0014812926711353209
dphi: 2.3235720002700937 ± 0.04626090470585911
Retrieved Earth masses:
[0.4828546986414331, 0.8945326410848945, 1.3804621620878597, 520.8299110045731]
 ± [0.576437124357061, 0.1311139853679485, 2.785124832303155, 622.0441823350387]
Retrieved eccentricity:
[0.07847065537948425, 0.046649722638613805, 0.11141521906106594, 0.0883746488186727]
 ± [0.08288008251633064, 0.06437377753762245, 0.45424232734203634, 0.08855483669656593]
