Global Fit Results.
chi^2: 1.2447092647345288
per 4 range=[657.45 - 730.5, length=100]
mu_1: 2.367330110636474e-6 ± 1.3520806260524656e-6
P_1: 224.70077137515875 ± 3.9206644410068225e-5
t01: 3503.768861610841 ± 0.0006253325625262207
ecos1: -0.0003899498487210745 ± 0.024823171757945208
esin1: 0.001490584873563215 ± 0.027202139034961634
mu_2: 3.061041834505069e-6 ± 3.785753461529796e-7
P_2: 365.25645896753247 ± 4.2168606737968414e-5
t02: 3624.4074558481275 ± 0.0005143024207628471
ecos2: 0.012292348267546833 ± 0.01852015899368844
esin2: 0.0040456132287463205 ± 0.02165443639207631
mu_3: 3.031250952979976e-7 ± 6.016552200031165e-7
P_3: 683.3854398744356 ± 14.467901488502799
t03: 404.53130116487574 ± 153.70899067934704
ecos3: 0.013262169094537797 ± 0.5018556243314127
esin3: -0.18151484262128953 ± 0.31308676004866165
mu_4: 0.0011705330305669967 ± 0.0008472971983868685
P_4: 4364.01709932127 ± 208.97538200172522
t04: 296.97832871580454 ± 441.87768713224784
ecos4: 0.024103558547202766 ± 0.05459716049367553
esin4: -0.03387031397767062 ± 0.04186388507471207
tsin: 0.0002216601296981997 ± 0.0007035228955408325
tcos: -0.0017909902661910405 ± 0.0008076234461373283
dphi: 2.3213176250421768 ± 0.036011579827680024
Retrieved Earth masses:
[0.7881273147278457, 1.0190765835565971, 0.10091586564562507, 389.6917671245206]
 ± [0.45013226854947436, 0.12603462848089855, 0.20030198188353227, 282.0806708539403]
Retrieved eccentricity:
[0.0005514723647066802, 0.01738400563337815, 0.01875553939998066, 0.03408757939890809]
 ± [0.0351052661612029, 0.026191460026180242, 0.7097310302827009, 0.07721204483721648]
