Global Fit Results.
chi^2: 1.9341397151588884
per 4 range=[657.45 - 730.5, length=100]
mu_1: 2.4598742978709576e-6 ± 1.190311825818047e-6
P_1: 224.70076630678358 ± 3.0110303766757995e-5
t01: 3503.768918881988 ± 0.000526735724629668
ecos1: -0.004244553105839794 ± 0.01781597701079267
esin1: 0.002124576042762023 ± 0.019763279610497557
mu_2: 2.9973154215690384e-6 ± 3.0503918167119185e-7
P_2: 365.25645749593593 ± 3.3574675659478474e-5
t02: 3624.4074704927234 ± 0.00044248780315225725
ecos2: 0.009775199387395924 ± 0.013386431858229783
esin2: 0.004868897176317002 ± 0.01562303038192683
mu_3: 2.994342449172407e-7 ± 5.285890176896974e-7
P_3: 683.3779984932992 ± 9.132664469991692
t03: 399.7454870566184 ± 131.68172268464176
ecos3: 0.01889951269833445 ± 0.4734944244490035
esin3: -0.20046600868042141 ± 0.2921080981059615
mu_4: 0.001308401142508378 ± 0.0007358974089024111
P_4: 4384.43948206407 ± 160.51767661588244
t04: 248.68603793917106 ± 364.0727518788202
ecos4: 0.03333540417590345 ± 0.03776895392903495
esin4: -0.031266951743578186 ± 0.030400658556509877
tsin: 0.00018404008904504413 ± 0.0006106915225478605
tcos: -0.001734173536953471 ± 0.000725240163273854
dphi: 2.318475990052081 ± 0.03138606186254125
Retrieved Earth masses:
[0.8189369603497547, 0.9978608999141461, 0.09968711432506418, 435.5905728562423]
 ± [0.3962764883341753, 0.10155309986432776, 0.1759769122331681, 244.99365178838727]
Retrieved eccentricity:
[0.006002704568491481, 0.013824219548556487, 0.02672794718022711, 0.04714338069275137]
 ± [0.025195596315590266, 0.018931273485691832, 0.6696222367638236, 0.05341336688308582]
