Global Fit Results.
chi^2: 4.16053263086237
Δϕ range=[2.2 - 2.38, length=100]
mu_1: 2.308865809089598e-6 ± 1.1237329021273313e-6
P_1: 224.70079117149726 ± 2.0037918723022505e-5
t01: 3503.7686380359733 ± 0.0003960775798681081
ecos1: -0.07492730431394552 ± 0.05489707455267935
esin1: -0.0369776622300436 ± 0.05332008010850453
mu_2: 2.634216880347873e-6 ± 4.153692078017341e-7
P_2: 365.2564590074313 ± 4.412641081477294e-5
t02: 3624.407460418442 ± 0.0005389950884718743
ecos2: -0.049308283511076786 ± 0.0434823192753665
esin2: -0.027273901378165245 ± 0.04165551292579049
mu_3: 0.0006484692954127908 ± 0.0006239313844558112
P_3: 4214.00050126178 ± 186.87589479255058
t03: 1520.9773851615148 ± 445.5681012038563
ecos3: -0.001400669829561594 ± 0.13929732848052315
esin3: 0.08668865315278663 ± 0.09108242613570801
tcos: -0.00010442722412584587 ± 0.0007655589065373475
tsin: -0.0013536431007810834 ± 0.000825435607612911
dphi: 2.3037119211894885 ± 0.053117056079733986
Retrieved Earth masses:
[0.7686634838161566, 0.876978781704913, 215.88724030538108]
 ± [0.3741111519030316, 0.13828397522363242, 207.71812278997223]
Retrieved eccentricity:
[0.10596320995283787, 0.06973244327870244, 0.0019808462693728175]
 ± [0.07763618736700605, 0.06149328564266036, 0.19699617113949583]
