Global Fit Results.
chi^2: 0.4801701288868852
per 4 range=[657.45 - 803.5500000000001, length=100]
mu_1: 2.6783667087069697e-6 ± 2.3795895785166487e-6
P_1: 224.7007911058746 ± 3.161541931234429e-5
t01: 3503.768612969377 ± 0.0005293685640849749
ecos1: -0.0015982501696824548 ± 0.04098156014899409
esin1: -0.007995768627266241 ± 0.04582835593476685
mu_2: 2.9924239519477275e-6 ± 5.470025793430576e-7
P_2: 365.264011699784 ± 0.03334556495960535
t02: 3624.3514896382367 ± 0.24965040204294173
ecos2: 0.012102584942913028 ± 0.030827856045562957
esin2: -0.004693027460668191 ± 0.037028030113075414
mu_3: 3.2109013988686105e-6 ± 6.049130378873834e-6
P_3: 734.9867230955631 ± 11.585288596867297
t03: 106.1506628146209 ± 132.39320523072382
ecos3: 0.08952973098494836 ± 0.05086211775034414
esin3: -0.004674702712790997 ± 0.15346796014576372
mu_4: 0.0009516287247159103 ± 0.0009922324230770463
P_4: 4247.3734685534255 ± 542.8084981102523
t04: 547.0319285933057 ± 960.5823547659269
ecos4: 0.014747142052079162 ± 0.1097764367688799
esin4: -0.04294485752846006 ± 0.08284177945593554
tsin: 6.063528941820727e-6 ± 0.0009931566920491745
tcos: -0.001454614970709518 ± 0.001415287151602864
dphi: 2.3067854415893487 ± 0.07118168468055837
Retrieved Earth masses:
[0.8916770637543883, 0.9962324405791358, 1.0689675622238552, 316.8145363667049]
 ± [0.7922087148912544, 0.18210712231043388, 2.0138656879832855, 330.3322471471325]
Retrieved eccentricity:
[0.002260267066030028, 0.017115639766040015, 0.1266141597945287, 0.020855608296292946]
 ± [0.0579566781699162, 0.043597172118520544, 0.07192989673355402, 0.15524732570754246]
