Global Fit Results.
chi^2: 301.6374407950085
Δϕ range=[2.2 - 2.38, length=100]
mu_1: 2.2836386456161613e-6 ± 1.363794301420649e-7
P_1: 224.7007803645534 ± 1.6391218432069183e-6
t01: 3503.768729342615 ± 3.690507197599904e-5
ecos1: 0.0005614509097817198 ± 0.0022012676378020722
esin1: -0.0056898179951468475 ± 0.002924987026973182
mu_2: 3.0502763938766406e-6 ± 3.7486286536539283e-8
P_2: 365.25646731756586 ± 3.5493693132691433e-6
t02: 3624.4074281008166 ± 4.999786159633085e-5
ecos2: 0.013533589062661389 ± 0.0017069165852290915
esin2: -0.0018853886588205617 ± 0.0023480794039350064
mu_3: 0.000943988589926585 ± 5.2896052929032864e-5
P_3: 4227.463808521509 ± 14.434231117526076
t03: 575.3502585040422 ± 40.86643636836763
ecos3: 0.03486866728643858 ± 0.006001998272247229
esin3: -0.0451573189372412 ± 0.00444252457316085
tcos: 9.554674622565021e-5 ± 6.529051305962103e-5
tsin: -0.0017863274436035925 ± 7.91614146790915e-5
dphi: 2.313081899277195 ± 0.0030498777536768083
Retrieved Earth masses:
[0.7602649015832906, 1.0154925722789876, 314.27099633035107]
 ± [0.04540319644440355, 0.01247986760039063, 17.610059521209877]
Retrieved eccentricity:
[0.0007940114912200212, 0.019139385199999918, 0.04931174217835651]
 ± [0.0031130625477926764, 0.0024139445846705523, 0.008488107357951915]
