Global Fit Results.
chi^2: 118.6197542697912
Δϕ range=[2.2 - 2.38, length=200]
mu_1: 1.9322923115787944e-6 ± 3.9679178783198325e-7
P_1: 224.70079068176395 ± 6.0364883006751615e-6
t01: 3503.769319853986 ± 0.00011904826663735396
ecos1: -0.0993091892716177 ± 0.026260729518404247
esin1: -0.012816172499721612 ± 0.014739406711634073
mu_2: 2.4524896226951698e-6 ± 1.417461977876737e-7
P_2: 365.25644382092133 ± 1.3237493191249242e-5
t02: 3624.4088742507734 ± 0.00016134326175669115
ecos2: -0.07045588510882984 ± 0.02093060397081439
esin2: -0.008517341221695503 ± 0.011768877965386674
mu_3: 0.000603223608977497 ± 0.0001960450483061307
P_3: 4186.454918101605 ± 53.38388172230209
t03: 1806.1739180992747 ± 119.63688848096959
ecos3: 0.03187516914075137 ± 0.034475778237928224
esin3: 0.12301541833485266 ± 0.04316242345962885
tcos: -3.7846929091388913e-6 ± 0.00024385029869148782
tsin: -0.0017033713376424827 ± 0.000269446483410755
dphi: 2.3095668259601676 ± 0.013011512885598257
Retrieved Earth masses:
[0.6432953072118938, 0.8164784674719422, 200.82412714129475]
 ± [0.13209921372816244, 0.047189891149251775, 65.2669675399266]
Retrieved eccentricity:
[0.14044440233619843, 0.09963966826990775, 0.04507829650178694]
