Global Fit Results.
chi^2: 3.089457102148042
per 4 range=[657.45 - 1314.9, length=100]
mu_1: 1.450369867954157e-6 ± 6.492765296659912e-7
P_1: 224.70077957291483 ± 1.1204254339370538e-5
t01: 3503.7688735159454 ± 0.00016254842734060983
ecos1: -0.055487800626177156 ± 0.021977042577278498
esin1: 0.015721232145270648 ± 0.01659080985058558
mu_2: 2.686942043529356e-6 ± 1.476894306708153e-7
P_2: 365.2564003334331 ± 4.914698225426454e-5
t02: 3624.408148766553 ± 0.0003810153486463943
ecos2: -0.03298685318282686 ± 0.017069808117014862
esin2: 0.01513620465688989 ± 0.013121203045525756
mu_3: 4.146386762100111e-6 ± 3.1374173333230388e-6
P_3: 932.9199010738065 ± 9.471127846188534
t03: 867.5981117833603 ± 51.30491071445561
ecos3: 0.07878003124844296 ± 0.12045755583350455
esin3: 0.1664830674634026 ± 0.166605592878098
mu_4: 0.001564396879675774 ± 0.0007005993935283687
P_4: 5390.699301630971 ± 350.0482368121342
t04: 453.820342505841 ± 413.466367054501
ecos4: 0.062490594569382225 ± 0.0234825229319805
esin4: 0.07542497076708919 ± 0.03157417366388837
tsin: 0.00037085989020138745 ± 0.00032081783857988266
tcos: -0.0019684172851906242 ± 0.0005554794241584771
dphi: 2.3235719724489825 ± 0.017347084953393238
Retrieved Earth masses:
[0.4828545475162167, 0.8945319489164082, 1.380407679501214, 520.81621671935]
 ± [0.21615598329203628, 0.04916850163198386, 1.0445033782921325, 233.2422995173317]
Retrieved eccentricity:
[0.07847160019179406, 0.046650455151163846, 0.11141178863572426, 0.08837504636077882]
 ± [0.03108023167363821, 0.024140354146188762, 0.17035270915005646, 0.03320930240914404]
