Global Fit Results.
chi^2: 87.7421805361191
Δϕ range=[2.2 - 2.38, length=200]
mu_1: 2.1075882591968655e-6 ± 3.4357593518751095e-7
P_1: 224.70077279151556 ± 4.681103784197971e-6
t01: 3503.769667473631 ± 0.00010849454683480192
ecos1: 0.007884209650955175 ± 0.009041847118149324
esin1: 0.00513916417041058 ± 0.01040909113992234
mu_2: 3.068577380189019e-6 ± 1.1973600137354633e-7
P_2: 365.25646328317407 ± 1.0033869905488044e-5
t02: 3624.408642305723 ± 0.00014735242278585082
ecos2: 0.01797818499169188 ± 0.007074746517390055
esin2: 0.006045558603483767 ± 0.008204957876637567
mu_3: 0.0008555580402491267 ± 0.0001582959255230176
P_3: 4236.570993319048 ± 41.233033305109345
t03: 449.1782566633691 ± 124.63451414985587
ecos3: 0.029614579829602323 ± 0.022006029157716597
esin3: -0.052818306972306356 ± 0.013488875571451424
tcos: 0.0003359615396916184 ± 0.00018997326302110201
tsin: -0.002014970105559441 ± 0.0002016547299605083
dphi: 2.3207166437597753 ± 0.007285810838662338
Retrieved Earth masses:
[0.7016545211880804, 1.0215853039746818, 284.83085558104733]
 ± [0.11438268705653379, 0.039862295847456354, 52.699596965491644]
Retrieved eccentricity:
[0.011149956216973653, 0.025424993042103085, 0.04188134043900431]
