Global Fit Results.
chi^2: 1.104698861705313
per 4 range=[657.45 - 712.2375, length=100]
mu_1: 2.2563552836233034e-6 ± 1.5481006844691406e-6
P_1: 224.70077130984757 ± 2.2506412630447993e-5
t01: 3503.768874293727 ± 0.0004892766621135167
ecos1: -0.002223836410613615 ± 0.024421276837228775
esin1: -0.0029373697054817117 ± 0.029699366885451654
mu_2: 3.0234639399250588e-6 ± 4.1831700028698903e-7
P_2: 365.25645819554956 ± 3.561720606963807e-5
t02: 3624.407471530766 ± 0.000583850045449443
ecos2: 0.011050850051838836 ± 0.018784119138856928
esin2: 0.0007935770888913945 ± 0.023797554936892697
mu_3: 1.9849781753437136e-7 ± 6.291629524353041e-7
P_3: 686.5158993423915 ± 13.602471310966967
t03: 371.3074080651985 ± 218.26928268434617
ecos3: -0.006763600851724798 ± 0.7832714937542096
esin3: -0.20897368793829912 ± 0.5935114591999437
mu_4: 0.0011455943162429184 ± 0.0008092904005776113
P_4: 4348.929531546002 ± 188.91013143428714
t04: 360.1228401508336 ± 503.3951138101898
ecos4: 0.03263489045598228 ± 0.05748422325699424
esin4: -0.03210366203771897 ± 0.04332945021080099
tsin: 0.00011878868853574058 ± 0.0007485689208782364
tcos: -0.0017914829556643478 ± 0.0008506088333025642
dphi: 2.3145407329040175 ± 0.03169981126172299
Retrieved Earth masses:
[0.7511817734096716, 1.006566217969895, 0.06608353909317764, 381.3892148675747]
 ± [0.5153909165000106, 0.13926534903598778, 0.20945980706330972, 269.42751556975367]
Retrieved eccentricity:
[0.0031449796123888775, 0.015628262019061902, 0.009565176054987428, 0.04615270468941042]
 ± [0.03453690091367686, 0.02656475604340349, 1.107713169487436, 0.08129496815252414]
