Global Fit Results.
chi^2: 181.32454195182265
per 4 range=[657.45 - 712.2375, length=300]
mu_1: 2.1731678434949583e-6 ± 1.3690388317519518e-7
P_1: 224.70077407965036 ± 1.9369144096407496e-6
t01: 3503.7695548333677 ± 4.068756902873492e-5
ecos1: 0.002130344026369034 ± 0.0023281912258522673
esin1: -0.004730978299178754 ± 0.0029191819764589943
mu_2: 3.060817197698918e-6 ± 3.7105546653245834e-8
P_2: 365.2564535686102 ± 3.6854968553798886e-6
t02: 3624.4086736590452 ± 5.395650169180644e-5
ecos2: 0.014284354109480863 ± 0.001817623806663738
esin2: -0.0011613086840198655 ± 0.00234225018773994
mu_3: 1.793899695542923e-7 ± 5.5199376530637366e-8
P_3: 688.5729227099035 ± 1.3059612853724412
t03: 348.89090365159154 ± 20.98327404647204
ecos3: -0.007302088975393651 ± 0.07125961078583547
esin3: -0.2216726043830236 ± 0.06239545582555175
mu_4: 0.0010396808837401725 ± 6.452719359597203e-5
P_4: 4346.065338370773 ± 19.653278485158847
t04: 381.455563916476 ± 47.859980723594774
ecos4: 0.024349457619684788 ± 0.005884817998450117
esin4: -0.03277845424038138 ± 0.0044174334951733035
tsin: 7.057534955637005e-5 ± 6.477175958621804e-5
tcos: -0.0018471697263731184 ± 7.676718815963394e-5
dphi: 2.3134451993042813 ± 0.0027441167061260582
Retrieved Earth masses:
[0.7234871593324617, 1.0190017978720718, 0.05972218845132788, 346.12870397517725]
 ± [0.04557779641203997, 0.012353112358068644, 0.018376877903202984, 21.48227811035799]
Retrieved eccentricity:
[0.005188498948442268, 0.014331483181604853, 0.22179284036541186, 0.04083286848559138]
