Global Fit Results.
chi^2: 2.6834546528966037
Δϕ range=[2.2 - 2.38, length=100]
mu_1: 2.3608874179097868e-6 ± 1.1230843632530265e-6
P_1: 224.7007889360822 ± 1.742739320307948e-5
t01: 3503.7686251265222 ± 0.00035052673375558286
ecos1: 0.012392658631183731 ± 0.034475537963895526
esin1: -0.002757929946656046 ± 0.039980470952468795
mu_2: 3.1466829486479093e-6 ± 4.127426989633315e-7
P_2: 365.25645931398657 ± 3.743779801868732e-5
t02: 3624.407481406658 ± 0.00047345920410833215
ecos2: 0.021417494498725646 ± 0.026550674881407405
esin2: 9.968345888597962e-5 ± 0.031829866025390084
mu_3: 0.0006954969633536368 ± 0.0005121546599249358
P_3: 4198.933183597582 ± 148.17911540627208
t03: 567.2351357284891 ± 434.35155314548405
ecos3: 0.006970491618163805 ± 0.10030033775587169
esin3: -0.06507786136972496 ± 0.06737089477148421
tcos: 9.564952858430669e-5 ± 0.0006226802252913427
tsin: -0.0017943788556267597 ± 0.0006434391102782433
dphi: 2.3120625351204023 ± 0.03087294527494468
Retrieved Earth masses:
[0.7859824249655406, 1.047588070406883, 231.54360757144306]
 ± [0.3738952414986457, 0.13740956258949302, 170.50561518159807]
Retrieved eccentricity:
[0.017525865910080027, 0.03028891119214896, 0.009857763782815235]
 ± [0.04875577335864957, 0.03754832450744502, 0.14184609796495595]
