Global Fit Results.
chi^2: 54.427611758919056
per 4 range=[657.45 - 712.2375, length=300]
mu_1: 2.243509652936885e-6 ± 3.638526826358988e-7
P_1: 224.70077141366005 ± 4.146618948045821e-6
t01: 3503.769580640016 ± 0.00010786567978638807
ecos1: -0.0043225296982573385 ± 0.005232921535182689
esin1: 0.0017996391806988702 ± 0.006865069340255934
mu_2: 3.094330475289314e-6 ± 1.015648053076073e-7
P_2: 365.25645779534887 ± 8.589354610755938e-6
t02: 3624.408639518976 ± 0.00014525083178640194
ecos2: 0.007410964487858425 ± 0.004034170386932748
esin2: 0.0030206282335616622 ± 0.005503031644270542
mu_3: 3.0933602005657566e-7 ± 1.1825977409039208e-7
P_3: 688.3221507764976 ± 1.9897410161269111
t03: 392.13546020075944 ± 24.08169161796495
ecos3: -0.11424620720091365 ± 0.048739810855301796
esin3: -0.12470945980622958 ± 0.07131850677460062
mu_4: 0.0011740926685696814 ± 0.00018073011246435086
P_4: 4337.130284781737 ± 41.921014712479874
t04: 364.43932087959035 ± 127.50480444620301
ecos4: 0.02919941035591579 ± 0.014576597687534335
esin4: -0.03300430013670495 ± 0.011884786002466011
tsin: 0.0003165417400516957 ± 0.00017911888177371744
tcos: -0.0017340680848455146 ± 0.00019206949705539753
dphi: 2.3136391032961594 ± 0.0075138802706159235
Retrieved Earth masses:
[0.7469052289711139, 1.0301589784259686, 0.10298359562969508, 390.876835454389]
 ± [0.12113318562287702, 0.03381277368893011, 0.039370832895427435, 60.16834643677759]
Retrieved eccentricity:
[0.004682196511576931, 0.008002911318119709, 0.1691290785907488, 0.044066874096614396]
