Global Fit Results.
chi^2: 5.247843170221188
Δϕ range=[2.1 - 2.52, length=100]
mu_1: 2.2879229427399863e-6 ± 8.742358847663455e-7
P_1: 224.70079648445648 ± 2.0673982537960243e-5
t01: 3503.76863576326 ± 0.00029770895286661194
ecos1: -0.08753209819966835 ± 0.04604748203013899
esin1: -0.038781673461431056 ± 0.038876878917481525
mu_2: 2.5169364032976914e-6 ± 2.938068979400827e-7
P_2: 365.2564109560268 ± 4.7394883466284796e-5
t02: 3624.407829096602 ± 0.0004528958432575992
ecos2: -0.05754912835697505 ± 0.03592778862093344
esin2: -0.02837532495528153 ± 0.030225444556079048
mu_3: 0.0007101153940502963 ± 0.00046770923093073636
P_3: 4462.218280917908 ± 308.38925260893626
t03: 1251.7391227540768 ± 442.4728234670742
ecos3: -0.006868738132985076 ± 0.08945412848240102
esin3: 0.09154805788867737 ± 0.06791950178836646
tcos: -0.00011071044546159245 ± 0.0005308493332271821
tsin: -0.0012256906632410476 ± 0.000709735222467608
dphi: 2.3141662487526364 ± 0.048316091626132276
Retrieved Earth masses:
[0.7616912221342461, 0.8379339746320587, 236.41034942494647]
 ± [0.2910490502376017, 0.09781366801429302, 155.70892229633424]
Retrieved eccentricity:
[0.12378908041694456, 0.08138675782518419, 0.009713862624056746]
 ± [0.06512097360015394, 0.050809565933797825, 0.12650724171007688]
