Global Fit Results.
chi^2: 17.825062380055744
per 4 range=[657.45 - 1314.9, length=300]
mu_1: 2.897715316923004e-6 ± 5.342984361476068e-7
P_1: 224.70079404539288 ± 9.522540413204081e-6
t01: 3503.769385876818 ± 0.0001489867115701721
ecos1: 0.00297415603912156 ± 0.017564977638342968
esin1: 0.01971889166488856 ± 0.013800552189205013
mu_2: 2.9669974233461563e-6 ± 1.7439541692180512e-7
P_2: 365.32008793205404 ± 0.15317136973618387
t02: 3623.96585212033 ± 0.8948134384321352
ecos2: 0.014406416900485242 ± 0.014026476557549867
esin2: 0.0172945407139071 ± 0.010878695324698477
mu_3: 6.52395216050806e-6 ± 1.7646977803912107e-6
P_3: 731.4338189596355 ± 1.3827591184357042
t03: 152.29730671460928 ± 19.767181577797206
ecos3: 0.07714392213415545 ± 0.021553074708377792
esin3: 0.05058946485683838 ± 0.03745248309919826
mu_4: 0.0007301689847345635 ± 0.0002197071611305286
P_4: 4088.0200688845184 ± 118.90163652400618
t04: 4698.433112762147 ± 140.7735032382855
ecos4: 0.039213298767948004 ± 0.03710667645633845
esin4: -0.08278435109811705 ± 0.027657575955175935
tsin: 0.00035875725752529045 ± 0.0002945591354761081
tcos: -0.0014358278561254372 ± 0.00033464546309252473
dphi: 2.3144863013850756 ± 0.021628453465836195
Retrieved Earth masses:
[0.9647022108624587, 0.9877674860636799, 2.1719425079638595, 243.08655503971545]
 ± [0.1778776816348127, 0.058059410904241, 0.5875000350466484, 73.14451590434382]
Retrieved eccentricity:
[0.01994192299244621, 0.022508797978025775, 0.09225225567292067, 0.09160202829086628]
