Global Fit Results.
chi^2: 73.40495849166062
Δϕ range=[2.2 - 2.38, length=200]
mu_1: 2.5662990676326515e-6 ± 3.7374894917232723e-7
P_1: 224.70079390191236 ± 6.881971911782475e-6
t01: 3503.769226407129 ± 0.00012659999180229784
ecos1: -0.08813169048555236 ± 0.018845074650237426
esin1: -0.02990107339300427 ± 0.014211877447205843
mu_2: 2.5514191741923846e-6 ± 1.2664435216252433e-7
P_2: 365.2564481372055 ± 1.6001946506879135e-5
t02: 3624.408738515546 ± 0.000179790370526829
ecos2: -0.058448387594948185 ± 0.014787009054470151
esin2: -0.020972771191031272 ± 0.011179113713383473
mu_3: 0.0007368033710987329 ± 0.00020979331748237546
P_3: 4266.556693997071 ± 81.50771694290083
t03: 1525.0774468115442 ± 125.24794315541492
ecos3: 0.0017366155186775843 ± 0.03848930709476919
esin3: 0.09598353718796851 ± 0.029855480634947463
tcos: -0.000517834726893772 ± 0.0002077897299556355
tsin: -0.0009098833639673074 ± 0.00031600863044760336
dphi: 2.2653735846827754 ± 0.027228181618477332
Retrieved Earth masses:
[0.8543677047296596, 0.8494139171662679, 245.2952631056362]
 ± [0.1244278330132612, 0.04216221166065546, 69.84401677329954]
Retrieved eccentricity:
[0.12463703195953602, 0.0826585024356151, 0.0024559452191414265]
