Global Fit Results.
chi^2: 1.1916203166624884
per 4 range=[657.45 - 803.5500000000001, length=100]
mu_1: 2.542464577523193e-6 ± 1.3599096944934245e-6
P_1: 224.70078771701566 ± 1.8770513295165457e-5
t01: 3503.768651052157 ± 0.00036505722748577985
ecos1: 0.007568257348631584 ± 0.031769277546292676
esin1: -0.0044589509263912395 ± 0.03700493500358963
mu_2: 3.0777351211290082e-6 ± 4.113911041281933e-7
P_2: 365.26358090824584 ± 0.027116520174404274
t02: 3624.3637833719686 ± 0.18011550811272847
ecos2: 0.019031479047632652 ± 0.02422000004534766
esin2: -0.0015907300253041952 ± 0.029748428401005396
mu_3: 2.410730157508814e-6 ± 4.005069595597948e-6
P_3: 733.4984309932809 ± 6.905083758761945
t03: 116.66784829536755 ± 93.30811859964118
ecos3: 0.09721595291652918 ± 0.04547487955144178
esin3: 0.006742906794569791 ± 0.11972467020717198
mu_4: 0.0008662274708592076 ± 0.0006667643271071668
P_4: 4346.472466498608 ± 249.68963340968662
t04: 365.1017826122984 ± 516.4991641506018
ecos4: 0.010528741241957776 ± 0.08636293024200037
esin4: -0.05238172332450906 ± 0.05754280490317237
tsin: -6.116030821731028e-5 ± 0.0006639173063348497
tcos: -0.0016487136719820525 ± 0.0007815307621464248
dphi: 2.3035950745634723 ± 0.04192587453952418
Retrieved Earth masses:
[0.8464327688271951, 1.024634082741774, 0.8025759808631164, 288.38290337472716]
 ± [0.45273870803988175, 0.1369595920495876, 1.3333606206817097, 221.9779896002789]
Retrieved eccentricity:
[0.010703132185964628, 0.02691457578118149, 0.13748411909357983, 0.014889888659093633]
 ± [0.044928543172762146, 0.03425225254480764, 0.06431119140893189, 0.12213562723451844]
