Global Fit Results.
chi^2: 14.947637090182793
per 4 range=[657.45 - 730.5, length=100]
mu_1: 2.4049542685944634e-6 ± 4.4725329399359497e-7
P_1: 224.70076439323176 ± 1.0298171535307377e-5
t01: 3503.7689560564877 ± 0.00017779836806528727
ecos1: -0.004099997760484449 ± 0.006110629960490073
esin1: 0.0005381862429709754 ± 0.0072016634967156205
mu_2: 3.025019556417524e-6 ± 1.1011871108825682e-7
P_2: 365.25645637065867 ± 1.2184023133172583e-5
t02: 3624.407487003379 ± 0.00016556474487947788
ecos2: 0.010119826317057035 ± 0.0045570233663009725
esin2: 0.0034531869623823505 ± 0.005684226196272292
mu_3: 2.821965747775012e-7 ± 1.9286446232489845e-7
P_3: 684.0269734984392 ± 3.292322468946411
t03: 391.825843408918 ± 51.46835660132307
ecos3: 0.006253614316915683 ± 0.17734367392122272
esin3: -0.21698737010138058 ± 0.11975072961965136
mu_4: 0.0013113696922571996 ± 0.00026450037244568625
P_4: 4393.150679340429 ± 55.671020408612
t04: 259.0535754120551 ± 135.3570270115296
ecos4: 0.03428173282982065 ± 0.013479032293397239
esin4: -0.027875934422344806 ± 0.010883331095506687
tsin: 0.00017507316431243942 ± 0.0002186161893816137
tcos: -0.0017538118732990744 ± 0.00026997407211931706
dphi: 2.3184211389232234 ± 0.010643757111058898
Retrieved Earth masses:
[0.8006530822357637, 1.0070841110357776, 0.09394837995153622, 436.57885713973235]
 ± [0.14889876828525003, 0.036660524732626244, 0.06420809253242894, 88.05699185910653]
Retrieved eccentricity:
[0.0057982724385764245, 0.01431159562644223, 0.008843946180832719, 0.04848169150958335]
 ± [0.008641735764768432, 0.006444604248673932, 0.2508018288604649, 0.019062230276987297]
