Global Fit Results.
chi^2: 2.1435543923109144
Δϕ range=[2.2 - 2.38, length=100]
mu_1: 2.1861260984604413e-6 ± 1.5195944337197292e-6
P_1: 224.7007792367329 ± 1.870888808689657e-5
t01: 3503.7687463423936 ± 0.0004338689701828776
ecos1: 0.0014776549881522789 ± 0.025855935912863358
esin1: -0.006836310629868746 ± 0.034238098520915194
mu_2: 3.061284008149263e-6 ± 4.4674772946455005e-7
P_2: 365.2564651991397 ± 3.9966541199276423e-5
t02: 3624.407447602253 ± 0.0005861393334583383
ecos2: 0.014203106349139237 ± 0.020159640731342302
esin2: -0.0028774433748575564 ± 0.027520292683185968
mu_3: 0.000954413378039145 ± 0.0006252731018361935
P_3: 4224.305810398207 ± 168.8019257161295
t03: 596.5213263812898 ± 461.5694710630538
ecos3: 0.036380530220328944 ± 0.06745722780639354
esin3: -0.04245856606640991 ± 0.049483191532522945
tcos: 0.00010390834879800526 ± 0.0007790724454352644
tsin: -0.00185490676607928 ± 0.0008405384495329586
dphi: 2.3143844989795346 ± 0.033598216456261196
Retrieved Earth masses:
[0.7278011984449702, 1.0191572075739401, 317.7415981804453]
 ± [0.505900666384427, 0.1487304566446776, 208.16480494527167]
Retrieved eccentricity:
[0.002089719724753208, 0.020086225626780124, 0.051449839243913435]
 ± [0.036565815235820934, 0.028510037334833344, 0.09539892644389321]
