Global Fit Results.
chi^2: 4.2662783024996145
Δϕ range=[2.2 - 2.38, length=100]
mu_1: 2.160551119335668e-6 ± 1.2684112939774356e-6
P_1: 224.70078748225453 ± 2.1468535777819515e-5
t01: 3503.768704418857 ± 0.000392221839333322
ecos1: -0.08157827836311037 ± 0.05902633278421207
esin1: -0.01728646722888219 ± 0.036396000927438166
mu_2: 2.609965250093195e-6 ± 3.8917028787543366e-7
P_2: 365.2564280247165 ± 5.1844878884402e-5
t02: 3624.407731207193 ± 0.0005750202336324275
ecos2: -0.054508639227124005 ± 0.04660745769516014
esin2: -0.01126743519425904 ± 0.029030845597966915
mu_3: 0.0007829894926699857 ± 0.0007709547662789895
P_3: 4446.317260712061 ± 320.6225897071132
t03: 1387.0844493343338 ± 476.3396721622148
ecos3: 0.028320853110725602 ± 0.09915393271888637
esin3: 0.09914112846328452 ± 0.10531702618263611
tcos: -7.598852689579243e-6 ± 0.0006801714352386818
tsin: -0.0013562140323180904 ± 0.000837238170515586
dphi: 2.3070738307821466 ± 0.04741541984049938
Retrieved Earth masses:
[0.7192868220463152, 0.8689049722499008, 260.67146425650094]
 ± [0.4222772238655554, 0.129561877567073, 256.66488462850384]
Retrieved eccentricity:
[0.11536910765615829, 0.07708685686150087, 0.040051734567164404]
 ± [0.08347584036058037, 0.06591289878022576, 0.14022483641367847]
