Global Fit Results.
chi^2: 416.05326287297675
Δϕ range=[2.2 - 2.38, length=100]
mu_1: 2.3088744090524414e-6 ± 1.1237199132473381e-7
P_1: 224.70079117142282 ± 2.003789749662183e-6
t01: 3503.768638037142 ± 3.960777444672008e-5
ecos1: -0.07492624000120784 ± 0.005489591250621105
esin1: -0.03697800135951168 ± 0.005331992021820103
mu_2: 2.634222106791281e-6 ± 4.153662533888634e-8
P_2: 365.256459007393 ± 4.412658613529162e-6
t02: 3624.4074604193543 ± 5.389963523134166e-5
ecos2: -0.049307421005195834 ± 0.0043481364685123754
esin2: -0.027274207833322198 ± 0.004165537952081609
mu_3: 0.0006484728885515178 ± 6.239322353665213e-5
P_3: 4214.000799126453 ± 18.68775184867244
t03: 1520.9707735594848 ± 44.556945742909875
ecos3: -0.001400520241821014 ± 0.01392974331385681
esin3: 0.08668727907211271 ± 0.00910802002865015
tcos: -0.0001044326262606076 ± 7.655574906973346e-5
tsin: -0.0013536416913264271 ± 8.254363949253573e-5
dphi: 2.3037117086977856 ± 0.0053117070911312
Retrieved Earth masses:
[0.7686663469004354, 0.8769805216831231, 215.8884365267123]
 ± [0.037410682766828955, 0.013828299164577318, 20.77184060736469]
Retrieved eccentricity:
[0.10596170478732964, 0.06973122351118798, 0.001980634720361325]
 ± [0.007763454398513047, 0.0061491935648192554, 0.019699631914832243]
