Global Fit Results.
chi^2: 16.44170512227695
per 4 range=[657.45 - 712.2375, length=100]
mu_1: 2.344476034577762e-6 ± 4.1347355754824106e-7
P_1: 224.70076644455207 ± 7.936698334037068e-6
t01: 3503.7689399161018 ± 0.00014830209299802741
ecos1: -0.0029991019795651804 ± 0.00586434026822087
esin1: -0.0023079072637633333 ± 0.007017441306338899
mu_2: 3.024375418348258e-6 ± 1.0793849410342337e-7
P_2: 365.25645914944465 ± 1.0296837586179599e-5
t02: 3624.4074656354737 ± 0.00015310770337308694
ecos2: 0.010592209569179918 ± 0.004471355994987685
esin2: 0.0013195929497818635 ± 0.005631221017084883
mu_3: 2.500493793217986e-7 ± 1.7137151233296472e-7
P_3: 685.1715499046378 ± 3.2106812929958926
t03: 383.8846398986733 ± 47.26441797580008
ecos3: -0.004348043221106485 ± 0.1685830722131907
esin3: -0.21026292414508235 ± 0.12012099796897328
mu_4: 0.0012308095939505396 ± 0.0002417730728289395
P_4: 4386.473297648947 ± 57.73186656505592
t04: 299.4566674444028 ± 135.74955180013185
ecos4: 0.032107127040773266 ± 0.014037391943971885
esin4: -0.02839922410847285 ± 0.010980762973499987
tsin: 0.00016945237968824753 ± 0.00019975543668659707
tcos: -0.0017373133037111943 ± 0.00023425518915095773
dphi: 2.3180448160467857 ± 0.008791577026934234
Retrieved Earth masses:
[0.7805187765211077, 1.0068696657395495, 0.08324599302345279, 409.7589330119693]
 ± [0.13765287872499204, 0.03593469078574216, 0.05705269798622078, 80.49065983913066]
Retrieved eccentricity:
[0.004241370694441075, 0.014979646428232319, 0.006149061693073189, 0.04540633450989749]
 ± [0.008293429541688628, 0.006323452290309829, 0.23841246711041714, 0.019851870067511865]
