Global Fit Results.
chi^2: 378.51618723285145
Δϕ range=[2.25 - 2.37, length=200]
mu_1: 2.09684563166016e-6 ± 1.2508327690558177e-7
P_1: 224.70077902599806 ± 1.438007807611401e-6
t01: 3503.769461520305 ± 3.513273115656214e-5
ecos1: 0.005202630652840913 ± 0.0022898647551251486
esin1: -0.0061470732371451085 ± 0.0030193645528194374
mu_2: 3.0828250176214435e-6 ± 3.715674992935293e-8
P_2: 365.25645703606835 ± 3.02778923353392e-6
t02: 3624.4086909771636 ± 4.650361871940952e-5
ecos2: 0.016874192706051817 ± 0.0017975786589759335
esin2: -0.0026954492606729445 ± 0.002426206587643409
mu_3: 0.0009577445393592176 ± 5.257498819754178e-5
P_3: 4240.519132835803 ± 12.985846031126636
t03: 579.1242327663714 ± 37.77116229117054
ecos3: 0.03491917905276605 ± 0.005592866114348092
esin3: -0.039252697304299054 ± 0.003945241596570307
tcos: -3.066094678758489e-5 ± 6.150881538275159e-5
tsin: -0.0019227097014515736 ± 6.736281235011923e-5
dphi: 2.308096636688184 ± 0.002521710459128375
Retrieved Earth masses:
[0.6980781048042458, 1.0263286019965252, 318.85060246097134]
 ± [0.041642501272647334, 0.012370158861351918, 17.50317122390526]
Retrieved eccentricity:
[0.007357630829265609, 0.023863712178995636, 0.049383176603356234]
