Global Fit Results.
chi^2: 2.3847112538797823
Δϕ range=[2.25 - 2.37, length=100]
mu_1: 2.150696482325267e-6 ± 1.5241287659303967e-6
P_1: 224.70077713848514 ± 1.7252625449213376e-5
t01: 3503.7687790289465 ± 0.0004215007706335558
ecos1: 0.00266436186123359 ± 0.025333839412023388
esin1: -0.005513543245985264 ± 0.03310161312625013
mu_2: 3.0602295649110564e-6 ± 4.39568867546821e-7
P_2: 365.2564583619467 ± 3.6389380330077626e-5
t02: 3624.4075226731384 ± 0.0005586136063270949
ecos2: 0.015058368610753924 ± 0.019815607218328226
esin2: -0.0018692290258842008 ± 0.02663297047749172
mu_3: 0.0010010046745241683 ± 0.000631226403650924
P_3: 4243.503363907928 ± 157.45615811621659
t03: 577.9212285866306 ± 441.1385558584205
ecos3: 0.04088571919311495 ± 0.06015843876364847
esin3: -0.03562395121793705 ± 0.04317591364395432
tcos: 2.8672192255321983e-5 ± 0.0007401743065405974
tsin: -0.0018642651157466756 ± 0.0008261811376318276
dphi: 2.309915014501784 ± 0.031372083919803194
Retrieved Earth masses:
[0.7160060338834271, 1.0188061642132666, 333.2526894403617]
 ± [0.5074102281701791, 0.14634048274935943, 210.14676755873518]
Retrieved eccentricity:
[0.0037679766792261655, 0.0212957491165415, 0.05782113859028112]
 ± [0.035827459283465514, 0.028023500474817976, 0.085076879990743]
