Global Fit Results.
chi^2: 1.237849420329129
per 4 range=[657.45 - 730.5, length=100]
mu_1: 2.459792953798961e-6 ± 1.4877828594401924e-6
P_1: 224.70076630782128 ± 3.763825866642583e-5
t01: 3503.7689188741842 ± 0.0006584191584962667
ecos1: -0.004243633037498625 ± 0.022270344192639936
esin1: 0.002123366606094221 ± 0.024703778843826546
mu_2: 2.9973214914796873e-6 ± 3.812974187966287e-7
P_2: 365.25645749607406 ± 4.196840325107478e-5
t02: 3624.407470488526 ± 0.0005531056864821004
ecos2: 0.009775863030828533 ± 0.016733180982411562
esin2: 0.00486792021420997 ± 0.01952891070320411
mu_3: 2.994113133868456e-7 ± 6.607632862722879e-7
P_3: 683.3783119339008 ± 11.416336401095341
t03: 399.742247798154 ± 164.6159084657177
ecos3: 0.018895587750728145 ± 0.5919267173291597
esin3: -0.20047044555493024 ± 0.36516738357520667
mu_4: 0.0013083551129767562 ± 0.0009198962331589376
P_4: 4384.4259535000165 ± 200.66551087543178
t04: 248.72851969552846 ± 455.0879091326465
ecos4: 0.03333460940441308 ± 0.04721301169987366
esin4: -0.03126621386735518 ± 0.03800110397280198
tsin: 0.0001840388617864357 ± 0.0007633689390707306
tcos: -0.0017342114632426556 ± 0.0009065069031583117
dphi: 2.3184763845671785 ± 0.03923224992085196
Retrieved Earth masses:
[0.8189098794265055, 0.9978629206979645, 0.09967948000089802, 435.5752487867379]
 ± [0.49531001385922585, 0.12694085604649838, 0.2199801337974421, 306.2502119203364]
Retrieved eccentricity:
[0.0060014033953650885, 0.013825158082099461, 0.02672239646609067, 0.0471422567161307]
 ± [0.03149502279594829, 0.023664291486969982, 0.8371107915778829, 0.06676928146644094]
