Global Fit Results.
chi^2: 0.5894458178492576
per 4 range=[657.45 - 1314.9, length=100]
mu_1: 1.7611899245970463e-6 ± 1.6686325688974312e-6
P_1: 224.70085427901734 ± 6.53800637613267e-5
t01: 3503.7662067032243 ± 0.004575677537076926
ecos1: -0.013137137955059707 ± 0.04278910682520007
esin1: -0.022461083310304997 ± 0.02377874551323256
mu_2: 2.868337994305072e-6 ± 4.680967942227611e-7
P_2: 365.25632674353966 ± 0.00028183100019881304
t02: 3624.4090833264136 ± 0.0027517109134756385
ecos2: 0.00011608946160092126 ± 0.036652223123469246
esin2: -0.014349376591396873 ± 0.019628775226842674
mu_3: 3.082888170348058e-7 ± 1.2704458597201819e-6
P_3: 671.4054473281328 ± 4.444252838130014
t03: 681.0772085404005 ± 408.30823777902316
ecos3: 0.30833964288128257 ± 1.8938131046800508
esin3: 0.38864969383775766 ± 2.3622658643234677
mu_4: 0.005013607497037911 ± 0.007021808436422557
P_4: 6865.049955317555 ± 1986.8399256335917
t04: -2221.238012244503 ± 3005.0263978875814
ecos4: 0.05709248862616461 ± 0.021746731720901146
esin4: 0.0008404515540471954 ± 0.022399138666788707
tsin: 0.00037449829926101985 ± 0.001090060684680544
tcos: -0.0015093205991979894 ± 0.0012428291954702183
dphi: 2.3113828071906526 ± 0.055342974415950125
Retrieved Earth masses:
[0.5863322059572088, 0.9549219650552783, 0.10263496266895417, 1669.1212585800008]
 ± [0.5555181763133941, 0.15583794917571123, 0.42295456786091257, 2337.6879306634446]
Retrieved eccentricity:
[0.018578718666811784, 0.00016417529104461348, 0.4360581047799866, 0.08074097172475367]
 ± [0.0605129351940291, 0.05183407103233497, 2.678256177238426, 0.030754522936987598]
