Global Fit Results.
chi^2: 1.069450222153111
per 4 range=[657.45 - 712.2375, length=100]
mu_1: 2.3185779256598916e-6 ± 1.6217681820011571e-6
P_1: 224.7007682588545 ± 3.0252281348715285e-5
t01: 3503.7689047166346 ± 0.0005707696599370924
ecos1: -0.002929853968142982 ± 0.023699203170653653
esin1: -0.002621250370970726 ± 0.02835232288047823
mu_2: 3.012052171711364e-6 ± 4.242725485198294e-7
P_2: 365.25646126674616 ± 3.7933061945443266e-5
t02: 3624.407443171316 ± 0.0005892055462277532
ecos2: 0.0105422977351439 ± 0.018087087340232393
esin2: 0.0009825456455594436 ± 0.022713941657103557
mu_3: 2.2852705630524112e-7 ± 6.813291236045445e-7
P_3: 684.915988042647 ± 13.82895906597336
t03: 386.13982679417893 ± 205.9926730121818
ecos3: 0.008690279540939627 ± 0.7715844913140135
esin3: -0.20704408532100174 ± 0.5003413618430946
mu_4: 0.0012130724718763001 ± 0.0009486187691316321
P_4: 4364.827709334648 ± 196.5683345922532
t04: 331.0012500328368 ± 508.4879165409589
ecos4: 0.03330344514951682 ± 0.055481470392261985
esin4: -0.03136961918082062 ± 0.04195423493953666
tsin: 0.00013412157805609847 ± 0.000771748060997363
tcos: -0.0017590801090217626 ± 0.0008983474600390456
dphi: 2.3157658669913133 ± 0.03315411187886465
Retrieved Earth masses:
[0.7718968243285245, 1.0027670324662994, 0.07608081966231799, 403.85392199193376]
 ± [0.5399161682812329, 0.14124805952295857, 0.2268268756518949, 315.81246732638436]
Retrieved eccentricity:
[0.004143439217520435, 0.014909060435615667, 0.012289911187610254, 0.04709818380419515]
 ± [0.033515734541373854, 0.02557900422038336, 1.0911852521330234, 0.07846264788913822]
