Global Fit Results.
chi^2: 46.03072557452756
Δϕ range=[2.25 - 2.37, length=100]
mu_1: 2.37326121014674e-6 ± 3.4222563485888437e-7
P_1: 224.70077474142468 ± 3.543769060051822e-6
t01: 3503.7688135647227 ± 9.867738546719999e-5
ecos1: 0.004671525056223272 ± 0.007158684674944691
esin1: -0.004207029464518088 ± 0.009100249994038892
mu_2: 3.0787751070351884e-6 ± 1.0502459800564276e-7
P_2: 365.25645031610276 ± 7.986399938013828e-6
t02: 3624.407594918014 ± 0.00013545017720976036
ecos2: 0.01669510161401905 ± 0.005590434944678259
esin2: -0.0010731761936035628 ± 0.0073081029433820985
mu_3: 0.0008668803344416969 ± 0.0001487016024427014
P_3: 4247.488833753184 ± 36.04119395374687
t03: 580.6244843107013 ± 115.32800900299836
ecos3: 0.024237059809420595 ± 0.018826136258742677
esin3: -0.03441354350050771 ± 0.012995997951869499
tcos: 8.92542420859943e-5 ± 0.00017817447989508162
tsin: -0.0017726274619817642 ± 0.00017952339205721198
dphi: 2.3133615659608147 ± 0.006765189271512157
Retrieved Earth masses:
[0.7901018857897381, 1.0249803129932755, 288.6002535532422]
 ± [0.11393314748142552, 0.03496460169819942, 49.50547205154459]
Retrieved eccentricity:
[0.006606534091476686, 0.023610439127742692, 0.034276378694530464]
 ± [0.010123908956059214, 0.007906068918328478, 0.026624177224197774]
