Global Fit Results.
chi^2: 43.543304838497306
Δϕ range=[2.25 - 2.37, length=100]
mu_1: 2.4363618324545667e-6 ± 3.608608781336389e-7
P_1: 224.7007768578406 ± 4.180059725378621e-6
t01: 3503.768782396363 ± 0.00010428090318130024
ecos1: 0.004648351464489666 ± 0.007242253117262701
esin1: -0.003791230322098234 ± 0.00939972206197583
mu_2: 3.077226049586491e-6 ± 1.1044733304598196e-7
P_2: 365.2564511072758 ± 8.55364167409184e-6
t02: 3624.4075931279735 ± 0.00013684573579608597
ecos2: 0.016921314487608023 ± 0.005640843018862713
esin2: -0.0006680269842956713 ± 0.007543912356667627
mu_3: 0.0009140315119609486 ± 0.00015627893221876207
P_3: 4258.687377856229 ± 39.94119170478264
t03: 550.1085645349674 ± 117.66646657115236
ecos3: 0.031200709981631547 ± 0.017687427941366057
esin3: -0.0350813865208046 ± 0.012399875142603586
tcos: 8.288204941815972e-5 ± 0.00018352447162855033
tsin: -0.0017063004946596336 ± 0.00019427761345808844
dphi: 2.3128074055272374 ± 0.008177702786308359
Retrieved Earth masses:
[0.8111092323332892, 1.0244646035525364, 304.2977394076813]
 ± [0.12013715940838222, 0.036769928968198994, 52.02810315498983]
Retrieved eccentricity:
[0.006573761683758124, 0.023930352441555607, 0.044124467211692935]
 ± [0.010242092580571738, 0.007977356700493241, 0.02501380047817671]
