Global Fit Results.
chi^2: 188.92235416533265
Δϕ range=[2.1 - 2.52, length=100]
mu_1: 2.2879067101404806e-6 ± 1.4570818621997804e-7
P_1: 224.7007964847861 ± 3.445661668809809e-6
t01: 3503.7686357572916 ± 4.961833077952848e-5
ecos1: -0.08753371368981731 ± 0.007674881457248839
esin1: -0.03878105180104105 ± 0.00647944141535299
mu_2: 2.516929683885174e-6 ± 4.896818018584937e-8
P_2: 365.25641095738104 ± 7.89897943943418e-6
t02: 3624.4078290821153 ± 7.548151753968154e-5
ecos2: -0.057550439644714395 ± 0.005988210052449082
esin2: -0.028374800635080005 ± 0.005037547098689255
mu_3: 0.0007101020219531512 ± 7.795199547053012e-5
P_3: 4462.202985175762 ± 51.39636216597719
t03: 1251.767973224738 ± 73.7427517181507
ecos3: -0.00686961990071433 ± 0.014909395234522248
esin3: 0.09155058004665063 ± 0.011320508696657374
tcos: -0.00011070568945953432 ± 8.847527820120495e-5
tsin: -0.0012256960858658993 ± 0.00011828920849086065
dphi: 2.3141661056755214 ± 0.008052631453138557
Retrieved Earth masses:
[0.7616858180061941, 0.8379317376172375, 236.40589761023423]
 ± [0.048508909265950036, 0.01630239913883692, 25.95163918704542]
Retrieved eccentricity:
[0.1237913650650231, 0.08138861226608934, 0.00971510963193832]
 ± [0.010853921446447092, 0.008468607870512396, 0.021085068947442154]
