Global Fit Results.
chi^2: 62.29473564341498
per 4 range=[657.45 - 712.2375, length=300]
mu_1: 2.6194138165480905e-6 ± 3.913066030789671e-7
P_1: 224.700769189169 ± 9.830681808143134e-6
t01: 3503.7695750390003 ± 0.0001964863588787712
ecos1: -0.011912021813496583 ± 0.005235926618389786
esin1: 0.007067037797401368 ± 0.004684749545075625
mu_2: 2.812505400826716e-6 ± 1.0352870364954546e-7
P_2: 365.2564697696345 ± 9.355026130907658e-6
t02: 3624.4085282845017 ± 0.00014722929147059432
ecos2: 0.0025474027209789 ± 0.004056850201487585
esin2: 0.011282256737325004 ± 0.003419273432892666
mu_3: 4.6271797983015124e-7 ± 1.6583987726749095e-7
P_3: 682.4875292937729 ± 2.2042270431378874
t03: 427.3702005512062 ± 24.145281256128122
ecos3: -0.029451854276135166 ± 0.07708142380141697
esin3: -0.12881330192845894 ± 0.042684801475802434
mu_4: 0.001549872323389815 ± 0.00029035265995833924
P_4: 4345.928174306726 ± 42.39776401966736
t04: 212.5127551436507 ± 106.56132106439736
ecos4: 0.04474237876432952 ± 0.01252449184575228
esin4: -0.03706845978162631 ± 0.007203743187814675
tsin: 0.00034119084261186424 ± 0.0002069800968701628
tcos: -0.001683682284466613 ± 0.0002377017309733612
dphi: 2.3278283588600797 ± 0.00863956649979922
Retrieved Earth masses:
[0.8720505721282896, 0.9363342776961386, 0.15404724388935495, 515.9807273670903]
 ± [0.13027309581129176, 0.03446659121935221, 0.05521111591424092, 96.6636892712564]
Retrieved eccentricity:
[0.013850606012558367, 0.011566268962364923, 0.13213734700687396, 0.05810293596775272]
