Global Fit Results.
chi^2: 0.9342273181364246
per 4 range=[657.45 - 730.5, length=100]
mu_1: 2.4049542685944634e-6 ± 1.7890131759743799e-6
P_1: 224.70076439323176 ± 4.119268614122951e-5
t01: 3503.7689560564877 ± 0.0007111934722611491
ecos1: -0.004099997760484449 ± 0.024442519841960293
esin1: 0.0005381862429709754 ± 0.028806653986862482
mu_2: 3.025019556417524e-6 ± 4.4047484435302726e-7
P_2: 365.25645637065867 ± 4.8736092532690334e-5
t02: 3624.407487003379 ± 0.0006622589795179115
ecos2: 0.010119826317057035 ± 0.01822809346520389
esin2: 0.0034531869623823505 ± 0.02273690478508917
mu_3: 2.821965747775012e-7 ± 7.714578492995938e-7
P_3: 684.0269734984392 ± 13.169289875785644
t03: 391.825843408918 ± 205.8734264052923
ecos3: 0.006253614316915683 ± 0.7093746956848909
esin3: -0.21698737010138058 ± 0.47900291847860543
mu_4: 0.0013113696922571996 ± 0.001058001489782745
P_4: 4393.150679340429 ± 222.684081634448
t04: 259.0535754120551 ± 541.4281080461184
ecos4: 0.03428173282982065 ± 0.053916129173588956
esin4: -0.027875934422344806 ± 0.04353332438202675
tsin: 0.00017507316431243942 ± 0.0008744647575264548
tcos: -0.0017538118732990744 ± 0.0010798962884772682
dphi: 2.3184211389232234 ± 0.042575028444235594
Retrieved Earth masses:
[0.8006530822357637, 1.0070841110357776, 0.09394837995153622, 436.57885713973235]
 ± [0.5955950731410001, 0.14664209893050498, 0.25683237012971577, 352.2279674364261]
Retrieved eccentricity:
[0.0057982724385764245, 0.01431159562644223, 0.008843946180832719, 0.04848169150958335]
 ± [0.03456694305907373, 0.025778416994695727, 1.0032073154418597, 0.07624892110794919]
