Global Fit Results.
chi^2: 11.557035080140405
Δϕ range=[2.2 - 2.38, length=100]
mu_1: 2.308871185605393e-6 ± 6.742369406441776e-7
P_1: 224.7007911714764 ± 1.2022741911476997e-5
t01: 3503.7686380360874 ± 0.0002376468333119953
ecos1: -0.07492647680905516 ± 0.032937294404031515
esin1: -0.03697758181577297 ± 0.03199126268538733
mu_2: 2.6342209410668137e-6 ± 2.492204285913444e-7
P_2: 365.25645900755416 ± 2.6475862915879725e-5
t02: 3624.4074604165316 ± 0.00032339702893086514
ecos2: -0.04930762480385992 ± 0.026088645213465805
esin2: -0.02727386410421195 ± 0.024992687892856573
mu_3: 0.0006484758456729715 ± 0.00037435839540682315
P_3: 4213.997567300772 ± 112.12584082572279
t03: 1520.9790004280578 ± 267.3388331575977
ecos3: -0.0013992024928847937 ± 0.08357687576159216
esin3: 0.08668739959890615 ± 0.0546478534218133
tcos: -0.00010442902643696266 ± 0.00045933381751973325
tsin: -0.0013536426385421406 ± 0.0004952608029643787
dphi: 2.303711725636505 ± 0.03187031082417429
Retrieved Earth masses:
[0.768665273756198, 0.8769801335922144, 215.88942100630817]
 ± [0.22446575876033906, 0.08297002022595437, 124.63072876578264]
Retrieved eccentricity:
[0.105962039684199, 0.06973151172602272, 0.0019787711419439196]
 ± [0.04658036845405682, 0.03689491588482327, 0.11819555120281483]
