Global Fit Results.
chi^2: 10.724582833820605
per 4 range=[657.45 - 803.5500000000001, length=100]
mu_1: 2.5424815411201818e-6 ± 4.5330437191953144e-7
P_1: 224.70078771700557 ± 6.256898858235625e-6
t01: 3503.768651052855 ± 0.00012168611369103253
ecos1: 0.00756843869151245 ± 0.010589952502832354
esin1: -0.0044588809800802575 ± 0.01233506942491295
mu_2: 3.0777376476468474e-6 ± 1.3713180959954274e-7
P_2: 365.26358088870455 ± 0.009038714683983476
t02: 3624.363785016571 ± 0.060037006180978375
ecos2: 0.01903165165165342 ± 0.008073510094704271
esin2: -0.001590712496929956 ± 0.009916270604862524
mu_3: 2.4106958827460824e-6 ± 1.3349988547198368e-6
P_3: 733.4984309932809 ± 2.3016318985228983
t03: 116.66636890550748 ± 31.102275487685617
ecos3: 0.0972164959185666 ± 0.015158736874016771
esin3: 0.006744546162073079 ± 0.03990968993329087
mu_4: 0.0008662247989235625 ± 0.00022225780768105546
P_4: 4346.477680017232 ± 83.23418385816015
t04: 365.0909228852838 ± 172.17783585413503
ecos4: 0.010528186490073008 ± 0.028787925229553177
esin4: -0.052382043312019365 ± 0.0191811693007368
tsin: -6.116415016319533e-5 ± 0.000221305025212122
tcos: -0.0016487056826711567 ± 0.0002605167413249499
dphi: 2.303594837080236 ± 0.013974964736779562
Retrieved Earth masses:
[0.8464384163176244, 1.0246349238655832, 0.8025645701702885, 288.38201383868164]
 ± [0.15091328234712503, 0.04565367727038307, 0.4444454357285289, 73.9936726010185]
Retrieved eccentricity:
[0.010703388643526188, 0.02691481988012858, 0.13748488701442552, 0.014889104121454442]
 ± [0.014976454454392418, 0.011417667471886871, 0.02143769127567965, 0.040712274292216695]
