Global Fit Results.
chi^2: 3.42377297933424
Δϕ range=[2.25 - 2.37, length=100]
mu_1: 2.373278194896773e-6 ± 1.2547945237574192e-6
P_1: 224.7007747414089 ± 1.2993825228853035e-5
t01: 3503.7688135647704 ± 0.00036181690795026737
ecos1: 0.004671189429952805 ± 0.026248249576640847
esin1: -0.004206145183939333 ± 0.03336693689871394
mu_2: 3.0787731963399734e-6 ± 3.8508967857022916e-7
P_2: 365.2564503157998 ± 2.928319821994721e-5
t02: 3624.4075949227295 ± 0.0004966459966730765
ecos2: 0.016694841091045135 ± 0.020498071945016474
esin2: -0.0010724502536229772 ± 0.02679595490904185
mu_3: 0.0008668872113028967 ± 0.0005452390816766503
P_3: 4247.492416378233 ± 132.14771404562833
t03: 580.6069597821007 ± 422.8532773459458
ecos3: 0.024238075268982924 ± 0.06902870752200674
esin3: -0.034414471165115174 ± 0.0476502786287249
tcos: 8.925477195240342e-5 ± 0.0006533043127613642
tsin: -0.0017726194649455677 ± 0.0006582425746916886
dphi: 2.313361324485633 ± 0.024805425007853807
Retrieved Earth masses:
[0.7901075403224012, 1.0249796768880353, 288.6025429855976]
 ± [0.41774395302996314, 0.12820336840110813, 181.52002181519256]
Retrieved eccentricity:
[0.006606059444253104, 0.023610070692619667, 0.03427781477121555]
 ± [0.037120630539839335, 0.028988651347141743, 0.09762133437070761]
