Global Fit Results.
chi^2: 2.8769203484079724
Δϕ range=[2.25 - 2.37, length=100]
mu_1: 2.37326121014674e-6 ± 1.3689025394355375e-6
P_1: 224.70077474142468 ± 1.4175076240207289e-5
t01: 3503.7688135647227 ± 0.00039470954186879997
ecos1: 0.004671525056223272 ± 0.028634738699778763
esin1: -0.004207029464518088 ± 0.03640099997615557
mu_2: 3.0787751070351884e-6 ± 4.2009839202257105e-7
P_2: 365.25645031610276 ± 3.194559975205531e-5
t02: 3624.407594918014 ± 0.0005418007088390414
ecos2: 0.01669510161401905 ± 0.022361739778713037
esin2: -0.0010731761936035628 ± 0.029232411773528394
mu_3: 0.0008668803344416969 ± 0.0005948064097708056
P_3: 4247.488833753184 ± 144.16477581498748
t03: 580.6244843107013 ± 461.3120360119934
ecos3: 0.024237059809420595 ± 0.07530454503497071
esin3: -0.03441354350050771 ± 0.051983991807477994
tcos: 8.92542420859943e-5 ± 0.0007126979195803265
tsin: -0.0017726274619817642 ± 0.0007180935682288479
dphi: 2.3133615659608147 ± 0.027060757086048628
Retrieved Earth masses:
[0.7901018857897381, 1.0249803129932755, 288.6002535532422]
 ± [0.4557325899257021, 0.13985840679279768, 198.02188820617835]
Retrieved eccentricity:
[0.006606534091476686, 0.023610439127742692, 0.034276378694530464]
 ± [0.040495635824236854, 0.03162427567331391, 0.1064967088967911]
