Global Fit Results.
chi^2: 28.44601361623109
Δϕ range=[2.1 - 2.52, length=200]
mu_1: 3.7258445830936446e-6 ± 4.774694887337143e-7
P_1: 224.7007894499797 ± 8.380111806540012e-6
t01: 3503.769423316039 ± 0.0001327820401420025
ecos1: 0.07436752143289055 ± 0.023385406970025228
esin1: 0.017016580074334577 ± 0.01925372467216638
mu_2: 3.6003673105341645e-6 ± 2.270711993509068e-7
P_2: 365.2564353567294 ± 2.4494498990181412e-5
t02: 3624.4087027096757 ± 0.00024374702466706285
ecos2: 0.07267444459388135 ± 0.01823157059952911
esin2: 0.01446394804089097 ± 0.015130926666328062
mu_3: 0.0003543306468119158 ± 8.894623268590205e-5
P_3: 4258.034995091387 ± 143.83806814220125
t03: 4590.2620631622585 ± 128.25312993597024
ecos3: -0.11879076435145529 ± 0.06601173268066582
esin3: -0.16790766138023402 ± 0.05206846260229894
tcos: 0.00010497826796475287 ± 0.00027778096630845284
tsin: -0.0015932148682389008 ± 0.00026948925734715333
dphi: 2.3006919839447253 ± 0.017750733407831773
Retrieved Earth masses:
[1.2404015279379015, 1.1986278583354442, 117.963126453275]
 ± [0.15895828990195487, 0.07559613836379858, 29.611821015976084]
Retrieved eccentricity:
[0.10517155741046563, 0.10277718518259907, 0.16799551003049445]
