Global Fit Results.
chi^2: 44.595008865629794
Δϕ range=[2.25 - 2.37, length=100]
mu_1: 2.408654076162038e-6 ± 3.512637190091891e-7
P_1: 224.7007763564841 ± 3.893692964031621e-6
t01: 3503.7687876292657 ± 0.00010191469077013753
ecos1: 0.0034925165728049382 ± 0.007164654037077649
esin1: -0.003320751720040699 ± 0.009340511634342255
mu_2: 3.063260909459101e-6 ± 1.0804945856701673e-7
P_2: 365.2564490103399 ± 8.222148968155526e-6
t02: 3624.4076063568878 ± 0.00013587247675241897
ecos2: 0.016089177018880206 ± 0.005588766790492612
esin2: -0.0002217856542879289 ± 0.007474347119938049
mu_3: 0.0008926260027567022 ± 0.0001522806782928165
P_3: 4244.282891023882 ± 39.266292249710624
t03: 572.58981090202 ± 118.67302557031476
ecos3: 0.028130338556127125 ± 0.018236864796733285
esin3: -0.0352185390616808 ± 0.01262307504129401
tcos: 7.261479933687804e-5 ± 0.00018327563023716123
tsin: -0.001736874517207313 ± 0.00018903960748938728
dphi: 2.3119376544767074 ± 0.007995657114627732
Retrieved Earth masses:
[0.8018848155669713, 1.0198153540292247, 297.17145549242747]
 ± [0.11694209032368458, 0.035971632876889106, 50.69701159488275]
Retrieved eccentricity:
[0.004939164304073544, 0.02275353234752191, 0.03978230630022177]
 ± [0.010132350908946357, 0.007903709792055005, 0.02579082153070467]
