Global Fit Results.
chi^2: 24.265840258220496
Δϕ range=[2.1 - 2.52, length=100]
mu_1: 2.441040637179772e-6 ± 4.54604219635116e-7
P_1: 224.70078858651968 ± 8.956000443288046e-6
t01: 3503.7687132224123 ± 0.0001390627681165633
ecos1: -0.09445555817995442 ± 0.02320551317598042
esin1: -0.02884213799546059 ± 0.016839400228483944
mu_2: 2.5425593371059234e-6 ± 1.4173196635038796e-7
P_2: 365.25641134955595 ± 2.101568642585493e-5
t02: 3624.407871225092 ± 0.0002071321776197315
ecos2: -0.062111781189082546 ± 0.01795043187229652
esin2: -0.02089514185142203 ± 0.013209951303767816
mu_3: 0.0007617469779503164 ± 0.00023851952299668396
P_3: 4534.188395929092 ± 131.5687961565851
t03: 1234.182653729447 ± 193.22754993698632
ecos3: 0.00701053711704226 ± 0.03782402545309692
esin3: 0.09812909272288538 ± 0.034048252503313586
tcos: -0.00015548077847068163 ± 0.0002596952929900059
tsin: -0.001075005922931252 ± 0.00036908628430490874
dphi: 2.2998195283304708 ± 0.026218324524358953
Retrieved Earth masses:
[0.8126668916506966, 0.8464643160183309, 253.59944417410586]
 ± [0.15134602532835775, 0.04718515324455385, 79.40749383659144]
Retrieved eccentricity:
[0.13358033141961248, 0.08783932334075062, 0.009914396670441143]
 ± [0.03281755145529906, 0.025385744204256006, 0.05349124977931481]
