Global Fit Results.
chi^2: 0.1319799342179002
per 4 range=[657.45 - 1314.9, length=100]
mu_1: 1.8797041253916841e-6 ± 2.1371354036879335e-6
P_1: 224.70080764608014 ± 0.00025895964767289964
t01: 3503.7659022257876 ± 0.01702087804038009
ecos1: -0.002554806527682414 ± 0.03628504920173534
esin1: -0.01633968188832793 ± 0.042369425585269356
mu_2: 2.9706275351635477e-6 ± 5.993941188802816e-7
P_2: 365.25609920460687 ± 0.0011866282407812458
t02: 3624.410841427285 ± 0.009161187352556263
ecos2: 0.009205319844630223 ± 0.03284376348840562
esin2: -0.009230059618371407 ± 0.03390743170239481
mu_3: 6.319708835914801e-7 ± 1.9806385230808017e-6
P_3: 672.026402078273 ± 9.917897300967406
t03: 636.455559765681 ± 176.92483477506372
ecos3: 0.1714800057317181 ± 1.0131578714541067
esin3: 0.19893481862021709 ± 1.1994619950681504
mu_4: 0.0073076524761118665 ± 0.024741042597772437
P_4: 7519.327153763635 ± 5106.939841307008
t04: -3139.6509679141786 ± 6420.032223204128
ecos4: 0.06142188952692032 ± 0.04264243525342017
esin4: 0.018891084729014372 ± 0.10531497954540661
tsin: 0.0005406183832812916 ± 0.0016342255824603092
tcos: -0.0013878169038862352 ± 0.0018341785795111354
dphi: 2.325330290797537 ± 0.08116935506772387
Retrieved Earth masses:
[0.6257877421368598, 0.9889760164101441, 0.21039461849164184, 2432.8506181226626]
 ± [0.7114913037901317, 0.1995492201338036, 0.6593906416467256, 8236.743738669873]
Retrieved eccentricity:
[0.003613042040687784, 0.013018288170258255, 0.24250934978161182, 0.08686366919555269]
 ± [0.05131480869246916, 0.046448095764677504, 1.4328216026354545, 0.0603055102680034]
