Global Fit Results.
chi^2: 146.03390592882803
per 4 range=[657.45 - 730.5, length=100]
mu_1: 2.391211973884105e-6 ± 1.4228675395065122e-7
P_1: 224.70076739485444 ± 2.7219750947582144e-6
t01: 3503.7689253493872 ± 5.0538974157083264e-5
ecos1: -0.003289901169648243 ± 0.0020168288260508944
esin1: -0.001598589650647088 ± 0.0024498632128409892
mu_2: 3.032442751528377e-6 ± 3.655298907146864e-8
P_2: 365.2564581260849 ± 3.988170632056798e-6
t02: 3624.4074752998517 ± 5.5171668489603724e-5
ecos2: 0.010536232426401353 ± 0.00152669642791856
esin2: 0.0017272804536356714 ± 0.0019391432979896685
mu_3: 2.395197465655942e-7 ± 6.057903743365885e-8
P_3: 685.2078424952849 ± 1.157445371182747
t03: 379.407125076251 ± 18.76510453732427
ecos3: 0.014266087833461184 ± 0.06638113384360357
esin3: -0.21556225476532606 ± 0.0445510978409268
mu_4: 0.0012331917862986477 ± 8.083799785122695e-5
P_4: 4389.421534434636 ± 19.57760858678742
t04: 289.1912458433323 ± 46.36732795662622
ecos4: 0.03190111067768265 ± 0.004770348031573838
esin4: -0.028485053704638816 ± 0.0037988593635527937
tsin: 0.00014896581580010163 ± 7.02253939826159e-5
tcos: -0.0017100120587312435 ± 8.068541467718781e-5
dphi: 2.316496015212609 ± 0.0034429700482748633
Retrieved Earth masses:
[0.7960780220109092, 1.0095554279016135, 0.07974048648174509, 410.552008236267]
 ± [0.047369852142132705, 0.012169155874263567, 0.02016786500829446, 26.912441948087157]
Retrieved eccentricity:
[0.004652622852983654, 0.014900482793731976, 0.02017529489608661, 0.04511498337514396]
 ± [0.0028522266787861825, 0.002159074793988986, 0.09387709976732783, 0.006746290883491519]
