Global Fit Results.
chi^2: 0.6914449858106981
per 4 range=[657.45 - 803.5500000000001, length=100]
mu_1: 2.6783748853625457e-6 ± 1.982962244774217e-6
P_1: 224.7007911057278 ± 2.6346751419137804e-5
t01: 3503.7686129712815 ± 0.00044114393806043105
ecos1: -0.0015981792404363003 ± 0.03415282335419168
esin1: -0.007995948566769195 ± 0.03818995335281807
mu_2: 2.9924249172398632e-6 ± 4.558435830551082e-7
P_2: 365.2640117051585 ± 0.027786432309579074
t02: 3624.3514897998166 ± 0.20802997043630975
ecos2: 0.012102674712548783 ± 0.02569106717901481
esin2: -0.004693172916787567 ± 0.030856298924742568
mu_3: 3.210903778481004e-6 ± 5.04070241134008e-6
P_3: 734.9867230955631 ± 9.654055856923886
t03: 106.15024302864876 ± 110.32272644477531
ecos3: 0.08952992315107312 ± 0.04238675030755414
esin3: -0.004674694250148434 ± 0.12788963961046046
mu_4: 0.000951630803398069 ± 0.0008268648697618938
P_4: 4247.382676951134 ± 452.3856156379442
t04: 547.0180439161293 ± 800.5693373652983
ecos4: 0.014746690062618665 ± 0.09148264575675885
esin4: -0.042944942111057205 ± 0.06903390619377783
tsin: 6.056643221505225e-6 ± 0.0008276391349089432
tcos: -0.001454611008342026 ± 0.001179399272813898
dphi: 2.3067851212569885 ± 0.05931758953506718
Retrieved Earth masses:
[0.8916797859119672, 0.9962327619424706, 1.0689683544401658, 316.8152283978587]
 ± [0.6601642509250335, 0.15175863198586687, 1.6781416490848167, 275.2783764800016]
Retrieved eccentricity:
[0.0022601667569281474, 0.01711576671947639, 0.12661443155846858, 0.02085496908666786]
 ± [0.04829938598083045, 0.036332655636401034, 0.05994391714986503, 0.12937599835098185]
