Global Fit Results.
chi^2: 4.440469543002763
per 4 range=[657.45 - 712.2375, length=100]
mu_1: 2.2570523458670435e-6 ± 7.721038818445269e-7
P_1: 224.7007709855242 ± 9.252606643131419e-6
t01: 3503.7688782374275 ± 0.00023417007682384767
ecos1: -0.0022719493753867726 ± 0.01202676494486408
esin1: -0.002684963605743375 ± 0.014652086504803005
mu_2: 3.0201582446678123e-6 ± 2.073464389266843e-7
P_2: 365.25645834470185 ± 1.7020500227812443e-5
t02: 3624.4074698106315 ± 0.00028726095423386533
ecos2: 0.010962776070886327 ± 0.009172650092629233
esin2: 0.000957764585866941 ± 0.011794772297777083
mu_3: 2.0000296507910438e-7 ± 3.0172099299501154e-7
P_3: 686.4286091620503 ± 5.4885753751328386
t03: 372.33245838031263 ± 100.8213553935955
ecos3: -0.008268638152025418 ± 0.38696741669697765
esin3: -0.21020673274186785 ± 0.29647962301280284
mu_4: 0.0011453254109752287 ± 0.00039038605443216505
P_4: 4349.59230661608 ± 80.68778676599335
t04: 357.1550352346078 ± 245.10736285315278
ecos4: 0.03230843414114158 ± 0.028495110115577982
esin4: -0.032218176561428016 ± 0.02136897394900195
tsin: 0.00012022856823667253 ± 0.0003702497572540649
tcos: -0.0017924586193564611 ± 0.00041730898935410143
dphi: 2.314581839540122 ± 0.015176449234026248
Retrieved Earth masses:
[0.7514138381275953, 1.005465691805548, 0.06658463012706843, 381.2996914058538]
 ± [0.25704744613140107, 0.06902940633223878, 0.10044841441325002, 129.9666283989859]
Retrieved eccentricity:
[0.0032130216196970558, 0.015503706600706674, 0.011693620216949953, 0.045691025741440364]
 ± [0.017008414096500092, 0.01297208616389909, 0.5472545688893466, 0.04029817118676515]
