Global Fit Results.
chi^2: 34.29687027697463
Δϕ range=[2.2 - 2.38, length=100]
mu_1: 2.1861260984604413e-6 ± 3.798986084299323e-7
P_1: 224.7007792367329 ± 4.677222021724143e-6
t01: 3503.7687463423936 ± 0.0001084672425457194
ecos1: 0.0014776549881522789 ± 0.0064639839782158395
esin1: -0.006836310629868746 ± 0.008559524630228799
mu_2: 3.061284008149263e-6 ± 1.1168693236613751e-7
P_2: 365.2564651991397 ± 9.991635299819106e-6
t02: 3624.407447602253 ± 0.00014653483336458456
ecos2: 0.014203106349139237 ± 0.0050399101828355755
esin2: -0.0028774433748575564 ± 0.006880073170796492
mu_3: 0.000954413378039145 ± 0.00015631827545904838
P_3: 4224.305810398207 ± 42.20048142903237
t03: 596.5213263812898 ± 115.39236776576345
ecos3: 0.036380530220328944 ± 0.016864306951598386
esin3: -0.04245856606640991 ± 0.012370797883130736
tcos: 0.00010390834879800526 ± 0.0001947681113588161
tsin: -0.00185490676607928 ± 0.00021013461238323966
dphi: 2.3143844989795346 ± 0.008399554114065299
Retrieved Earth masses:
[0.7278011984449702, 1.0191572075739401, 317.7415981804453]
 ± [0.12647516659610675, 0.0371826141611694, 52.04120123631792]
Retrieved eccentricity:
[0.002089719724753208, 0.020086225626780124, 0.051449839243913435]
 ± [0.009141453808955233, 0.007127509333708336, 0.023849731610973302]
