Global Fit Results.
chi^2: 64.90678073272503
per 4 range=[657.45 - 730.5, length=300]
mu_1: 2.1767787638147125e-6 ± 3.509144781902238e-7
P_1: 224.70076333958775 ± 8.004072841425042e-6
t01: 3503.769738157217 ± 0.00017778401499315212
ecos1: 0.010821431472535706 ± 0.013305030310765584
esin1: 0.012277341715997864 ± 0.012106065110152135
mu_2: 3.062921007996353e-6 ± 1.3602103349125972e-7
P_2: 365.25646588199953 ± 1.0770526878376328e-5
t02: 3624.408585424427 ± 0.00015530502953150593
ecos2: 0.020336352512061392 ± 0.010702533659209814
esin2: 0.012393616460118152 ± 0.009678514642860427
mu_3: 2.815113197976359e-7 ± 1.4423061365433387e-7
P_3: 662.3677928309295 ± 2.631454872389415
t03: 257.8038143872394 ± 50.360446943597644
ecos3: -0.2492679406553588 ± 0.12798191199623307
esin3: 0.08634341059540061 ± 0.13971352464825185
mu_4: 0.0007164417722186499 ± 0.00016630726818439844
P_4: 4152.226076924201 ± 51.195785233332
t04: 549.0431415851635 ± 129.60344311966807
ecos4: 0.011653043357821575 ± 0.03099904338146236
esin4: -0.06958831110792332 ± 0.02111174375540678
tsin: 8.677612388682176e-5 ± 0.00030154226945318976
tcos: -0.0022031189731918626 ± 0.00019392529102924387
dphi: 2.3034393423838235 ± 0.01011915399072986
Retrieved Earth masses:
[0.7246893004797894, 1.019702194640974, 0.09372024608682568, 238.5165159521136]
 ± [0.1168258216936326, 0.04528387967115869, 0.04801699844487592, 55.366718864000816]
Retrieved eccentricity:
[0.01636571106692794, 0.023815309413386533, 0.2637985799654907, 0.07055725662433592]
