Global Fit Results.
chi^2: 13.753882396902231
per 4 range=[657.45 - 730.5, length=100]
mu_1: 2.4598555995371315e-6 ± 4.4635240318302805e-7
P_1: 224.70076630712956 ± 1.1291532540072838e-5
t01: 3503.7689188776785 ± 0.00019752836526083708
ecos1: -0.004244351592769762 ± 0.006681364339631488
esin1: 0.002124316863847787 ± 0.007411658056107378
mu_2: 2.9973167539822293e-6 ± 1.1439092331398144e-7
P_2: 365.2564574960627 ± 1.259068279253745e-5
t02: 3624.4074704898985 ± 0.0001659335365673918
ecos2: 0.009775348705436237 ± 0.005020123756479596
esin2: 0.004868686838935623 ± 0.005858988268623798
mu_3: 2.9943068415828184e-7 ± 1.9821355426593462e-7
P_3: 683.3780314353896 ± 3.4248173705763176
t03: 399.74545188017805 ± 49.37977382940934
ecos3: 0.018900787743371797 ± 0.1775665394083787
esin3: -0.20046405094760728 ± 0.10953752533029289
mu_4: 0.0013083904039524828 ± 0.0002759720706129875
P_4: 4384.434433451185 ± 60.19694233980096
t04: 248.7004254866524 ± 136.53918556814892
ecos4: 0.03333519368654422 ± 0.014163850576165695
esin4: -0.03126675776909279 ± 0.0114000868557945
tsin: 0.00018403881510661125 ± 0.00022901246481390555
tcos: -0.0017341823837907458 ± 0.00027195814906296107
dphi: 2.318475993065887 ± 0.011769966084636155
Retrieved Earth masses:
[0.818930735333834, 0.9978613434987672, 0.09968592888354756, 435.58699779538216]
 ± [0.1485988453246942, 0.038082822000877765, 0.06598890267326213, 91.87612913588146]
Retrieved eccentricity:
[0.006002419585974845, 0.013824430716154204, 0.02672975036621156, 0.047143083015844814]
 ± [0.009448876064262809, 0.007099527101204812, 0.2511170082549858, 0.020030709580239503]
