Global Fit Results.
chi^2: 277.84683090579847
Δϕ range=[2.2 - 2.38, length=100]
mu_1: 2.2897709764565777e-6 ± 1.3243239122370335e-7
P_1: 224.70078310519742 ± 1.7807240316993127e-6
t01: 3503.768693118338 ± 3.799519513203285e-5
ecos1: 0.002454485628793885 ± 0.0024968231790185257
esin1: -0.003289224746124577 ± 0.0032325607410203638
mu_2: 3.025388800767294e-6 ± 3.8954017101878934e-8
P_2: 365.25646484129555 ± 3.782734431622506e-6
t02: 3624.4074385345975 ± 5.065987608066438e-5
ecos2: 0.014594825948305712 ± 0.001926808882730123
esin2: 0.00026667741433121907 ± 0.0025883692015921974
mu_3: 0.0008917708389949386 ± 5.285066236911043e-5
P_3: 4210.476591267083 ± 16.18783356713837
t03: 567.9141705426397 ± 43.06528163934865
ecos3: 0.03287009746264795 ± 0.0066566687541530405
esin3: -0.05119102914854939 ± 0.004876466899718359
tcos: 0.00013788177691050936 ± 6.675208085544166e-5
tsin: -0.0017741175502091627 ± 7.79608476706397e-5
dphi: 2.3153111713006354 ± 0.0031680783584835674
Retrieved Earth masses:
[0.7623064662204171, 1.0072070392055985, 296.88675589933604]
 ± [0.04408915529320211, 0.012968501840291425, 17.59494817702305]
Retrieved eccentricity:
[0.003471166864890167, 0.020640200796568708, 0.046485337628202186]
 ± [0.003531041202615505, 0.0027249192540578903, 0.009413951232348445]
