Global Fit Results.
chi^2: 123.78494177016886
per 4 range=[657.45 - 730.5, length=100]
mu_1: 2.4598742978709576e-6 ± 1.4878897822725587e-7
P_1: 224.70076630678358 ± 3.7637879708447494e-6
t01: 3503.768918881988 ± 6.58419655787085e-5
ecos1: -0.004244553105839794 ± 0.0022269971263490836
esin1: 0.002124576042762023 ± 0.0024704099513121946
mu_2: 2.9973154215690384e-6 ± 3.812989770889898e-8
P_2: 365.25645749593593 ± 4.196834457434809e-6
t02: 3624.4074704927234 ± 5.5310975394032156e-5
ecos2: 0.009775199387395924 ± 0.0016733039822787229
esin2: 0.004868897176317002 ± 0.0019528787977408537
mu_3: 2.994342449172407e-7 ± 6.607362721121218e-8
P_3: 683.3779984932992 ± 1.1415830587489615
t03: 399.7454870566184 ± 16.46021533558022
ecos3: 0.01889951269833445 ± 0.05918680305612544
esin3: -0.20046600868042141 ± 0.03651351226324519
mu_4: 0.001308401142508378 ± 9.198717611280138e-5
P_4: 4384.43948206407 ± 20.064709576985305
t04: 248.68603793917106 ± 45.50909398485253
ecos4: 0.03333540417590345 ± 0.004721119241129368
esin4: -0.031266951743578186 ± 0.0038000823195637346
tsin: 0.00018404008904504413 ± 7.633644031848256e-5
tcos: -0.001734173536953471 ± 9.065502040923175e-5
dphi: 2.318475990052081 ± 0.003923257732817656
Retrieved Earth masses:
[0.8189369603497547, 0.9978608999141461, 0.09968711432506418, 435.5905728562423]
 ± [0.04953456104177191, 0.01269413748304097, 0.021997114029146014, 30.62420647354841]
Retrieved eccentricity:
[0.006002704568491481, 0.013824219548556487, 0.02672794718022711, 0.04714338069275137]
 ± [0.0031494495394487833, 0.002366409185711479, 0.08370277959547795, 0.006676670860385727]
