Global Fit Results.
chi^2: 1.006315251511355
per 4 range=[657.45 - 803.5500000000001, length=100]
mu_1: 1.794332134580883e-6 ± 8.915705755714659e-7
P_1: 224.70077874868483 ± 2.4808755047098873e-5
t01: 3503.7688365776153 ± 0.0004290637543358379
ecos1: -0.004564289053045779 ± 0.009265806202995414
esin1: -0.012869570756162869 ± 0.008685366056776838
mu_2: 2.9384014243402737e-6 ± 3.2016144926491516e-7
P_2: 365.2561854989627 ± 0.00014608004256650057
t02: 3624.410466741949 ± 0.0015967314074235308
ecos2: 0.008356370152579567 ± 0.009207022853022623
esin2: -0.005850159267274337 ± 0.00749198860018897
mu_3: 1.2043441484568823e-6 ± 2.6302862934803018e-6
P_3: 800.3342452424617 ± 4.7465155212517525
t03: 601.4773775283408 ± 87.94930098636156
ecos3: 0.48812507051152965 ± 0.9195544421993458
esin3: 0.012644640212064772 ± 0.5896654640664788
mu_4: 0.008024797326929213 ± 0.004633108402614987
P_4: 7110.23503853352 ± 517.3077282642953
t04: -2737.0350711263995 ± 691.391851471091
ecos4: 0.0593619385767076 ± 0.010751125457678208
esin4: 0.0035509842794259183 ± 0.009607510664400104
tsin: 0.0006232898754781421 ± 0.0007160631499861314
tcos: -0.002530521673560736 ± 0.0006518349965634684
dphi: 2.3093370100980026 ± 0.022417333292527108
Retrieved Earth masses:
[0.5973658513458889, 0.9782473571187534, 0.4009481041392759, 2671.6012017468533]
 ± [0.29682008455786546, 0.1065875781982483, 0.8756702177410937, 1542.4461792589802]
Retrieved eccentricity:
[0.006454879481408392, 0.011817692001987753, 0.6903130948517285, 0.08395045862393852]
 ± [0.013103828798596865, 0.013020696587823621, 1.300446363498741, 0.015204387433023171]
