Global Fit Results.
chi^2: 248.2333189984429
Δϕ range=[2.1 - 2.52, length=200]
mu_1: 2.4752720027678935e-6 ± 1.4262364356297412e-7
P_1: 224.7007819757698 ± 2.8276280687792263e-6
t01: 3503.769478052547 ± 4.566330105482784e-5
ecos1: -0.07480930799673022 ± 0.005221740662297945
esin1: -0.026939969374598027 ± 0.004653380880123482
mu_2: 2.584501229660105e-6 ± 4.204229795849354e-8
P_2: 365.2564059783383 ± 7.151942654129753e-6
t02: 3624.409064383893 ± 7.223368323624449e-5
ecos2: -0.047749696930779406 ± 0.00399806546188641
esin2: -0.019278411850076383 ± 0.003648715251011507
mu_3: 0.0009219362320620921 ± 8.964453044941533e-5
P_3: 4569.480550488549 ± 43.89586843927003
t03: 1152.8853871072515 ± 64.80504667931706
ecos3: 0.026290328523059764 ± 0.010194431744092073
esin3: 0.08154061098233999 ± 0.008486653809267703
tcos: -5.2328137658837296e-5 ± 8.298494866246861e-5
tsin: -0.0011877149917271313 ± 0.00010732756247000099
dphi: 2.3066961692845 ± 0.007449523826019247
Retrieved Earth masses:
[0.8240631367790028, 0.8604275360208189, 306.9293647137585]
 ± [0.0474820088305163, 0.013996646790466836, 29.84429706093722]
Retrieved eccentricity:
[0.10579633796072191, 0.06752826899871318, 0.03718013915655534]
