Global Fit Results.
chi^2: 88.86318273410957
per 4 range=[657.45 - 803.5500000000001, length=300]
mu_1: 1.6072769419817622e-6 ± 1.0707553738523822e-7
P_1: 224.70082965282884 ± 7.231763132606853e-6
t01: 3503.7670322599465 ± 0.0003166692189645051
ecos1: -0.05982658939872388 ± 0.005780272895338969
esin1: -0.016971002477369875 ± 0.004060508570940498
mu_2: 2.627852654524859e-6 ± 4.3804158005987633e-8
P_2: 365.2563507984151 ± 1.031637001968033e-5
t02: 3624.4096482095706 ± 0.00010266173102539164
ecos2: -0.03757485731878495 ± 0.004403290594181712
esin2: -0.01083036285226322 ± 0.003146397819615099
mu_3: 6.702694309991544e-7 ± 5.169144598923192e-8
P_3: 670.1892058309567 ± 0.377238294063262
t03: 546.992167233009 ± 6.848895999858924
ecos3: -0.318992447307042 ± 0.02277674316497728
esin3: 0.01798523873375695 ± 0.024341865421368153
mu_4: 0.0012043940661656278 ± 0.0001636547890996999
P_4: 5230.325878869244 ± 75.75288576555651
t04: 492.6255079384462 ± 102.52068561255832
ecos4: 0.039940112739408895 ± 0.009176204616145609
esin4: 0.09680268931621057 ± 0.014779957165771409
tsin: 0.0007298739690317248 ± 9.812062687566842e-5
tcos: -0.001365625878543983 ± 0.00010069529595100543
dphi: 2.306385233556329 ± 0.005005885447326944
Retrieved Earth masses:
[0.5350917705209678, 0.8748600150041147, 0.22314490253135782, 400.9647226537679]
 ± [0.035647396775509356, 0.014583202092542753, 0.01720902392904542, 54.483660261821676]
Retrieved eccentricity:
[0.06218710255487383, 0.03910456062965968, 0.31949906142467177, 0.10471854307851823]
