Global Fit Results.
chi^2: 0.8596176498063894
per 4 range=[657.45 - 730.5, length=100]
mu_1: 2.4598555995371315e-6 ± 1.7854096127321122e-6
P_1: 224.70076630712956 ± 4.516613016029135e-5
t01: 3503.7689188776785 ± 0.0007901134610433483
ecos1: -0.004244351592769762 ± 0.026725457358525953
esin1: 0.002124316863847787 ± 0.029646632224429512
mu_2: 2.9973167539822293e-6 ± 4.5756369325592574e-7
P_2: 365.2564574960627 ± 5.03627311701498e-5
t02: 3624.4074704898985 ± 0.0006637341462695672
ecos2: 0.009775348705436237 ± 0.020080495025918382
esin2: 0.004868686838935623 ± 0.023435953074495194
mu_3: 2.9943068415828184e-7 ± 7.928542170637385e-7
P_3: 683.3780314353896 ± 13.69926948230527
t03: 399.74545188017805 ± 197.51909531763735
ecos3: 0.018900787743371797 ± 0.7102661576335147
esin3: -0.20046405094760728 ± 0.43815010132117155
mu_4: 0.0013083904039524828 ± 0.00110388828245195
P_4: 4384.434433451185 ± 240.78776935920385
t04: 248.7004254866524 ± 546.1567422725957
ecos4: 0.03333519368654422 ± 0.05665540230466278
esin4: -0.03126675776909279 ± 0.045600347423178
tsin: 0.00018403881510661125 ± 0.0009160498592556222
tcos: -0.0017341823837907458 ± 0.0010878325962518443
dphi: 2.318475993065887 ± 0.04707986433854462
Retrieved Earth masses:
[0.818930735333834, 0.9978613434987672, 0.09968592888354756, 435.58699779538216]
 ± [0.5943953812987768, 0.15233128800351106, 0.2639556106930485, 367.5045165435258]
Retrieved eccentricity:
[0.006002419585974845, 0.013824430716154204, 0.02672975036621156, 0.047143083015844814]
 ± [0.037795504257051235, 0.02839810840481925, 1.0044680330199431, 0.08012283832095801]
