Global Fit Results.
chi^2: 7.946597776378962
Δϕ range=[2.2 - 2.38, length=100]
mu_1: 2.214937564320629e-6 ± 7.887740729810025e-7
P_1: 224.70077951328258 ± 1.5717483675207825e-5
t01: 3503.768785591742 ± 0.0002696793296419382
ecos1: -0.08427121854025989 ± 0.04063845982261605
esin1: -0.028208080555457912 ± 0.030763308426821373
mu_2: 2.542560691171253e-6 ± 2.676596563652653e-7
P_2: 365.2564228236647 ± 4.008342330028694e-5
t02: 3624.407778198362 ± 0.0004148848174283253
ecos2: -0.055921485062946655 ± 0.0319225043113135
esin2: -0.02037120518349498 ± 0.024176194528423137
mu_3: 0.0007568768327873156 ± 0.0004938111614475742
P_3: 4470.360817580137 ± 224.91817030560787
t03: 1293.715884070199 ± 347.88469641935416
ecos3: 0.011713780415724743 ± 0.0772183573633442
esin3: 0.09587865559499104 ± 0.06747917980158005
tcos: -0.00013244797319634244 ± 0.0004796331561788893
tsin: -0.0013038438551467983 ± 0.0005530020793146366
dphi: 2.30019389755825 ± 0.03501912956128856
Retrieved Earth masses:
[0.7373930602304217, 0.8464647668113434, 251.978084139692]
 ± [0.2625972564081175, 0.08910877502226297, 164.39873041182238]
Retrieved eccentricity:
[0.11917750017734255, 0.0790849226040636, 0.016565787130578283]
 ± [0.057471461035097746, 0.04514523854197315, 0.10920324824741372]
