Global Fit Results.
chi^2: 1.575335164046037
per 4 range=[657.45 - 730.5, length=100]
mu_1: 2.3673348678856027e-6 ± 1.2018512487790501e-6
P_1: 224.70077137519064 ± 3.484851850081321e-5
t01: 3503.7688615983175 ± 0.0005558468577259459
ecos1: -0.00039031892481883573 ± 0.0220638964743327
esin1: 0.001490639830741737 ± 0.024178401855975144
mu_2: 3.0610400205202717e-6 ± 3.3650678555878957e-7
P_2: 365.25645896772994 ± 3.74824660547115e-5
t02: 3624.40745584199 ± 0.0004571558835997331
ecos2: 0.012292068048279313 ± 0.016461616758674625
esin2: 0.004045659997144315 ± 0.019247219144037105
mu_3: 3.0311078285177395e-7 ± 5.348199066891222e-7
P_3: 683.3850300519069 ± 12.860363898122506
t03: 404.53108466939136 ± 136.64122434966552
ecos3: 0.013283217149353614 ± 0.4461862854970598
esin3: -0.18152081288425587 ± 0.27831733380155826
mu_4: 0.0011705399737851146 ± 0.0007531459854537648
P_4: 4364.0101355764 ± 185.759122153446
t04: 296.9892335441378 ± 392.7563048974096
ecos4: 0.0241038000964417 ± 0.0485291333277559
esin4: -0.033870387716730455 ± 0.037212672485309586
tsin: 0.00022164468773425643 ± 0.000625357478716101
tcos: -0.001790992322024713 ± 0.0007178881858415132
dphi: 2.3213169034510646 ± 0.03201065142780556
Retrieved Earth masses:
[0.7881288985027338, 1.0190759796480162, 0.10091110077157614, 389.6940786483027]
 ± [0.4001181724283801, 0.11202923838063468, 0.17805128867666448, 250.73601710500182]
Retrieved eccentricity:
[0.0005519943171296819, 0.017383609343489585, 0.018785305844562762, 0.034087921001117766]
 ± [0.03120306163279722, 0.023280241678705883, 0.6310026962948158, 0.06863055852232457]
