Global Fit Results.
chi^2: 4.822997378131295
Δϕ range=[2.2 - 2.38, length=100]
mu_1: 2.186167136842513e-6 ± 1.0130716429627829e-6
P_1: 224.7007792367979 ± 1.2472601162214988e-5
t01: 3503.7687463408374 ± 0.0002892459782917148
ecos1: 0.001477888825641757 ± 0.017237507974624523
esin1: -0.006835069838479267 ± 0.022825886935218885
mu_2: 3.06128538297129e-6 ± 2.978330881363611e-7
P_2: 365.25646519860743 ± 2.6644625671683724e-5
t02: 3624.4074476107844 ± 0.0003907630809826755
ecos2: 0.014203319848401126 ± 0.013439919634403703
esin2: -0.002876459324901069 ± 0.018347157731797098
mu_3: 0.0009544136159496981 ± 0.0004168476567984416
P_3: 4224.311567134591 ± 112.53067769490958
t03: 596.4975794816598 ± 307.70974334897323
ecos3: 0.03638114687925676 ± 0.04497141739177517
esin3: -0.042459691769948515 ± 0.03298890951914593
tcos: 0.00010389927563242357 ± 0.0005193804779603245
tsin: -0.0018548890953282622 ± 0.0005603559666935315
dphi: 2.314383751933343 ± 0.022399303634768022
Retrieved Earth masses:
[0.7278148608698756, 1.0191576652772352, 317.74167738520197]
 ± [0.3372700030332995, 0.09915406006765277, 138.77617782457173]
Retrieved eccentricity:
[0.002090050420902219, 0.020086527560331843, 0.05145071133133251]
 ± [0.02437751755922838, 0.019006916624178166, 0.06359918839458972]
