Global Fit Results.
chi^2: 4.448370533666307
per 4 range=[657.45 - 712.2375, length=100]
mu_1: 2.2612113370866193e-6 ± 7.701009370916343e-7
P_1: 224.70077116554344 ± 8.791828647430166e-6
t01: 3503.7688755167 ± 0.0002312271988539015
ecos1: -0.002285388687173895 ± 0.011685266196828512
esin1: -0.0025615901877651735 ± 0.014189762899976525
mu_2: 3.0167883030425766e-6 ± 2.0354009122540946e-7
P_2: 365.25645819603926 ± 1.6828970183067356e-5
t02: 3624.4074710810073 ± 0.0002867996646299407
ecos2: 0.010952269761637847 ± 0.008821950624228692
esin2: 0.001048655048881739 ± 0.011494002508817094
mu_3: 2.0055775773746604e-7 ± 2.920985533958663e-7
P_3: 686.446097637533 ± 5.302765289344489
t03: 372.4385003405606 ± 96.72191376056213
ecos3: -0.00756492218050526 ± 0.3838796970521808
esin3: -0.20793047379673352 ± 0.2832185148465515
mu_4: 0.001146738832473497 ± 0.0003713739110053753
P_4: 4349.160002493804 ± 79.61086623640442
t04: 356.52397552802785 ± 241.3498298974951
ecos4: 0.03258939303477366 ± 0.028032529146130893
esin4: -0.03234492522528122 ± 0.02121109015396049
tsin: 0.00012290461942381306 ± 0.0003607651600796838
tcos: -0.0017907569885874273 ± 0.00041709308919420405
dphi: 2.3146938823142285 ± 0.014101597421707449
Retrieved Earth masses:
[0.7527984420605802, 1.0043437768550503, 0.06676933070858038, 381.7702451680874]
 ± [0.25638062933954225, 0.06776220384989477, 0.09724492899804266, 123.63713954618375]
Retrieved eccentricity:
[0.003232027676695365, 0.015488848435676989, 0.010698415545967586, 0.04608836161928419]
 ± [0.016525461935494756, 0.012476122219370007, 0.5428878738908691, 0.03964398290607739]
