Global Fit Results.
chi^2: 3.4302077896139926
Δϕ range=[2.2 - 2.38, length=100]
mu_1: 2.2897766854737414e-6 ± 1.1918860852909764e-6
P_1: 224.70078310524605 ± 1.6026592112443195e-5
t01: 3503.768693117276 ± 0.000341957412571941
ecos1: 0.002454436662151531 ± 0.022471314515585036
esin1: -0.0032887059518783126 ± 0.029092930323886407
mu_2: 3.0253883496597737e-6 ± 3.5058481682316357e-7
P_2: 365.2564648412675 ± 3.404454182321018e-5
t02: 3624.4074385345866 ± 0.00045593857105944525
ecos2: 0.014594782378640276 ± 0.017341191349180836
esin2: 0.00026708216812141135 ± 0.023295263263584873
mu_3: 0.0008917725493417281 ± 0.0004756558556437006
P_3: 4210.475937574615 ± 145.68938353908948
t03: 567.913859617838 ± 387.5819119488301
ecos3: 0.03287053530782829 ± 0.05990921991172213
esin3: -0.051190899920370334 ± 0.0438892317158169
tcos: 0.0001378815045834211 ± 0.0006007668679035482
tsin: -0.0017741148799270009 ± 0.0007016444972888836
dphi: 2.315311028401711 ± 0.028512466003330964
Retrieved Earth masses:
[0.7623083668562207, 1.007206889023688, 296.88732530493616]
 ± [0.3968005879878358, 0.11671607141975937, 158.3544984109787]
Retrieved eccentricity:
[0.0034710976156004454, 0.020640139179756937, 0.046485956834794444]
 ± [0.03177923775229175, 0.024524147993718527, 0.08472443131034971]
