Global Fit Results.
chi^2: 3.531821235162607
Δϕ range=[2.2 - 2.38, length=100]
mu_1: 2.2149030121616767e-6 ± 1.1831834983865067e-6
P_1: 224.7007795136045 ± 2.3576683371064823e-5
t01: 3503.7687855860704 ± 0.0004045222706628871
ecos1: -0.08427377896430885 ± 0.06096259191189579
esin1: -0.028207493377685192 ± 0.04614599179514641
mu_2: 2.542549945503226e-6 ± 4.015016134318173e-7
P_2: 365.2564228245848 ± 6.012598502982072e-5
t02: 3624.407778190127 ± 0.000622332158393313
ecos2: -0.05592354515934544 ± 0.04788771056587178
esin2: -0.02037068175375956 ± 0.03626512256433724
mu_3: 0.0007568522674218403 ± 0.0007407213314999793
P_3: 4470.353742757053 ± 337.3777568604795
t03: 1293.7400943667878 ± 521.8370913685178
ecos3: 0.011711776377339132 ± 0.11583273535090688
esin3: 0.09588308656485449 ± 0.10122785971518573
tcos: -0.00013243837749397745 ± 0.0007194567833069418
tsin: -0.0013038584496264639 ± 0.0008295104137990782
dphi: 2.300194652993337 ± 0.052528390607422794
Retrieved Earth masses:
[0.7373815571873392, 0.8464611893827251, 251.9699058820673]
 ± [0.39390333828979457, 0.13366720045977873, 246.59962348882505]
Retrieved eccentricity:
[0.11918112116375802, 0.07908783602033057, 0.016562952992313838]
 ± [0.08621412427921937, 0.06772344975325324, 0.16381222530002595]
