Global Fit Results.
chi^2: 37.35946031358546
per 4 range=[657.45 - 1314.9, length=300]
mu_1: 2.179807948310331e-6 ± 1.7081842292284206e-7
P_1: 224.70076874064563 ± 3.312946840138102e-6
t01: 3503.769711106478 ± 5.126965474360096e-5
ecos1: -0.04219818392753447 ± 0.0052007390088292995
esin1: -0.015928237918920778 ± 0.002775622475874414
mu_2: 2.7001533395247727e-6 ± 4.890977836302816e-8
P_2: 365.256314306209 ± 1.36901718000476e-5
t02: 3624.409946765268 ± 0.00012984766008247112
ecos2: -0.02293434600365865 ± 0.0043308257385554555
esin2: -0.009186027655048917 ± 0.002053567549776376
mu_3: 1.294937323951562e-5 ± 1.5760044374240373e-6
P_3: 1324.37267414714 ± 7.305985310354961
t03: 87.35861932468742 ± 41.15887365817569
ecos3: 0.1785134690874888 ± 0.02786778763413284
esin3: -0.0629767461651723 ± 0.02671519930379798
mu_4: 0.001763107702668184 ± 0.00016989132614463596
P_4: 5353.129937666375 ± 106.61373882733655
t04: 254.05704083428017 ± 151.99182342919227
ecos4: 0.06296316436917021 ± 0.005123541276092077
esin4: 0.06787692042612786 ± 0.006518582106824964
tsin: -7.351279221755561e-6 ± 8.505710657883202e-5
tcos: -0.0015446122287007538 ± 0.00011241735787603995
dphi: 2.3104530821589013 ± 0.005937320956891656
Retrieved Earth masses:
[0.7256977711749495, 0.8989302299969218, 4.311082224153426, 586.9706692094012]
 ± [0.056868564447072244, 0.016282956108231054, 0.5246805841253082, 56.559917042547845]
Retrieved eccentricity:
[0.045104273522403336, 0.02470561334383053, 0.18929640567956477, 0.09258313234015167]
