Global Fit Results.
chi^2: 122.3244475443433
per 4 range=[657.45 - 803.5500000000001, length=300]
mu_1: 2.367564104239859e-6 ± 1.6564331594891375e-7
P_1: 224.70079575187256 ± 5.899308753953604e-6
t01: 3503.7690542990476 ± 0.00016612730040529964
ecos1: -0.009897884172735344 ± 0.0021587838893908154
esin1: 0.0032512889543305505 ± 0.0021903384049478517
mu_2: 3.096699716762779e-6 ± 4.0747240218178665e-8
P_2: 365.2564759900994 ± 7.704166782282047e-6
t02: 3624.4084565677176 ± 8.170068565896268e-5
ecos2: 0.004799633890682632 ± 0.0016543396952288095
esin2: 0.005498533446553882 ± 0.001748287655338168
mu_3: 5.408716313115804e-7 ± 7.985568655924784e-8
P_3: 680.6927449769938 ± 2.0066562299781676
t03: 438.7619232879529 ± 19.56502765376707
ecos3: 0.013220000833300632 ± 0.024035420540287882
esin3: 0.06001538787381882 ± 0.016413040706927128
mu_4: 0.0012735533309031653 ± 9.016606895933444e-5
P_4: 4257.366843282889 ± 29.219068631188232
t04: 471.09469407078154 ± 62.07899742350227
ecos4: 0.02756004088671288 ± 0.005437371455008003
esin4: -0.03854633187475391 ± 0.005090409518360916
tsin: -3.43026582748636e-5 ± 8.854189603214485e-5
tcos: -0.0015070910775442888 ± 9.144707762942243e-5
dphi: 2.3023167002508753 ± 0.006557410353361051
Retrieved Earth masses:
[0.788205215460604, 1.0309477420681976, 0.18006601803559114, 423.9891016202878]
 ± [0.055145677070923896, 0.013565498479250761, 0.02658541262619584, 30.01792673070862]
Retrieved eccentricity:
[0.010418204785923374, 0.007298654365529376, 0.06145417157262303, 0.04738539389596709]
