Global Fit Results.
chi^2: 1.9206805155475408
per 4 range=[657.45 - 803.5500000000001, length=100]
mu_1: 2.6783667087069697e-6 ± 1.1897947892583244e-6
P_1: 224.7007911058746 ± 1.5807709656172144e-5
t01: 3503.768612969377 ± 0.00026468428204248746
ecos1: -0.0015982501696824548 ± 0.020490780074497044
esin1: -0.007995768627266241 ± 0.022914177967383424
mu_2: 2.9924239519477275e-6 ± 2.735012896715288e-7
P_2: 365.264011699784 ± 0.016672782479802674
t02: 3624.3514896382367 ± 0.12482520102147086
ecos2: 0.012102584942913028 ± 0.015413928022781478
esin2: -0.004693027460668191 ± 0.018514015056537707
mu_3: 3.2109013988686105e-6 ± 3.024565189436917e-6
P_3: 734.9867230955631 ± 5.792644298433649
t03: 106.1506628146209 ± 66.19660261536191
ecos3: 0.08952973098494836 ± 0.02543105887517207
esin3: -0.004674702712790997 ± 0.07673398007288186
mu_4: 0.0009516287247159103 ± 0.0004961162115385231
P_4: 4247.3734685534255 ± 271.4042490551262
t04: 547.0319285933057 ± 480.29117738296344
ecos4: 0.014747142052079162 ± 0.05488821838443995
esin4: -0.04294485752846006 ± 0.04142088972796777
tsin: 6.063528941820727e-6 ± 0.0004965783460245873
tcos: -0.001454614970709518 ± 0.000707643575801432
dphi: 2.3067854415893487 ± 0.035590842340279184
Retrieved Earth masses:
[0.8916770637543883, 0.9962324405791358, 1.0689675622238552, 316.8145363667049]
 ± [0.3961043574456272, 0.09105356115521694, 1.0069328439916427, 165.16612357356624]
Retrieved eccentricity:
[0.002260267066030028, 0.017115639766040015, 0.1266141597945287, 0.020855608296292946]
 ± [0.0289783390849581, 0.021798586059260272, 0.03596494836677701, 0.07762366285377123]
