Global Fit Results.
chi^2: 159.85690336104122
per 4 range=[657.45 - 712.2375, length=100]
mu_1: 2.257049984457348e-6 ± 1.2868556287594937e-7
P_1: 224.70077098551536 ± 1.542071281245101e-6
t01: 3503.7688782403543 ± 3.902800393132776e-5
ecos1: -0.0022719468313482233 ± 0.0020044656543148193
esin1: -0.0026847733166347055 ± 0.0024421322513635915
mu_2: 3.0201579731688745e-6 ± 3.4557864219691515e-8
P_2: 365.2564583445204 ± 2.8367365769030286e-6
t02: 3624.407469814967 ± 4.787655587544248e-5
ecos2: 0.010962754278186142 ± 0.0015287749419980018
esin2: 0.0009579133725683651 ± 0.0019658879219792763
mu_3: 2.0000699718358398e-7 ± 5.0285151923820847e-8
P_3: 686.4287864909485 ± 0.9147260386508778
t03: 372.3338120570013 ± 16.80309133204826
ecos3: -0.00828827089875497 ± 0.06448782024234909
esin3: -0.21020466236242838 ± 0.049413420244966755
mu_4: 0.0011453226864053727 ± 6.506304407497853e-5
P_4: 4349.593070060772 ± 13.448926189425862
t04: 357.15141443207904 ± 40.85555634530406
ecos4: 0.032308745679664685 ± 0.0047491755727132835
esin4: -0.03221820370362511 ± 0.003561598952094533
tsin: 0.00012023042913058653 ± 6.170753959258711e-5
tcos: -0.0017924586818121619 ± 6.955157729307571e-5
dphi: 2.314581841028137 ± 0.002529433816521994
Retrieved Earth masses:
[0.7514130519712946, 1.005465601418606, 0.06658597248809445, 381.2987843469207]
 ± [0.0428417678877897, 0.011504942469925486, 0.016740843019036146, 21.66067249533097]
Retrieved eccentricity:
[0.0032130180218832363, 0.015503675781174512, 0.01172138511364152, 0.04569146632344494]
 ± [0.0028347425136430776, 0.002162014256789716, 0.09119954999460829, 0.0067163485050221365]
