Global Fit Results.
chi^2: 2.7214565524060816
Δϕ range=[2.25 - 2.37, length=100]
mu_1: 2.4363618324545667e-6 ± 1.4434435125345556e-6
P_1: 224.7007768578406 ± 1.6720238901514483e-5
t01: 3503.768782396363 ± 0.00041712361272520096
ecos1: 0.004648351464489666 ± 0.028969012469050804
esin1: -0.003791230322098234 ± 0.03759888824790332
mu_2: 3.077226049586491e-6 ± 4.4178933218392786e-7
P_2: 365.2564511072758 ± 3.421456669636736e-5
t02: 3624.4075931279735 ± 0.0005473829431843439
ecos2: 0.016921314487608023 ± 0.022563372075450852
esin2: -0.0006680269842956713 ± 0.030175649426670507
mu_3: 0.0009140315119609486 ± 0.0006251157288750483
P_3: 4258.687377856229 ± 159.76476681913056
t03: 550.1085645349674 ± 470.6658662846094
ecos3: 0.031200709981631547 ± 0.07074971176546423
esin3: -0.0350813865208046 ± 0.049599500570414345
tcos: 8.288204941815972e-5 ± 0.0007340978865142013
tsin: -0.0017063004946596336 ± 0.0007771104538323538
dphi: 2.3128074055272374 ± 0.032710811145233436
Retrieved Earth masses:
[0.8111092323332892, 1.0244646035525364, 304.2977394076813]
 ± [0.4805486376335289, 0.14707971587279597, 208.11241261995931]
Retrieved eccentricity:
[0.006573761683758124, 0.023930352441555607, 0.044124467211692935]
 ± [0.04096837032228695, 0.031909426801972965, 0.10005520191270684]
