Global Fit Results.
chi^2: 38.39650468284281
Δϕ range=[2.2 - 2.38, length=100]
mu_1: 2.160550054987164e-6 ± 4.228051495963136e-7
P_1: 224.7007874823998 ± 7.156230818819733e-6
t01: 3503.7687044165214 ± 0.0001307414754233367
ecos1: -0.08157862869919032 ± 0.019675753905776527
esin1: -0.017286447954948696 ± 0.01213202509420567
mu_2: 2.609963403584468e-6 ± 1.297247682188608e-7
P_2: 365.2564280251587 ± 1.7281667923271717e-5
t02: 3624.4077312030877 ± 0.0001916726777798459
ecos2: -0.05450891184912611 ± 0.015536081518100476
esin2: -0.011267411674963696 ± 0.009676959047841261
mu_3: 0.0007829841383434009 ± 0.0002569861085464012
P_3: 4446.313938261637 ± 106.87336524118858
t03: 1387.0884999942687 ± 158.77852688892142
ecos3: 0.02832019624162578 ± 0.03305186825695165
esin3: 0.09914168033601138 ± 0.03510627499497443
tcos: -7.598578065987596e-6 ± 0.00022672352480360258
tsin: -0.0013562135272767826 ± 0.00027907845611615655
dphi: 2.307073781376193 ± 0.01580510603516034
Retrieved Earth masses:
[0.7192864677053111, 0.8689043575135115, 260.6696817036518]
 ± [0.14075953569266178, 0.043187738275561015, 85.55535653478428]
Retrieved eccentricity:
[0.11536960310619394, 0.07708724240723365, 0.040050805613974734]
 ± [0.027825718023464563, 0.021971337189031676, 0.046742400350749815]
