Global Fit Results.
chi^2: 3.3962472968604245
Δϕ range=[2.2 - 2.38, length=100]
mu_1: 2.3609169951884645e-6 ± 9.982730933144292e-7
P_1: 224.70078893616625 ± 1.549086773618177e-5
t01: 3503.7686251249925 ± 0.000311578347506114
ecos1: 0.012392365635507087 ± 0.03064529904721553
esin1: -0.0027565759949162915 ± 0.03553772887835096
mu_2: 3.146680526909864e-6 ± 3.6688443184741347e-7
P_2: 365.25645931377943 ± 3.327794468631689e-5
t02: 3624.407481410897 ± 0.0004208498726489615
ecos2: 0.021417291594484016 ± 0.023600897872799922
esin2: 0.00010075918624967594 ± 0.028292827586085357
mu_3: 0.0006954993456568166 ± 0.00045525040393023614
P_3: 4198.93747697188 ± 131.7154848346394
t03: 567.2128717284982 ± 386.093726161127
ecos3: 0.006971786263096696 ± 0.08915579095797029
esin3: -0.065079544130884 ± 0.059885131931074594
tcos: 9.564682246575532e-5 ± 0.0005534903503333159
tsin: -0.001794365039796268 ± 0.0005719432785115851
dphi: 2.3120619147383294 ± 0.02744275350121011
Retrieved Earth masses:
[0.7859922717803622, 1.0475872641661754, 231.54440068356524]
 ± [0.332343296299912, 0.12214251015867522, 151.56115185044445]
Retrieved eccentricity:
[0.017525451551620403, 0.030288624242218586, 0.009859594687237787]
 ± [0.04333899753555149, 0.03337670985589598, 0.12608532873686215]
