Global Fit Results.
chi^2: 2.855938367054104
Δϕ range=[2.2 - 2.38, length=100]
mu_1: 2.160561842780694e-6 ± 1.5502717709494215e-6
P_1: 224.70078748205728 ± 2.6239413943774525e-5
t01: 3503.7687044221643 ± 0.00047938368780737524
ecos1: -0.08157792318324524 ± 0.07214256417814413
esin1: -0.01728651023282251 ± 0.04448324221887636
mu_2: 2.6099673434932627e-6 ± 4.7565231669617033e-7
P_2: 365.2564280240716 ± 6.336621462469854e-5
t02: 3624.407731213907 ± 0.0007027995741842927
ecos2: -0.05450834167917782 ± 0.05696403994886186
esin2: -0.01126750185341447 ± 0.035481513599289284
mu_3: 0.0007829950656929384 ± 0.0009422864086044959
P_3: 4446.324356498319 ± 391.8731728180899
t03: 1387.07260987956 ± 582.1820360458944
ecos3: 0.02832106077059717 ± 0.12118864278402007
esin3: 0.09914042866695934 ± 0.1287191015778859
tcos: -7.601799005259303e-6 ± 0.0008313133899859654
tsin: -0.0013562072407150513 ± 0.0010232807076146998
dphi: 2.3070735793105 ± 0.057951990524865014
Retrieved Earth masses:
[0.7192903920764919, 0.8689056691809145, 260.6733196173544]
 ± [0.5161137107356171, 0.15835332023088397, 313.7043091630099]
Retrieved eccentricity:
[0.11536860535597594, 0.07708643606515991, 0.04005202824257114]
 ± [0.10202499268510284, 0.08055931786324323, 0.1713866222307495]
