Global Fit Results.
chi^2: 2.787188054101862
Δϕ range=[2.25 - 2.37, length=100]
mu_1: 2.408654076162038e-6 ± 1.4050548760367565e-6
P_1: 224.7007763564841 ± 1.5574771856126486e-5
t01: 3503.7687876292657 ± 0.0004076587630805501
ecos1: 0.0034925165728049382 ± 0.028658616148310594
esin1: -0.003320751720040699 ± 0.03736204653736902
mu_2: 3.063260909459101e-6 ± 4.321978342680669e-7
P_2: 365.2564490103399 ± 3.2888595872622106e-5
t02: 3624.4076063568878 ± 0.0005434899070096759
ecos2: 0.016089177018880206 ± 0.022355067161970447
esin2: -0.0002217856542879289 ± 0.029897388479752197
mu_3: 0.0008926260027567022 ± 0.000609122713171266
P_3: 4244.282891023882 ± 157.0651689988425
t03: 572.58981090202 ± 474.69210228125905
ecos3: 0.028130338556127125 ± 0.07294745918693314
esin3: -0.0352185390616808 ± 0.05049230016517604
tcos: 7.261479933687804e-5 ± 0.0007331025209486449
tsin: -0.001736874517207313 ± 0.0007561584299575491
dphi: 2.3119376544767074 ± 0.03198262845851093
Retrieved Earth masses:
[0.8018848155669713, 1.0198153540292247, 297.17145549242747]
 ± [0.4677683612947383, 0.14388653150755643, 202.788046379531]
Retrieved eccentricity:
[0.004939164304073544, 0.02275353234752191, 0.03978230630022177]
 ± [0.04052940363578543, 0.03161483916822002, 0.10316328612281868]
