Global Fit Results.
chi^2: 333.7260400997429
Δϕ range=[2.2 - 2.38, length=200]
mu_1: 1.9165055818796636e-6 ± 1.430555692551761e-7
P_1: 224.70078928583163 ± 2.373561683925683e-6
t01: 3503.7694069705453 ± 4.3406412822538135e-5
ecos1: -0.08499139652549464 ± 0.007432980297701776
esin1: -0.015823350907531536 ± 0.0044218616644221866
mu_2: 2.5416909465741923e-6 ± 4.4921368927539995e-8
P_2: 365.2564310756239 ± 5.653649194320896e-6
t02: 3624.4088580563007 ± 6.303681261613588e-5
ecos2: -0.058036096548713716 ± 0.00590799780531759
esin2: -0.00956427755019665 ± 0.003518689661780463
mu_3: 0.0007381019344925282 ± 8.494057533938786e-5
P_3: 4439.324521142216 ± 34.84625953132629
t03: 1437.7659462301674 ± 54.204824745714205
ecos3: 0.02700323726000334 ± 0.011582110559461588
esin3: 0.105095878668344 ± 0.01330333198796515
tcos: 8.948142554837285e-5 ± 7.545548839914757e-5
tsin: -0.0015631999538107191 ± 9.437437479734784e-5
dphi: 2.3149876670223084 ± 0.004281680333370925
Retrieved Earth masses:
[0.6380396173399117, 0.8461752129925918, 245.72757851275136]
 ± [0.04762580476097299, 0.014955141958314558, 28.278264722308478]
Retrieved eccentricity:
[0.12019598565138408, 0.08207543484638531, 0.03818834436107522]
