Global Fit Results.
chi^2: 46.030725620248965
Δϕ range=[2.25 - 2.37, length=200]
mu_1: 2.3732903183680663e-6 ± 3.422222676434934e-7
P_1: 224.70077474138282 ± 3.543772573881756e-6
t01: 3503.7688135650433 ± 9.867738434179429e-5
ecos1: 0.004671494105419638 ± 0.007158622095304492
esin1: -0.004205649232127318 ± 0.009099907351869004
mu_2: 3.078775208237594e-6 ± 1.050245377942853e-7
P_2: 365.2564503154946 ± 7.986273423991183e-6
t02: 3624.407594927206 ± 0.00013544848906691962
ecos2: 0.016695078622268673 ± 0.005590393280282481
esin2: -0.00107205330412374 ± 0.007307815982729145
mu_3: 0.0008668857342747084 ± 0.0001487011450239185
P_3: 4247.494946453399 ± 36.039827797583754
t03: 580.5954884491233 ± 115.31908638651636
ecos3: 0.024238179206695656 ± 0.018825928206466273
esin3: -0.03441535073536624 ± 0.01299559634383359
tcos: 8.925398355883466e-5 ± 0.00017817352515720643
tsin: -0.0017726159999028968 ± 0.00017952127933806362
dphi: 2.3133611811440344 ± 0.0067651541068740155
Retrieved Earth masses:
[0.7901115764468237, 1.0249803466853997, 288.60205125600964]
 ± [0.11393202647408805, 0.03496458165274177, 49.505319768499874]
Retrieved eccentricity:
[0.006606490320430421, 0.023610406612497484, 0.03427796176133854]
 ± [0.010123820455083315, 0.0079060099959749, 0.0266238829938468]
