Global Fit Results.
chi^2: 305.3463463383641
Δϕ range=[2.2 - 2.38, length=200]
mu_1: 2.3268768866414495e-6 ± 1.4543043387798947e-7
P_1: 224.70078055877076 ± 2.675054143399091e-6
t01: 3503.769559779785 ± 4.514296464867198e-5
ecos1: -0.08277949154987459 ± 0.006691463481294737
esin1: -0.023790050691701654 ± 0.004798057465001441
mu_2: 2.542318801754551e-6 ± 4.4396752533844716e-8
P_2: 365.25643077906335 ± 6.866011461360297e-6
t02: 3624.4088388867895 ± 6.946360702349101e-5
ecos2: -0.054981216411637564 ± 0.005238934231734259
esin2: -0.017150540557503827 ± 0.0037858763683324696
mu_3: 0.0007785854837082364 ± 8.595289610932716e-5
P_3: 4448.256842770036 ± 37.89958368059307
t03: 1327.8319788081396 ± 57.90815252956431
ecos3: 0.021300490546137377 ± 0.012111460389807186
esin3: 0.09354863986910217 ± 0.010991521483048118
tcos: -0.0001573923656605577 ± 8.014069054092254e-5
tsin: -0.0012376626624070752 ± 0.00010322524096651913
dphi: 2.3014226309865236 ± 0.006303264508206453
Retrieved Earth masses:
[0.7746596996047858, 0.8463842374185098, 259.2052894541504]
 ± [0.048416440452045593, 0.014780487604970444, 28.61528474603511]
Retrieved eccentricity:
[0.11706787963618166, 0.07775518192510804, 0.030123442615547374]
