Global Fit Results.
chi^2: 0.8332351277426455
per 4 range=[657.45 - 730.5, length=100]
mu_1: 2.3673140220227056e-6 ± 1.6525759753383268e-6
P_1: 224.7007713751648 ± 4.791743760600035e-5
t01: 3503.7688616041014 ± 0.0007642906200407448
ecos1: -0.00038998027491097046 ± 0.030338381964531307
esin1: 0.0014905171056794817 ± 0.033245917959669705
mu_2: 3.0610422644345584e-6 ± 4.626987572374741e-7
P_2: 365.2564589675678 ± 5.153911228642615e-5
t02: 3624.4074558446655 ± 0.0006285968810105004
ecos2: 0.012292314660939949 ± 0.022635090093208063
esin2: 0.004045557330423639 ± 0.026465660480911986
mu_3: 3.031070493709152e-7 ± 7.353873546933027e-7
P_3: 683.385246251955 ± 17.682922605966567
t03: 404.5297779894259 ± 187.88456789632514
ecos3: 0.013274213011770572 ± 0.6134944192054271
esin3: -0.18152390284276104 ± 0.38270505086224405
mu_4: 0.0011705318204605429 ± 0.0010355629302804081
P_4: 4364.01000117857 ± 255.41598658999595
t04: 296.99334465521497 ± 540.0775661635853
ecos4: 0.024103854449222153 ± 0.06673029045687162
esin4: -0.03386986667821581 ± 0.051168601366015795
tsin: 0.00022164993182496564 ± 0.0008598638686333792
tcos: -0.0017910015755380623 ± 0.0009871054300173477
dphi: 2.321317284170468 ± 0.04401301002315683
Retrieved Earth masses:
[0.7881219585352682, 1.0190767266879552, 0.10090985782779295, 389.69136425804004]
 ± [0.5501726438468589, 0.15404084433811338, 0.24482384545154223, 344.75776225993593]
Retrieved eccentricity:
[0.0005515153938370824, 0.01738395810645891, 0.01877257207107535, 0.034087997867557035]
 ± [0.042904951234695475, 0.032010851395351723, 0.86761212808052, 0.09437088178520377]
