Global Fit Results.
chi^2: 33.51527119142585
Δϕ range=[2.2 - 2.38, length=100]
mu_1: 2.2836921100392894e-6 ± 4.091328059570329e-7
P_1: 224.7007803646937 ± 4.917382535083882e-6
t01: 3503.7687293400263 ± 0.00011071513059150056
ecos1: 0.0005614485541712387 ± 0.006603863922861295
esin1: -0.0056884299163156215 ± 0.00877469898419128
mu_2: 3.050275802293788e-6 ± 1.1245920444137729e-7
P_2: 365.25646731717234 ± 1.064801906938751e-5
t02: 3624.4074281090684 ± 0.00014999222523691543
ecos2: 0.013533615529159654 ± 0.005120796328449252
esin2: -0.0018842753948661599 ± 0.007044044754352035
mu_3: 0.0009439911509753769 ± 0.0001586870140490137
P_3: 4227.4721874104725 ± 43.3007191898725
t03: 575.3175368424253 ± 122.59150095411034
ecos3: 0.03486947358270742 ± 0.018005809867675773
esin3: -0.04515886394197482 ± 0.01332732714248131
tcos: 9.553733390049044e-5 ± 0.00019586926406181104
tsin: -0.001786301357890692 ± 0.00023747869412038623
dphi: 2.3130809522351607 ± 0.009149528071958153
Retrieved Earth masses:
[0.760282700863604, 1.0154923753302803, 314.27184895014335]
 ± [0.13620776345352711, 0.03743971760194572, 52.82979745946977]
Retrieved eccentricity:
[0.0007940081598837312, 0.019139422629280714, 0.04931288245347519]
 ± [0.009339273923776835, 0.007241899617843282, 0.02546406051637838]
