Global Fit Results.
chi^2: 4.056497382266845
per 4 range=[657.45 - 730.5, length=100]
mu_1: 2.3912048248052295e-6 ± 8.537229643183251e-7
P_1: 224.70076739499294 ± 1.633181834608519e-5
t01: 3503.768925351237 ± 0.0003032300213531523
ecos1: -0.0032897032025133084 ± 0.012100660569972605
esin1: -0.001598475338309512 ± 0.014698888506380346
mu_2: 3.032442964326265e-6 ± 2.1931773665743452e-7
P_2: 365.25645812578813 ± 2.3929513566471062e-5
t02: 3624.4074753050063 ± 0.000331039773291997
ecos2: 0.010536346589369012 ± 0.009159937622552804
esin2: 0.0017273702666127625 ± 0.011634635420230988
mu_3: 2.39519071443396e-7 ± 3.6345936981176185e-7
P_3: 685.2080724757793 ± 6.944575497446514
t03: 379.4068502006957 ± 112.5907122499392
ecos3: 0.014247908931421136 ± 0.3982466437748108
esin3: -0.2155644327252083 ± 0.26730710153622766
mu_4: 0.001233181915463592 ± 0.0004850136527493678
P_4: 4389.42137698123 ± 117.4790219525294
t04: 289.18962528901847 ± 278.21579456754364
ecos4: 0.03190134416576789 ± 0.02862214589381248
esin4: -0.028485207611889503 ± 0.02279340591382854
tsin: 0.00014896789582197198 ± 0.00042135665655051926
tcos: -0.0017100146329642955 ± 0.00048413139219429
dphi: 2.3164960351519723 ± 0.020657907790119733
Retrieved Earth masses:
[0.7960756419523312, 1.0095554987459066, 0.07974026172126798, 410.54872205547974]
 ± [0.28421992537779167, 0.07301486940388749, 0.12100224461953221, 161.46987951964658]
Retrieved eccentricity:
[0.004652342885176525, 0.014900644244549162, 0.020149586046272525, 0.04511531357716076]
 ± [0.017112918291728604, 0.01295410801630574, 0.5632058047959041, 0.040477826907251005]
