Global Fit Results.
chi^2: 58.62086218937128
Δϕ range=[2.2 - 2.38, length=200]
mu_1: 2.3011938650055313e-6 ± 4.244268704804443e-7
P_1: 224.70078943242845 ± 5.909526772524285e-6
t01: 3503.769314508736 ± 0.0001184008932201065
ecos1: 0.006198128387227421 ± 0.007982384303502359
esin1: -0.006539712650142482 ± 0.010300963775226133
mu_2: 2.9800463807590224e-6 ± 1.2263243848031483e-7
P_2: 365.2564769959169 ± 1.2492869351013291e-5
t02: 3624.40849664956 ± 0.00015848061752745413
ecos2: 0.015458762277928959 ± 0.006081169258123726
esin2: -0.0019004320354234735 ± 0.008300478161410454
mu_3: 0.000949541348250285 ± 0.0001981356781477357
P_3: 4256.920647688997 ± 48.617285585136614
t03: 570.3142570513428 ± 134.1520467062261
ecos3: 0.03355333462305204 ± 0.02026739167156627
esin3: -0.036705341536669524 ± 0.015295927512270054
tcos: 0.00014175488481701264 ± 0.00020782470151918195
tsin: -0.0016544262669879982 ± 0.00023557362665314785
dphi: 2.318470390299106 ± 0.01128736942046866
Retrieved Earth masses:
[0.7661093538861774, 0.9921117216730666, 316.1196107197544]
 ± [0.1412994361146204, 0.040826572518875795, 65.96297629500091]
Retrieved eccentricity:
[0.008765477226546697, 0.021861991270948733, 0.047451580886762934]
