Global Fit Results.
chi^2: 4.83814497657271
Δϕ range=[2.25 - 2.37, length=100]
mu_1: 2.4363849435013175e-6 ± 1.082569172385655e-6
P_1: 224.70077685789897 ± 1.2540166278026431e-5
t01: 3503.768782394995 ± 0.00031284164773730814
ecos1: 0.004648449814816312 ± 0.02172676351323769
esin1: -0.0037900725214380137 ± 0.028198678256768132
mu_2: 3.0772264582570567e-6 ± 3.3134250501560593e-7
P_2: 365.25645110710644 ± 2.5660741238359407e-5
t02: 3624.4075931314756 ± 0.0004105368839486752
ecos2: 0.016921393426953375 ± 0.016922531227494507
esin2: -0.0006671025313260012 ± 0.022631262606502826
mu_3: 0.0009140324917815206 ± 0.00046883209229173494
P_3: 4258.689791163368 ± 119.82109468194571
t03: 550.0930206948185 ± 352.9794474017989
ecos3: 0.031201318335043995 ± 0.05306219335971693
esin3: -0.035082364718614596 ± 0.037197768917783834
tcos: 8.288127710415533e-5 ± 0.0005505706821284833
tsin: -0.001706291679406328 ± 0.0005828290435874973
dphi: 2.3128070084187655 ± 0.024533012897335095
Retrieved Earth masses:
[0.8111169264217201, 1.0244647396064117, 304.2980656077972]
 ± [0.3604069964750555, 0.11030995532048457, 156.08274329632042]
Retrieved eccentricity:
[0.006573900772123931, 0.02393046407864841, 0.04412532755333953]
 ± [0.03072628362689366, 0.02393207317160495, 0.07504127349857527]
