Global Fit Results.
chi^2: 36.183462172993174
per 4 range=[657.45 - 730.5, length=300]
mu_1: 2.7598852407897437e-6 ± 5.286432924897508e-7
P_1: 224.7007300849379 ± 2.040284686085015e-5
t01: 3503.7697671322817 ± 0.001154284644178458
ecos1: -0.010305559347081432 ± 0.005675522185228802
esin1: -0.000785097717712569 ± 0.005731920095353378
mu_2: 2.883153332766822e-6 ± 1.1740508057180558e-7
P_2: 365.2564767316956 ± 1.2940690466029085e-5
t02: 3624.408430759671 ± 0.00016543181823447332
ecos2: 0.0029153911687704154 ± 0.004295791184155755
esin2: 0.0033396339440770317 ± 0.004479633566951665
mu_3: 5.395686349281717e-7 ± 2.7770193062672234e-7
P_3: 675.7708690277534 ± 1.6333558628662233
t03: 457.124896988208 ± 40.5273365257063
ecos3: 0.02268588802837119 ± 0.17654745984130932
esin3: 0.23438024333434784 ± 0.09750632504307151
mu_4: 0.0014580983483379873 ± 0.0003128149305355956
P_4: 4258.771328485103 ± 55.729698441901995
t04: 387.9365925728342 ± 140.59532042014285
ecos4: 0.038904855997343286 ± 0.01326024938719709
esin4: -0.018118190174954925 ± 0.011069336830686324
tsin: 3.4370872898234825e-5 ± 0.0003002860208663447
tcos: -0.0017313351023948256 ± 0.00030610790246982463
dphi: 2.3185722107451503 ± 0.011540555551350515
Retrieved Earth masses:
[0.9188160679440823, 0.9598542610904536, 0.1796322268054868, 485.42749941019537]
 ± [0.17599498130272087, 0.03908628985485513, 0.0924520310438386, 104.14178829648434]
Retrieved eccentricity:
[0.010335421224245045, 0.004433132137369248, 0.2354755783114332, 0.042916857240364786]
