Global Fit Results.
chi^2: 0.7976962446511511
per 4 range=[657.45 - 803.5500000000001, length=100]
mu_1: 2.542477087141148e-6 ± 1.6621207589415945e-6
P_1: 224.70078771700312 ± 2.2941864683645658e-5
t01: 3503.7686510526432 ± 0.0004461816629782559
ecos1: 0.007568383460933692 ± 0.03882832777261477
esin1: -0.004458953109518648 ± 0.0452262585269828
mu_2: 3.07773689362425e-6 ± 5.02814478071175e-7
P_2: 365.263580856535 ± 0.03314180020103202
t02: 3624.363784476034 ± 0.22014171837609406
ecos2: 0.019031612081720436 ± 0.02960197812170707
esin2: -0.0015907559229917708 ± 0.0363576358450095
mu_3: 2.410690427992875e-6 ± 4.895109478635105e-6
P_3: 733.4984309932809 ± 8.439273186914619
t03: 116.66759552641761 ± 114.05033939636532
ecos3: 0.09721659087323409 ± 0.05558132359107068
esin3: 0.006743280887593558 ± 0.1463402226924158
mu_4: 0.0008662263072787375 ± 0.0008149162127843047
P_4: 4346.477060707953 ± 305.19679231224364
t04: 365.0940633419396 ± 631.3214101968925
ecos4: 0.010528320377567799 ± 0.10555287410127832
esin4: -0.05238169898798728 ± 0.0703317470930321
tsin: -6.116256249512523e-5 ± 0.0008114636389079665
tcos: -0.001648708232663146 ± 0.0009552208310128809
dphi: 2.3035949626611987 ± 0.05124184852720054
Retrieved Earth masses:
[0.8464369335068749, 1.024634672837726, 0.8025627541835875, 288.38251599759406]
 ± [0.5533502761665354, 0.1673960985111515, 1.629671109813353, 271.30045092748134]
Retrieved eccentricity:
[0.01070331053569265, 0.026914763919792695, 0.1374850213006041, 0.014889293466965405]
 ± [0.054911547740299715, 0.04186351893278978, 0.07860386163713981, 0.14927430610148762]
