Global Fit Results.
chi^2: 1.540008317393822
per 4 range=[657.45 - 712.2375, length=100]
mu_1: 2.318538882400801e-6 ± 1.3514019613630607e-6
P_1: 224.70076825890456 ± 2.521147722413296e-5
t01: 3503.768904725329 ± 0.0004756486595189767
ecos1: -0.002929385644063602 ± 0.019749863409357277
esin1: -0.0026220752427039153 ± 0.023627933358537908
mu_2: 3.0120549751315004e-6 ± 3.535606936403438e-7
P_2: 365.2564612662106 ± 3.1611430507375645e-5
t02: 3624.4074431761655 ± 0.0004910140097633399
ecos2: 0.010542621090305184 ± 0.015073066714420711
esin2: 0.0009818821111944134 ± 0.018929345071322733
mu_3: 2.285518556322178e-7 ± 5.677615729795669e-7
P_3: 684.9163084095118 ± 11.525111497978434
t03: 386.14715181436685 ± 171.64311673736856
ecos3: 0.008648059045562153 ± 0.6427641584724366
esin3: -0.20702129764271085 ± 0.4168721956769282
mu_4: 0.0012130500476732298 ± 0.000790530164789632
P_4: 4364.819876842872 ± 163.80189104313126
t04: 331.0270399357509 ± 423.73370817229795
ecos4: 0.03330314529724594 ± 0.046235627060478145
esin4: -0.03136919580815763 ± 0.03496243552168108
tsin: 0.0001341373244988025 ± 0.0006431127956840496
tcos: -0.0017590980969524916 ± 0.0007485909811316877
dphi: 2.3157667705607934 ± 0.027627326576837013
Retrieved Earth masses:
[0.7718838261164006, 1.002767965775927, 0.07608907580998804, 403.846456566275]
 ± [0.4499063287125002, 0.1177067950177685, 0.1890181694169127, 263.1818913584069]
Retrieved eccentricity:
[0.00414277690725579, 0.014909517728870218, 0.01223020239043732, 0.04709775974904697]
 ± [0.027930524688529194, 0.021316535374088237, 0.9090057903190492, 0.06538705085375267]
