Global Fit Results.
chi^2: 1.023016045544734
per 4 range=[657.45 - 730.5, length=100]
mu_1: 2.459850127539339e-6 ± 1.636555927233937e-6
P_1: 224.7007663071407 ± 4.1401819395026316e-5
t01: 3503.7689188762365 ± 0.0007242631142334513
ecos1: -0.004244327675978397 ± 0.02449754058015479
esin1: 0.0021242203070880477 ± 0.027174615465431127
mu_2: 2.9973170777553527e-6 ± 4.194289288830492e-7
P_2: 365.2564574960627 ± 4.616547469041284e-5
t02: 3624.407470489874 ± 0.0006084169439104394
ecos2: 0.009775369887983656 ± 0.01840665480076818
esin2: 0.004868608613794318 ± 0.0214819397102464
mu_3: 2.994260834118371e-7 ± 7.267943439237567e-7
P_3: 683.3780163721447 ± 12.557382301985175
t03: 399.74456720315015 ± 181.0602038644961
ecos3: 0.018904579192287527 ± 0.6510741688147385
esin3: -0.20046682306054114 ± 0.4016439935930589
mu_4: 0.001308389608720437 ± 0.0010118708340735485
P_4: 4384.434315205649 ± 220.70517893328494
t04: 248.7013978362838 ± 500.5848964720845
ecos4: 0.03333509814476495 ± 0.051933865249826225
esin4: -0.031266662278136015 ± 0.04180067191319289
tsin: 0.0001840365223382483 ± 0.0008396966116795361
tcos: -0.001734185385529215 ± 0.0009971510201816662
dphi: 2.3184759734782805 ± 0.04315468458088879
Retrieved Earth masses:
[0.8189289136060964, 0.9978614512887375, 0.09968439721125356, 435.5867330481489]
 ± [0.5448392780278735, 0.1396355303193857, 0.24196307564474542, 336.87023188135015]
Retrieved eccentricity:
[0.006002385762524129, 0.013824460672800049, 0.026735112284689232, 0.047142947899364795]
 ± [0.03464475413324016, 0.026030940857166198, 0.9207579196485931, 0.07344557658276103]
