Global Fit Results.
chi^2: 0.7951132809464577
per 4 range=[657.45 - 803.5500000000001, length=100]
mu_1: 1.7943339666818207e-6 ± 1.003022761418242e-6
P_1: 224.70077874863497 ± 2.7909927817498107e-5
t01: 3503.7688365781714 ± 0.00048269790599073076
ecos1: -0.004564305204097923 ± 0.010424587487645432
esin1: -0.01286998198508449 ± 0.009771275457436172
mu_2: 2.93840292266621e-6 ± 3.6018305370551105e-7
P_2: 365.2561855065325 ± 0.00016434059307296082
t02: 3624.4104666524786 ± 0.001796300713320147
ecos2: 0.008356397844831267 ± 0.010358240578684993
esin2: -0.005850454077510821 ± 0.008428478669372337
mu_3: 1.2045606660974286e-6 ± 2.9589465847626343e-6
P_3: 800.3343144692202 ± 5.339783155132516
t03: 601.4734633631138 ± 98.90408993873748
ecos3: 0.48804872871441657 ± 1.0340918134255495
esin3: 0.012626067525499055 ± 0.6632023576527277
mu_4: 0.008024501541991424 ± 0.0052120241478669956
P_4: 7110.238673188225 ± 581.9913863505459
t04: -2737.036061329756 ± 777.8280223306504
ecos4: 0.05936172948231903 ± 0.012095510590840918
esin4: 0.003551202842414726 ± 0.01080858966914092
tsin: 0.000623299447055283 ± 0.0008055673753872164
tcos: -0.0025305261682919944 ± 0.0007333102470129614
dphi: 2.309336902024245 ± 0.025219594886008043
Retrieved Earth masses:
[0.5973664612856628, 0.9782478559387495, 0.4010201868056807, 2671.5027295533428]
 ± [0.3339245473268337, 0.11991149930969251, 0.985087215253272, 1735.1777757985376]
Retrieved eccentricity:
[0.0064549023224453805, 0.01181773116474568, 0.6902051312468753, 0.08395016291981837]
 ± [0.014742593007173038, 0.014648764308699654, 1.4624266672854003, 0.017105635121394635]
