Global Fit Results.
chi^2: 2.281779780137938
per 4 range=[657.45 - 730.5, length=100]
mu_1: 2.391211973884105e-6 ± 1.1382940316052097e-6
P_1: 224.70076739485444 ± 2.1775800758065715e-5
t01: 3503.7689253493872 ± 0.0004043117932566661
ecos1: -0.003289901169648243 ± 0.016134630608407155
esin1: -0.001598589650647088 ± 0.019598905702727914
mu_2: 3.032442751528377e-6 ± 2.924239125717491e-7
P_2: 365.2564581260849 ± 3.1905365056454386e-5
t02: 3624.4074752998517 ± 0.0004413733479168298
ecos2: 0.010536232426401353 ± 0.01221357142334848
esin2: 0.0017272804536356714 ± 0.015513146383917348
mu_3: 2.395197465655942e-7 ± 4.846322994692708e-7
P_3: 685.2078424952849 ± 9.259562969461976
t03: 379.407125076251 ± 150.12083629859416
ecos3: 0.014266087833461184 ± 0.5310490707488286
esin3: -0.21556225476532606 ± 0.3564087827274144
mu_4: 0.0012331917862986477 ± 0.0006467039828098156
P_4: 4389.421534434636 ± 156.62086869429936
t04: 289.1912458433323 ± 370.93862365300976
ecos4: 0.03190111067768265 ± 0.038162784252590704
esin4: -0.028485053704638816 ± 0.03039087490842235
tsin: 0.00014896581580010163 ± 0.0005618031518609272
tcos: -0.0017100120587312435 ± 0.0006454833174175025
dphi: 2.316496015212609 ± 0.027543760386198907
Retrieved Earth masses:
[0.7960780220109092, 1.0095554279016135, 0.07974048648174509, 410.552008236267]
 ± [0.37895881713706164, 0.09735324699410854, 0.16134292006635567, 215.29953558469725]
Retrieved eccentricity:
[0.004652622852983654, 0.014900482793731976, 0.02017529489608661, 0.04511498337514396]
 ± [0.02281781343028946, 0.01727259835191189, 0.7510167981386227, 0.05397032706793215]
