Global Fit Results.
chi^2: 1.5166150174186412
Δϕ range=[2.1 - 2.52, length=100]
mu_1: 2.4410600251449713e-6 ± 1.8184074298160394e-6
P_1: 224.70078858638476 ± 3.582420674716445e-5
t01: 3503.7687132252877 ± 0.000556250231307817
ecos1: -0.09445437880488668 ± 0.09282080234908208
esin1: -0.02884297043574476 ± 0.06735817228430206
mu_2: 2.542563913206978e-6 ± 5.669194720686331e-7
P_2: 365.2564113489377 ± 8.406289684007567e-5
t02: 3624.407871231578 ± 0.000828532934130078
ecos2: -0.06211082018081474 ± 0.0718006816769793
esin2: -0.020895822875281717 ± 0.052840159677019896
mu_3: 0.0007617562919343486 ± 0.0009540865723760672
P_3: 4534.195157991139 ± 526.291161122308
t03: 1234.1657689878841 ± 772.9344953914606
ecos3: 0.0070107675791901925 ± 0.1512961501126185
esin3: 0.09812698087587073 ± 0.13618943264689484
tcos: -0.00015548720901491974 ± 0.0010387762848277256
tsin: -0.001074995940051022 ± 0.0014763391407572812
dphi: 2.299819310567952 ± 0.10487452553580705
Retrieved Earth masses:
[0.8126733462574631, 0.8464658394857256, 253.60254496904432]
 ± [0.6053809556609615, 0.18873781868480227, 317.6327986224444]
Retrieved eccentricity:
[0.13357866353139655, 0.08783796426982474, 0.009914722593136362]
 ± [0.13126843755242432, 0.1015414978152175, 0.21396506742410074]
