Global Fit Results.
chi^2: 159.07663588408914
per 4 range=[657.45 - 712.2375, length=100]
mu_1: 2.256360206977919e-6 ± 1.2901084065154332e-7
P_1: 224.70077130945518 ± 1.8756254250060043e-6
t01: 3503.7688743018134 ± 4.0773589973392816e-5
ecos1: -0.0022237778788346176 ± 0.0020351110410492482
esin1: -0.0029372754902265816 ± 0.002475074042327745
mu_2: 3.0234638863938013e-6 ± 3.4860115584826887e-8
P_2: 365.2564581952437 ± 2.9681231766944063e-6
t02: 3624.4074715361426 ± 4.86552708577197e-5
ecos2: 0.01105086689414546 ± 0.0015653405466711885
esin2: 0.0007936633734004488 ± 0.001983242397186596
mu_3: 1.985229201035133e-7 ± 5.2426046679260414e-8
P_3: 686.5158704323472 ± 1.1335838146145232
t03: 371.31663821269717 ± 18.185426070233714
ecos3: -0.006795256942334202 ± 0.06525131178363784
esin3: -0.20895341480497032 ± 0.049446669832003194
mu_4: 0.0011455933818445303 ± 6.744259547660937e-5
P_4: 4348.9314278084175 ± 15.743428235192177
t04: 360.1173524331991 ± 41.95337520198041
ecos4: 0.0326348662386551 ± 0.004790359857125712
esin4: -0.032104025626928746 ± 0.003610827550882226
tsin: 0.00011879578987006247 ± 6.23798432426632e-5
tcos: -0.0017914808632274702 ± 7.08858930782185e-5
dphi: 2.3145409762591034 ± 0.002641563063367831
Retrieved Earth masses:
[0.751183412484102, 1.0065662001483644, 0.06609189619568806, 381.3889037893313]
 ± [0.04295005878421672, 0.011605567454884988, 0.01745358587950096, 22.45286850044155]
Retrieved eccentricity:
[0.0031448968359531894, 0.01562828583768035, 0.009609944527658959, 0.04615267044093788]
 ± [0.0028780816351870755, 0.0022137258308349093, 0.09227929008705599, 0.006774591878594824]
