Global Fit Results.
chi^2: 52.146109959623914
per 4 range=[547.875 - 1826.25, length=500]
mu_1: 1.9289247733850606e-6 ± 4.824621623691041e-7
P_1: 224.70076557500883 ± 1.3293501747402327e-5
t01: 3503.7694001976392 ± 0.0005154275531418952
ecos1: -0.010687204270952242 ± 0.0044157021828970106
esin1: -0.006276037533868231 ± 0.004765345597264442
mu_2: 2.9540451010855474e-6 ± 1.0929687666244614e-7
P_2: 365.25645888912396 ± 1.1913517838013426e-5
t02: 3624.408424043916 ± 0.00016058635476385924
ecos2: 0.004387057441625225 ± 0.0034860503030830414
esin2: -0.00023841915572838065 ± 0.003875565357196287
mu_3: 6.606336532633314e-7 ± 2.517303732813417e-7
P_3: 680.4245968390608 ± 2.3626429026636506
t03: 431.65566805989636 ± 31.58969394127397
ecos3: 0.047261306358007474 ± 0.07522180203131185
esin3: 0.09122407472396521 ± 0.037981884507046454
mu_4: 0.001675778611516004 ± 0.0002761314028659553
P_4: 4319.477550328649 ± 61.143574927680724
t04: 459.0731027544966 ± 136.57206469588772
ecos4: 0.042916646367982196 ± 0.009115513200625185
esin4: -0.014469032233300674 ± 0.008553367394333738
tsin: -0.00013412860924696198 ± 0.00025283634822419133
tcos: -0.0018174410724970545 ± 0.0002564850292720174
dphi: 2.3074900744723985 ± 0.010766325919039515
Retrieved Earth masses:
[0.6421741924075214, 0.9834554220566882, 0.2199369766074964, 557.8972240662199]
 ± [0.16062044189668218, 0.036386921082567095, 0.08380562653187475, 91.92917374513003]
Retrieved eccentricity:
[0.012393747708243164, 0.0043935312323844355, 0.1027397824015071, 0.04529008091450857]
