Global Fit Results.
chi^2: 0.7001489614101875
per 4 range=[657.45 - 730.5, length=100]
mu_1: 2.3673262403246848e-6 ± 1.8028427777296968e-6
P_1: 224.70077137546826 ± 5.227393453461854e-5
t01: 3503.768861602185 ± 0.0008337618398214118
ecos1: -0.0003899502467485388 ± 0.033097179949880165
esin1: 0.0014904220411887659 ± 0.036266916531581386
mu_2: 3.061042170179991e-6 ± 5.047604982906991e-7
P_2: 365.25645896776433 ± 5.6223931753968496e-5
t02: 3624.407455843633 ± 0.0006857302708584527
ecos2: 0.012292335861550974 ± 0.02469340007601516
esin2: 0.004045479637513329 ± 0.028870455056430624
mu_3: 3.0312015131105363e-7 ± 8.02216267735888e-7
P_3: 683.3852970781072 ± 19.290640842478414
t03: 404.53179951682654 ± 204.95810036881247
ecos3: 0.013269769915347042 ± 0.6691663855502628
esin3: -0.18151415269132798 ± 0.4174565467060533
mu_4: 0.0011705285998248154 ± 0.001129694130760034
P_4: 4364.011710791461 ± 278.6300268560344
t04: 296.98950092132264 ± 589.1469141921534
ecos4: 0.024103342843759232 ± 0.07279551847519534
esin4: -0.03387052330675011 ± 0.05582050922259361
tsin: 0.00022165437877205365 ± 0.0009380116423145676
tcos: -0.001790993396012194 ± 0.0010768758399738298
dphi: 2.3213173674166985 ± 0.04801428738013799
Retrieved Earth masses:
[0.7881260262305534, 1.0190766953088928, 0.10091421970231676, 389.6902920497425]
 ± [0.6001991994714185, 0.16804396408897213, 0.267072407891477, 376.09575349858505]
Retrieved eccentricity:
[0.0005514729276025185, 0.01738398808865055, 0.018766288583854266, 0.03408727434817279]
 ± [0.0468064807614234, 0.03492174128860546, 0.9463441779293651, 0.10294840950760246]
