Global Fit Results.
chi^2: 1.4603390581168332
per 4 range=[657.45 - 730.5, length=100]
mu_1: 2.3912040222539147e-6 ± 1.4228604478145392e-6
P_1: 224.70076739473467 ± 2.7219654744803826e-5
t01: 3503.7689253542158 ± 0.0005053838857243883
ecos1: -0.0032898307073420366 ± 0.020167616475882888
esin1: -0.0015984855639213974 ± 0.02449854137148268
mu_2: 3.0324424247690235e-6 ± 3.655307828651045e-7
P_2: 365.256458125898 ± 3.9882699854141764e-5
t02: 3624.407475303513 ± 0.0005517314843513107
ecos2: 0.01053625547305534 ± 0.0152665255983118
esin2: 0.0017273675178115801 ± 0.019391225013597174
mu_3: 2.395198368673876e-7 ± 6.057651817510597e-7
P_3: 685.2079922538763 ± 11.574209509321616
t03: 379.4070515724659 ± 187.6480038186132
ecos3: 0.014249763824191684 ± 0.6637234416371197
esin3: -0.2155664602887189 ± 0.4455000360669127
mu_4: 0.0012331884916239203 ± 0.0008083550888676865
P_4: 4389.4224238831 ± 195.77897253225868
t04: 289.188897612948 ± 463.6706871608556
ecos4: 0.03190136570780431 ± 0.04770346778352985
esin4: -0.028484866888949863 ± 0.03798861002327576
tsin: 0.00014896897344575616 ± 0.0007022413972421345
tcos: -0.00171001518011285 ± 0.0008068629973888098
dphi: 2.3164961603212237 ± 0.034428656396018276
Retrieved Earth masses:
[0.79607537476838, 1.0095553191174726, 0.07974051654485696, 410.55091137903776]
 ± [0.47369616046789415, 0.12169185575576037, 0.2016702630123393, 269.11613326482524]
Retrieved eccentricity:
[0.004652523204234581, 0.014900515386622612, 0.02015220926078538, 0.04511534404220083]
 ± [0.028521316740932664, 0.02159012755144858, 0.9386466928281622, 0.06746289111169593]
