Global Fit Results.
chi^2: 24.15109189409764
Δϕ range=[2.2 - 2.38, length=100]
mu_1: 2.3608745116142265e-6 ± 3.743573490204039e-7
P_1: 224.70078893601584 ± 5.8091724448328195e-6
t01: 3503.7686251276086 ± 0.000116842443256423
ecos1: 0.012392632206347747 ± 0.011491696828100677
esin1: -0.002758785002185374 ± 0.013327096112479078
mu_2: 3.146682803000325e-6 ± 1.3758016108241246e-7
P_2: 365.2564593140904 ± 1.247922592136025e-5
t02: 3624.407481404576 ± 0.00015781941130406333
ecos2: 0.02141748686490106 ± 0.00885009778247448
esin2: 9.901237413367343e-5 ± 0.010610133610639595
mu_3: 0.0006954970251140113 ± 0.00017071714802531924
P_3: 4198.931223649528 ± 49.39531558246637
t03: 567.2468101246392 ± 144.79016897798707
ecos3: 0.006969863296563977 ± 0.0334330484671834
esin3: -0.06507671924458061 ± 0.02245668906390436
tcos: 9.564905919564663e-5 ± 0.00020756030759610115
tsin: -0.0017943843624291678 ± 0.000214476461212619
dphi: 2.3120627602682235 ± 0.010290883335231284
Retrieved Earth masses:
[0.7859781282246605, 1.047588021918149, 231.5436281325967]
 ± [0.12463038040468376, 0.045802941645748683, 56.83484818896554]
Retrieved eccentricity:
[0.017525828539718596, 0.0302889003962907, 0.009856875201887227]
 ± [0.016251713508979856, 0.012515928312303463, 0.04728147057376778]
