Global Fit Results.
chi^2: 1.0276065701423094
per 4 range=[657.45 - 712.2375, length=100]
mu_1: 2.344476034577762e-6 ± 1.6538942301929643e-6
P_1: 224.70076644455207 ± 3.174679333614827e-5
t01: 3503.7689399161018 ± 0.0005932083719921097
ecos1: -0.0029991019795651804 ± 0.02345736107288348
esin1: -0.0023079072637633333 ± 0.028069765225355595
mu_2: 3.024375418348258e-6 ± 4.317539764136935e-7
P_2: 365.25645914944465 ± 4.1187350344718396e-5
t02: 3624.4074656354737 ± 0.0006124308134923478
ecos2: 0.010592209569179918 ± 0.01788542397995074
esin2: 0.0013195929497818635 ± 0.02252488406833953
mu_3: 2.500493793217986e-7 ± 6.854860493318589e-7
P_3: 685.1715499046378 ± 12.84272517198357
t03: 383.8846398986733 ± 189.05767190320032
ecos3: -0.004348043221106485 ± 0.6743322888527628
esin3: -0.21026292414508235 ± 0.48048399187589313
mu_4: 0.0012308095939505396 ± 0.000967092291315758
P_4: 4386.473297648947 ± 230.92746626022367
t04: 299.4566674444028 ± 542.9982072005274
ecos4: 0.032107127040773266 ± 0.05614956777588754
esin4: -0.02839922410847285 ± 0.04392305189399995
tsin: 0.00016945237968824753 ± 0.0007990217467463883
tcos: -0.0017373133037111943 ± 0.0009370207566038309
dphi: 2.3180448160467857 ± 0.03516630810773694
Retrieved Earth masses:
[0.7805187765211077, 1.0068696657395495, 0.08324599302345279, 409.7589330119693]
 ± [0.5506115148999682, 0.14373876314296863, 0.2282107919448831, 321.96263935652263]
Retrieved eccentricity:
[0.004241370694441075, 0.014979646428232319, 0.006149061693073189, 0.04540633450989749]
 ± [0.03317371816675451, 0.025293809161239317, 0.9536498684416685, 0.07940748027004746]
