Global Fit Results.
chi^2: 0.7161608205142618
per 4 range=[657.45 - 803.5500000000001, length=100]
mu_1: 2.7405850346508455e-6 ± 1.941379219180121e-6
P_1: 224.70079010865794 ± 2.4830993783978074e-5
t01: 3503.7686210246875 ± 0.00043276364525905367
ecos1: 0.00016066475257870737 ± 0.033729675944559674
esin1: -0.008151989483539858 ± 0.03943145641756557
mu_2: 3.0101798637331315e-6 ± 4.4234276508760835e-7
P_2: 365.26289106977833 ± 0.02559493774810367
t02: 3624.358831146012 ± 0.1962965924228226
ecos2: 0.013584568624000926 ± 0.025129607615663317
esin2: -0.004586281737864006 ± 0.03182627534370161
mu_3: 2.970715732831179e-6 ± 4.857692480944303e-6
P_3: 734.9867230341883 ± 10.459689971078063
t03: 107.28091601695061 ± 111.92503087136097
ecos3: 0.09006827053049808 ± 0.045719315531222035
esin3: -0.006442217685281069 ± 0.12778948034359477
mu_4: 0.0009405844423220118 ± 0.0008287535580740447
P_4: 4272.644327571893 ± 385.6759325106888
t04: 503.966510109261 ± 689.5897709217836
ecos4: 0.013463145950499444 ± 0.09440458813980854
esin4: -0.045760777578612945 ± 0.06614710005273934
tsin: 1.1288274238921878e-5 ± 0.0008250274363510911
tcos: -0.0014334010933903009 ± 0.0011829001758689678
dphi: 2.3088352721964154 ± 0.05805035655750265
Retrieved Earth masses:
[0.9123906777673595, 1.0021437070362726, 0.9890053790202183, 313.1376935862702]
 ± [0.6463205042703167, 0.14726396376720666, 1.6172143097318037, 275.9071552215575]
Retrieved eccentricity:
[0.00022721427209212566, 0.019211481187050124, 0.12737576972371933, 0.019039763595404727]
 ± [0.04770096517524583, 0.03553863190718528, 0.06465687608666909, 0.13350824889756346]
