Global Fit Results.
chi^2: 1.222936745879897
per 4 range=[657.45 - 712.2375, length=100]
mu_1: 2.344443431110421e-6 ± 1.5160088917369887e-6
P_1: 224.70076644426197 ± 2.910130842109682e-5
t01: 3503.768939924401 ± 0.0005437838626269787
ecos1: -0.0029989868471956534 ± 0.021502753247382142
esin1: -0.002308270044290862 ± 0.025730434726141765
mu_2: 3.024376052400728e-6 ± 3.9577881616369055e-7
P_2: 365.25645914926656 ± 3.77554145963291e-5
t02: 3624.407465638219 ± 0.0005614025276179335
ecos2: 0.010592271068658189 ± 0.016395198055521882
esin2: 0.001319297459775842 ± 0.020647658906635027
mu_3: 2.500612942672617e-7 ± 6.283584545959592e-7
P_3: 685.1716174117016 ± 11.772074962607078
t03: 383.8878247672788 ± 173.29219128486457
ecos3: -0.004364533200806863 ± 0.6180514902380904
esin3: -0.2102554231754085 ± 0.4404172712752848
mu_4: 0.0012308101256153449 ± 0.0008865114782417779
P_4: 4386.473260142137 ± 211.68818422244036
t04: 299.46548883291655 ± 497.7654939048515
ecos4: 0.03210726447845462 ± 0.051470308351651686
esin4: -0.02839827272292051 ± 0.040262730666072846
tsin: 0.0001694614958731973 ± 0.0007324539566587257
tcos: -0.001737329959934898 ± 0.0008589269084304351
dphi: 2.318045531715786 ± 0.03223567774515171
Retrieved Earth masses:
[0.7805079222329581, 1.0068698768271662, 0.08324995972582808, 409.75911001286727]
 ± [0.5047069741477572, 0.13176197700851786, 0.20919197507867077, 295.13581890539933]
Retrieved eccentricity:
[0.004241207872682622, 0.014979733401628567, 0.006172382046008721, 0.04540652887613044]
 ± [0.030409485270809937, 0.023186311447912042, 0.8740567997396099, 0.07279000813043099]
