Global Fit Results.
chi^2: 38.2463773505063
Δϕ range=[2.1 - 2.52, length=200]
mu_1: 3.2043538162550805e-6 ± 4.098110670719141e-7
P_1: 224.7007802878826 ± 1.0453423056489249e-5
t01: 3503.769472488714 ± 0.0001469395579233074
ecos1: -0.08793682449302044 ± 0.018251072053681937
esin1: -0.04320272356605298 ± 0.01651978141559703
mu_2: 2.703379474539565e-6 ± 1.3969475228969528e-7
P_2: 365.25634515513394 ± 2.4322406846531313e-5
t02: 3624.4093984771007 ± 0.00021806557073272487
ecos2: -0.053602067665526484 ± 0.01401292086053925
esin2: -0.03106284176190207 ± 0.012830554469860946
mu_3: 0.0009602461401223844 ± 0.00024208713851879118
P_3: 4741.609414664088 ± 136.5442837029778
t03: 881.3576640975924 ± 197.7004864344475
ecos3: 0.01912839823298704 ± 0.026560035202777707
esin3: 0.06802257366527115 ± 0.021125436737400007
tcos: -0.00052059628179713 ± 0.00018327551745572087
tsin: -0.0002225805612175787 ± 0.0005444903528653296
dphi: 2.227934256320193 ± 0.08676747011227921
Retrieved Earth masses:
[1.066787752707652, 0.900004269107367, 319.68343092166526]
 ± [0.13643356893319128, 0.046506927575913216, 80.59521802798604]
Retrieved eccentricity:
[0.12436144983005207, 0.0758047710638279, 0.02705164020756382]
