Global Fit Results.
chi^2: 1.5613417702974588
Δϕ range=[2.1 - 2.52, length=100]
mu_1: 2.287921799157916e-6 ± 1.6027475182722408e-6
P_1: 224.70079648438053 ± 3.7902441194620006e-5
t01: 3503.768635764659 ± 0.0005458013707447194
ecos1: -0.08753267646638285 ± 0.0844212580851678
esin1: -0.03878158456075533 ± 0.07127451932837167
mu_2: 2.5169346441069107e-6 ± 5.386446778829406e-7
P_2: 365.2564109557987 ± 8.689068335235797e-5
t02: 3624.407829100372 ± 0.0008303052818124719
ecos2: -0.05754957042472455 ± 0.06586826831220538
esin2: -0.02837524495368905 ± 0.055413512246517124
mu_3: 0.0007101146374877134 ± 0.0008574594842502184
P_3: 4462.222871601513 ± 565.3705453350136
t03: 1251.737035591645 ± 811.1867508851342
ecos3: -0.0068686721278381066 ± 0.16399852025928066
esin3: 0.09154868651144028 ± 0.12451991299071767
tcos: -0.00011071050031660703 ± 0.0009732256023178445
tsin: -0.0012256878919106385 ± 0.001301177965638119
dphi: 2.3141661913629594 ± 0.08857994657827054
Retrieved Earth masses:
[0.7616908414149445, 0.8379333889654039, 236.41009755148184]
 ± [0.5335838428646555, 0.17932462467525995, 285.46388092379635]
Retrieved eccentricity:
[0.12378989820957487, 0.08138738300339102, 0.009713769278682716]
 ± [0.1193896881366436, 0.09315179837715082, 0.2319289315597935]
