Global Fit Results.
chi^2: 401.3550796617611
Δϕ range=[2.25 - 2.37, length=100]
mu_1: 2.4086534853747783e-6 ± 1.1708624476983544e-7
P_1: 224.70077635647456 ± 1.2978960499555737e-6
t01: 3503.768787629458 ± 3.3971518466442966e-5
ecos1: 0.003492482458888804 ± 0.002388213467775145
esin1: -0.0033210545641909625 ± 0.0031134111359953152
mu_2: 3.063260800147352e-6 ± 3.60165003645739e-8
P_2: 365.2564490103786 ± 2.740673969057478e-6
t02: 3624.4076063559382 ± 4.529043440301992e-5
ecos2: 0.016089154899449672 ± 0.00186291896866649
esin2: -0.00022202138418158792 ± 0.00249137960237097
mu_3: 0.0008926260738027582 ± 5.076029693125215e-5
P_3: 4244.282003940386 ± 13.088816368041782
t03: 572.5931965261794 ± 39.55603021853565
ecos3: 0.028130311979704885 ± 0.006078935137063146
esin3: -0.03521850123222621 ± 0.004207514400107681
tcos: 7.261388339594546e-5 ± 6.109215648160124e-5
tsin: -0.0017368737947276744 ± 6.301320020108823e-5
dphi: 2.3119376565935315 ± 0.0026652267685979038
Retrieved Earth masses:
[0.8018846188831315, 1.0198153176373523, 297.1714791449536]
 ± [0.03898014360878797, 0.011990549011601272, 16.899027446772124]
Retrieved eccentricity:
[0.004939116059710682, 0.022753501065923255, 0.039782268715485]
 ± [0.003377443875969691, 0.002634565271090249, 0.008596912515621051]
