Global Fit Results.
chi^2: 188.92235424478199
Δϕ range=[2.25 - 2.37, length=10]
mu_1: 2.2879272355273055e-6 ± 1.4570507312001792e-7
P_1: 224.7007964844603 ± 3.4456505543385907e-6
t01: 3503.768635763335 ± 4.9617828083399583e-5
ecos1: -0.08753135296930058 ± 0.007674610325530773
esin1: -0.038781618569820576 ± 0.006479478355915527
mu_2: 2.5169399572604766e-6 ± 4.8967386282773335e-8
P_2: 365.25641095613696 ± 7.899084764318552e-6
t02: 3624.407829095262 ± 7.548164324963161e-5
ecos2: -0.05754854727925461 ± 0.005987983460734348
esin2: -0.02837529893481782 ± 0.005037580464543523
mu_3: 0.0007101207006657936 ± 7.795111879365624e-5
P_3: 4462.216384659936 ± 51.39590202934852
t03: 1251.7394019420246 ± 73.74287409526963
ecos3: -0.00686758928830484 ± 0.014908834026813762
esin3: 0.09154706693605588 ± 0.01131979256666926
tcos: -0.00011070966592561063 ± 8.847521803679952e-5
tsin: -0.0012256915466696302 ± 0.00011828857491369304
dphi: 2.3141663679443223 ± 0.008052678526461236
Retrieved Earth masses:
[0.7616926512813378, 0.8379351578110051, 236.4121160939055]
 ± [0.04850787285826823, 0.01630213483404197, 25.951347325345445]
Retrieved eccentricity:
[0.12378802650205135, 0.08138593605719115, 0.009712237912328897]
 ± [0.010853538008294212, 0.008468287421436297, 0.021084275279889507]
