Global Fit Results.
chi^2: 4.955000981536417
Δϕ range=[2.25 - 2.37, length=100]
mu_1: 2.408658315306915e-6 ± 1.053759107953775e-6
P_1: 224.70077635648357 ± 1.1681090191369412e-5
t01: 3503.7687876291657 ± 0.0003057442132216621
ecos1: 0.0034922121694737386 ± 0.021493756557514652
esin1: -0.0033207460379334774 ± 0.028020159037869585
mu_2: 3.0632591060851057e-6 ± 3.241477573238004e-7
P_2: 365.2564490103701 ± 2.4666146771203366e-5
t02: 3624.407606356249 ± 0.00040761602424311914
ecos2: 0.016088945775452924 ± 0.01676613220020452
esin2: -0.0002217759780978352 ± 0.022421972001973392
mu_3: 0.0008926276672437621 ± 0.0004568399254629657
P_3: 4244.282600661436 ± 117.80337135644463
t03: 572.5895793454429 ± 356.01474473567964
ecos3: 0.028130380358367228 ± 0.05471014136296397
esin3: -0.03521855919070046 ± 0.03786762366080853
tcos: 7.261340009993328e-5 ± 0.0005498283319052901
tsin: -0.0017368706606685806 ± 0.0005671106114992842
dphi: 2.311937518763254 ± 0.0239871472482385
Retrieved Earth masses:
[0.801886226855517, 1.0198147536531732, 297.1720096304883]
 ± [0.3508156012506146, 0.10791469276161712, 152.09033252181072]
Retrieved eccentricity:
[0.00493873381275413, 0.02275320531993084, 0.03978236541751666]
 ± [0.030396762029982868, 0.02371089154606949, 0.0773718239148529]
