Global Fit Results.
chi^2: 175.86429818579805
per 4 range=[657.45 - 730.5, length=300]
mu_1: 2.7270569108866545e-6 ± 1.5436289974063642e-7
P_1: 224.7007679177829 ± 2.619368013822283e-6
t01: 3503.7695629263453 ± 5.348546451359172e-5
ecos1: -0.007917560754135761 ± 0.001967512101692127
esin1: 0.0047596479018070246 ± 0.002094665021472744
mu_2: 3.0340307017416332e-6 ± 3.66504936701685e-8
P_2: 365.2564595225614 ± 4.083534656665335e-6
t02: 3624.4086267686935 ± 5.6900523946647876e-5
ecos2: 0.008284456913270163 ± 0.0015181392545178152
esin2: 0.006993871229255518 ± 0.0016263464487012668
mu_3: 4.120402355515096e-7 ± 5.8629357032145827e-8
P_3: 684.4223488227543 ± 0.975785730296276
t03: 366.5679851747518 ± 19.89417942326575
ecos3: -0.009134521076359774 ± 0.030935702370241933
esin3: 0.15553370057078253 ± 0.023501791835810894
mu_4: 0.0013393430534428862 ± 8.465579132229836e-5
P_4: 4406.558372706554 ± 17.4790264131877
t04: 164.56491170392385 ± 42.633437637279194
ecos4: 0.037458235091363465 ± 0.00463152519623292
esin4: -0.03524702795793329 ± 0.003269232414103638
tsin: 5.1722325098191935e-5 ± 7.094888795348052e-5
tcos: -0.0014735466778034812 ± 8.747512216259579e-5
dphi: 2.3067765477247986 ± 0.004070183336654477
Retrieved Earth masses:
[0.9078869189516059, 1.0100840854521056, 0.13717569972433272, 445.8916986129733]
 ± [0.051390221042507206, 0.012201616931216151, 0.019518780889219555, 28.183454935681038]
Retrieved eccentricity:
[0.009238074282262882, 0.01084188457415213, 0.15580170566632542, 0.051434155539166616]
