Global Fit Results.
chi^2: 2.1735982700799603
Δϕ range=[2.2 - 2.38, length=100]
mu_1: 2.360946466562922e-6 ± 1.2478388701343476e-6
P_1: 224.7007889362596 ± 1.9363921324605523e-5
t01: 3503.7686251232435 ± 0.0003894739845672116
ecos1: 0.012392700756937191 ± 0.03830743787102793
esin1: -0.0027560105614519103 ± 0.04442540453549325
mu_2: 3.1466821824211586e-6 ± 4.586093070630689e-7
P_2: 365.2564593136329 ± 4.1597656627934536e-5
t02: 3624.407481412571 ± 0.0005260662466675657
ecos2: 0.021417584880895953 ± 0.029501763141967452
esin2: 0.00010118560466091547 ± 0.03536827119845052
mu_3: 0.0006954899802737813 ± 0.000569062885293893
P_3: 4198.937832890396 ± 164.64842291912962
t03: 567.2056122718199 ± 482.65586250168514
ecos3: 0.006970531164390072 ± 0.11144778611511466
esin3: -0.0650811789732506 ± 0.07486047852852587
tcos: 9.564086498739544e-5 ± 0.0006918630938394486
tsin: -0.0017943531628097935 ± 0.0007149230256033349
dphi: 2.312061355936081 ± 0.03430408804663618
Retrieved Earth masses:
[0.78600208333774, 1.0475878153160407, 231.54128277696245]
 ± [0.41542828924167363, 0.15267939188575522, 189.45139998974417]
Retrieved eccentricity:
[0.017525925484891895, 0.03028903901184001, 0.009857819709624762]
 ± [0.05417489817697242, 0.041721793549289066, 0.15761097062045107]
