Global Fit Results.
chi^2: 15.969572013146816
per 4 range=[657.45 - 1314.9, length=100]
mu_1: 1.8797115676765395e-6 ± 1.9427388260175625e-7
P_1: 224.70080764453493 ± 2.3542966904657017e-5
t01: 3503.765902136324 ± 0.0015473135152638715
ecos1: -0.0025546564913470717 ± 0.003298551268286776
esin1: -0.01633952278993209 ± 0.003850865916579206
mu_2: 2.970629406223141e-6 ± 5.449038121901704e-8
P_2: 365.2560991991409 ± 0.00010787411849783069
t02: 3624.410841465834 ± 0.0008328027255876378
ecos2: 0.00920546584795693 ± 0.0029857120679195924
esin2: -0.009229926516977861 ± 0.003081770285274182
mu_3: 6.319789684038912e-7 ± 1.800451281280841e-7
P_3: 672.0264364334386 ± 0.9015481872082418
t03: 636.4555835340379 ± 16.082680841040297
ecos3: 0.17147161343015396 ± 0.09209754232566361
esin3: 0.19894089401235818 ± 0.10902869240873805
mu_4: 0.007307746980219827 ± 0.0022488286457197208
P_4: 7519.362457600532 ± 464.2250769829445
t04: -3139.6957641415256 ± 583.5712945245909
ecos4: 0.061422044809804864 ± 0.0038765123528483386
esin4: 0.018891605468372995 ± 0.009574403299059219
tsin: 0.000540636069515623 ± 0.00014856918377528417
tcos: -0.0013878107170078096 ± 0.000166726017838252
dphi: 2.3253304587713344 ± 0.007379085880188114
Retrieved Earth masses:
[0.6257902198090494, 0.9889766393199639, 0.21039731007295825, 2432.882080261594]
 ± [0.06467731421517275, 0.018140840449621266, 0.059940302674250774, 748.6760185539263]
Retrieved eccentricity:
[0.003612829857267494, 0.013018494650143033, 0.2424974812749203, 0.08686388879871401]
 ± [0.004664855939794132, 0.004222434499792907, 0.13024559341818365, 0.005482216344104957]
