Global Fit Results.
chi^2: 396.5883593298501
Δϕ range=[2.2 - 2.38, length=200]
mu_1: 2.1053289333614156e-6 ± 1.2743843042517306e-7
P_1: 224.70077836952208 ± 1.5582680695764513e-6
t01: 3503.7694741280957 ± 3.6115702409245184e-5
ecos1: -0.0004294119218406477 ± 0.002105675900480204
esin1: -0.004803699583733476 ± 0.0027081141210767495
mu_2: 3.07038623835999e-6 ± 3.7195416170524696e-8
P_2: 365.2564669354538 ± 3.3221489223503885e-6
t02: 3624.4085833716667 ± 4.873674710650429e-5
ecos2: 0.013489160817660965 ± 0.0016352947476791155
esin2: -0.0010969743274322557 ± 0.0021673605349379604
mu_3: 0.0009660842059268762 ± 5.083633771040243e-5
P_3: 4222.679494122086 ± 14.070343028252331
t03: 569.7239106089249 ± 37.941603232452664
ecos3: 0.04049876141759455 ± 0.0054196143138763465
esin3: -0.04783301765156142 ± 0.003950391123879723
tcos: 0.00026852240912839966 ± 6.482473098029083e-5
tsin: -0.0018588000529756047 ± 7.163239564073058e-5
dphi: 2.319198855970041 ± 0.002732081962931764
Retrieved Earth masses:
[0.7009023504638591, 1.0221875058081336, 321.6270293682974]
 ± [0.04242657477841974, 0.012383031557343237, 16.924342807233366]
Retrieved eccentricity:
[0.0006072801637117394, 0.019076554173367885, 0.05727389765607444]
