Global Fit Results.
chi^2: 1.9639090860726451
per 4 range=[657.45 - 712.2375, length=100]
mu_1: 2.2563734333127586e-6 ± 1.1610253352840543e-6
P_1: 224.70077130978424 ± 1.688013504704962e-5
t01: 3503.7688742933096 ± 0.00036696285165810816
ecos1: -0.0022239529688069587 ± 0.018315938414144483
esin1: -0.0029369106770474785 ± 0.02227267743882939
mu_2: 3.0234630477749422e-6 ± 3.1373821838623574e-7
P_2: 365.25645819554205 ± 2.671289177825756e-5
t02: 3624.4074715313404 ± 0.00043789125586657927
ecos2: 0.01105076559861534 ± 0.014088036486010674
esin2: 0.0007939510093165108 ± 0.017846869659479306
mu_3: 1.9849869230489454e-7 ± 4.7189401887947515e-7
P_3: 686.5158019397749 ± 10.201763310133265
t03: 371.30796384254205 ± 163.70644729325295
ecos3: -0.006761384570052166 ± 0.5875198968415067
esin3: -0.20897404167862174 ± 0.4451369135479257
mu_4: 0.0011455982126609035 ± 0.0006069775276568015
P_4: 4348.931885753065 ± 141.67682085094293
t04: 360.11216811235545 ± 377.5025744179119
ecos4: 0.032635009131304904 ± 0.043113318743533496
esin4: -0.032104212599390836 ± 0.032495913222685587
tsin: 0.00011878682977337689 ± 0.0005614347987011857
tcos: -0.001791475006922582 ± 0.000637951345110579
dphi: 2.3145404924496438 ± 0.02377506558885575
Retrieved Earth masses:
[0.7511878157718878, 1.006565920956871, 0.06608383032021875, 381.39051205609525]
 ± [0.38652648218224384, 0.10444916763964245, 0.15710211443034475, 202.07387504723067]
Retrieved eccentricity:
[0.0031451444505667097, 0.015628142584167847, 0.00956204175938795, 0.04615287252166119]
 ± [0.025902648512873487, 0.019923492265723295, 0.8308786062773006, 0.060971440086019235]
