Global Fit Results.
chi^2: 3.0163744059050788
Δϕ range=[2.2 - 2.38, length=100]
mu_1: 2.2836791184142653e-6 ± 1.3637950252899426e-6
P_1: 224.70078036466273 ± 1.639123135644771e-5
t01: 3503.768729340397 ± 0.00036905042641346053
ecos1: 0.0005614581848490077 ± 0.022012904794965774
esin1: -0.005688830217764468 ± 0.029249296066002663
mu_2: 3.0502763469285758e-6 ± 3.7486375630008384e-7
P_2: 365.25646731730166 ± 3.549350969025908e-5
t02: 3624.407428105763 ± 0.0004999773479266886
ecos2: 0.013533629274765991 ± 0.017069338353245835
esin2: -0.0018846135341420139 ± 0.023480326003233094
mu_3: 0.0009439867286600499 ± 0.0005289576905744815
P_3: 4227.467929819843 ± 144.3383573919184
t03: 575.3325241591868 ± 408.65791535922745
ecos3: 0.034868791743483236 ± 0.06001999363811213
esin3: -0.04515827468367961 ± 0.04442622057512631
tcos: 9.553911090354758e-5 ± 0.000652898951901695
tsin: -0.001786307207626234 ± 0.0007916153363475371
dphi: 2.3130811567956324 ± 0.030498290100909438
Retrieved Earth masses:
[0.7602783757149911, 1.0154925566491217, 314.2703766808186]
 ± [0.45403220543330863, 0.12479897261229332, 176.09965015188607]
Retrieved eccentricity:
[0.0007940217797188468, 0.01913944206850362, 0.04931191818719699]
 ± [0.031130948508268332, 0.024139689799895492, 0.08488108901656506]
