Global Fit Results.
chi^2: 429.78604596321816
Δϕ range=[2.25 - 2.37, length=200]
mu_1: 2.2955379341060816e-6 ± 1.2219652370101178e-7
P_1: 224.70077464273126 ± 1.2977789329090554e-6
t01: 3503.769561731672 ± 3.396452035759289e-5
ecos1: -0.0019492397929171032 ± 0.0018878289202457887
esin1: -0.004802042447664019 ± 0.002441338530985105
mu_2: 3.0531946206133173e-6 ± 3.4613469446710824e-8
P_2: 365.2564501914311 ± 2.7335285689080604e-6
t02: 3624.4087398358297 ± 4.5154502103496925e-5
ecos2: 0.012111329526907508 ± 0.0014662968941294284
esin2: -0.0009197062890548849 ± 0.0019619907219050083
mu_3: 0.001034685854645809 ± 5.081678411366841e-5
P_3: 4247.9197334006685 ± 12.610299391447661
t03: 575.6968932478064 ± 35.85320834579619
ecos3: 0.04048736095562725 ± 0.004614889885315869
esin3: -0.031349015724050355 ± 0.0033808045862973863
tcos: 4.6873927984674926e-5 ± 6.136072110715626e-5
tsin: -0.0017760521068865608 ± 6.738776627484128e-5
dphi: 2.311816209765303 ± 0.0026931435515620316
Retrieved Earth masses:
[0.7642263914670194, 1.0164641031151014, 344.465767805253]
 ± [0.04068144854866197, 0.011523454462848932, 16.91783305871202]
Retrieved eccentricity:
[0.0027566413514606906, 0.017128006475322317, 0.05725777496814297]
