Global Fit Results.
chi^2: 1.804897208482543
Δϕ range=[2.1 - 2.52, length=100]
mu_1: 2.4410298237318736e-6 ± 1.6669052408211938e-6
P_1: 224.70078858663481 ± 3.2838848871325025e-5
t01: 3503.768713219856 ± 0.0005098967998502171
ecos1: -0.09445615239311315 ± 0.0850884249770093
esin1: -0.028841653044403667 ± 0.061745258604852755
mu_2: 2.5425570825078572e-6 ± 5.196847306445144e-7
P_2: 365.2564113501381 ± 7.705800013262031e-5
t02: 3624.4078712184087 ± 0.000759490648857574
ecos2: -0.062112267679944363 ± 0.06581954971577282
esin2: -0.020894741097740754 ± 0.04843711968735588
mu_3: 0.0007617414137809544 ± 0.0008745775070003207
P_3: 4534.1815171751705 ± 482.4212694133355
t03: 1234.1956062136337 ± 708.5094518386517
ecos3: 0.007010306022151217 ± 0.13869128645173304
esin3: 0.09813009619080228 ± 0.12484611941893335
tcos: -0.00015547591927113724 ± 0.0009522195478068022
tsin: -0.00107501216133706 ± 0.0013533216944122397
dphi: 2.299819763160407 ± 0.09613330020314649
Retrieved Earth masses:
[0.8126632916569244, 0.8464635654215673, 253.59759176077392]
 ± [0.5549431173335491, 0.17301251288431715, 291.16278250193795]
Retrieved eccentricity:
[0.1335811717639205, 0.08784001134272537, 0.009914069852912034]
 ± [0.12033320460345216, 0.09308289987733612, 0.19613909828301274]
