Global Fit Results.
chi^2: 280.0157537567118
Δϕ range=[2.2 - 2.38, length=200]
mu_1: 2.4248731602598705e-6 ± 1.2498674975056402e-7
P_1: 224.70079128055792 ± 1.9395252858893058e-6
t01: 3503.7693176068533 ± 3.8994495672309065e-5
ecos1: 0.015498092852985267 ± 0.004220327977116039
esin1: -0.009083092961502313 ± 0.004927559943226804
mu_2: 3.152785267089254e-6 ± 4.6848015875896215e-8
P_2: 365.2564620496534 ± 4.1593014273868725e-6
t02: 3624.4086177880426 ± 5.264641975277463e-5
ecos2: 0.023723577249870946 ± 0.003262433836970586
esin2: -0.004951128993187697 ± 0.003927512379229695
mu_3: 0.000633824654969895 ± 5.734846332293527e-5
P_3: 4209.411883189964 ± 16.569540211423437
t03: 591.9591918523556 ± 50.60384947601607
ecos3: -0.013534569111941046 ± 0.013758022520420032
esin3: -0.06391622236514313 ± 0.008806327200278704
tcos: -3.2551822527480555e-5 ± 7.04678082256453e-5
tsin: -0.0017562895456666994 ± 6.954260007925241e-5
dphi: 2.307192699750264 ± 0.003510218377176143
Retrieved Earth masses:
[0.8072844440936128, 1.049619643369683, 211.01177274994535]
 ± [0.04161036562450065, 0.015596557821279416, 19.092348041955812]
Retrieved eccentricity:
[0.0219176131036093, 0.0335502046947733, 0.019140771198983005]
