Global Fit Results.
chi^2: 45.90113719299215
Δϕ range=[2.25 - 2.37, length=100]
mu_1: 2.383583608778575e-6 ± 3.4888862936435794e-7
P_1: 224.70077506549973 ± 3.6641874688189757e-6
t01: 3503.7688081535184 ± 9.992992276754429e-5
ecos1: 0.004646069821629745 ± 0.007197073089382762
esin1: -0.0034429644467206364 ± 0.009600193182233792
mu_2: 3.071954156689513e-6 ± 1.0727442296794103e-7
P_2: 365.2564502820756 ± 8.102715192046981e-6
t02: 3624.4075962911115 ± 0.000135664796851395
ecos2: 0.016708619806825944 ± 0.005641461001137802
esin2: -0.0004761314214860874 ± 0.007688674300077342
mu_3: 0.0008679340187372109 ± 0.00015178507956589636
P_3: 4248.974064189199 ± 36.90738378214385
t03: 572.048697026624 ± 121.59309096339324
ecos3: 0.024761735270279164 ± 0.018991253913703737
esin3: -0.03489059585331068 ± 0.013262967287207033
tcos: 8.899390145803568e-5 ± 0.0001825578557509729
tsin: -0.0017687136892629788 ± 0.00018168057928512107
dphi: 2.313123027314637 ± 0.007522916051863859
Retrieved Earth masses:
[0.7935384003166756, 1.0227094943796502, 288.95104424806897]
 ± [0.11615137971868347, 0.03571360940869024, 50.53201775136463]
Retrieved eccentricity:
[0.006570534953481132, 0.023629556739348974, 0.035018381847121006]
 ± [0.010178198372395532, 0.007978230659407979, 0.026857688851230948]
