Global Fit Results.
chi^2: 3.1350623595325957
Δϕ range=[2.1 - 2.52, length=100]
mu_1: 2.453928504379088e-6 ± 1.2646163356222374e-6
P_1: 224.70078260870477 ± 2.5317319998350875e-5
t01: 3503.7687691252113 ± 0.00040725568568686485
ecos1: -0.0817578947088689 ± 0.05628175358070767
esin1: -0.036338586530380114 ± 0.05079873287508358
mu_2: 2.6005793255669196e-6 ± 4.0074265548191497e-7
P_2: 365.2564121787689 ± 6.401987748352357e-5
t02: 3624.4078688873906 ± 0.0006456098399667398
ecos2: -0.05266490233758218 ± 0.04371250044227469
esin2: -0.027159697129818194 ± 0.03970951626634544
mu_3: 0.0007944733551655788 ± 0.0007163094430445924
P_3: 4535.6446667206565 ± 389.47206521371504
t03: 1154.3395842534471 ± 604.1018716954488
ecos3: 0.006721812674309957 ± 0.10999866163180792
esin3: 0.08492866322145756 ± 0.08702529406036373
tcos: -0.00018576336792280835 ± 0.000751407218805977
tsin: -0.0011394563630372735 ± 0.0010177244659760505
dphi: 2.3021129955151944 ± 0.07007232428126094
Retrieved Earth masses:
[0.8169574973937356, 0.8657802270105716, 264.49465125973734]
 ± [0.4210138131039771, 0.13341452953384392, 238.47246115969511]
Retrieved eccentricity:
[0.11562312352835391, 0.07447941914686323, 0.009506078647740505]
 ± [0.07959441922797729, 0.06181881097070478, 0.15556159912259176]
