Global Fit Results.
chi^2: 1.9866494440947404
Δϕ range=[2.2 - 2.38, length=100]
mu_1: 2.214937564320629e-6 ± 1.577548145962005e-6
P_1: 224.70077951328258 ± 3.143496735041565e-5
t01: 3503.768785591742 ± 0.0005393586592838764
ecos1: -0.08427121854025989 ± 0.0812769196452321
esin1: -0.028208080555457912 ± 0.061526616853642746
mu_2: 2.542560691171253e-6 ± 5.353193127305306e-7
P_2: 365.2564228236647 ± 8.016684660057388e-5
t02: 3624.407778198362 ± 0.0008297696348566506
ecos2: -0.055921485062946655 ± 0.063845008622627
esin2: -0.02037120518349498 ± 0.04835238905684627
mu_3: 0.0007568768327873156 ± 0.0009876223228951484
P_3: 4470.360817580137 ± 449.83634061121575
t03: 1293.715884070199 ± 695.7693928387083
ecos3: 0.011713780415724743 ± 0.1544367147266884
esin3: 0.09587865559499104 ± 0.1349583596031601
tcos: -0.00013244797319634244 ± 0.0009592663123577786
tsin: -0.0013038438551467983 ± 0.0011060041586292732
dphi: 2.30019389755825 ± 0.07003825912257712
Retrieved Earth masses:
[0.7373930602304217, 0.8464647668113434, 251.978084139692]
 ± [0.525194512816235, 0.17821755004452594, 328.79746082364477]
Retrieved eccentricity:
[0.11917750017734255, 0.0790849226040636, 0.016565787130578283]
 ± [0.11494292207019549, 0.0902904770839463, 0.21840649649482743]
