Global Fit Results.
chi^2: 7.156019547163406
per 4 range=[657.45 - 803.5500000000001, length=100]
mu_1: 1.794343532304699e-6 ± 3.3433974698393644e-7
P_1: 224.70077874871535 ± 9.303393939193107e-6
t01: 3503.7688365768845 ± 0.00016090042354740443
ecos1: -0.004564142209269937 ± 0.003474874064032598
esin1: -0.012869985108473777 ± 0.0032571000214949245
mu_2: 2.9384038037015894e-6 ± 1.200608407548846e-7
P_2: 365.25618550612563 ± 5.477874953767889e-5
t02: 3624.4104666539597 ± 0.0005987499608915271
ecos2: 0.008356559431817933 ± 0.0034526673182164345
esin2: -0.005850471094613868 ± 0.0028095106541147483
mu_3: 1.2045807200258762e-6 ± 9.862845712756046e-7
P_3: 800.3343739556303 ± 1.7799246392505608
t03: 601.4743622130329 ± 32.969498184477466
ecos3: 0.4880440726894609 ± 0.34467140363511356
esin3: 0.012635534086110825 ± 0.22107509056577954
mu_4: 0.008024506633980159 ± 0.0017372895437874655
P_4: 7110.241158570822 ± 193.9980537872993
t04: -2737.0460059576944 ± 259.2746648211865
ecos4: 0.0593617024982581 ± 0.0040318541935872995
esin4: 0.0035511583553241408 ± 0.0036028468067397044
tsin: 0.0006233055292249093 ± 0.0002685204128994261
tcos: -0.0025305281750518075 ± 0.0002444415756227323
dphi: 2.3093369017993535 ± 0.008406522106649649
Retrieved Earth masses:
[0.5973696458557567, 0.9782481492514755, 0.401026863123743, 2671.5044247691435]
 ± [0.11130779176647766, 0.03997044079445032, 0.3283520989423647, 578.375333840475]
Retrieved eccentricity:
[0.006454671812949045, 0.011817959683253727, 0.6901985466332362, 0.08395012475859344]
 ± [0.004914214028893415, 0.004882808947784025, 0.4874389735829489, 0.005701902882081998]
