Global Fit Results.
chi^2: 4.131102352894701
Δϕ range=[2.25 - 2.37, length=100]
mu_1: 2.3836053560451162e-6 ± 1.1629710954288104e-6
P_1: 224.70077506544865 ± 1.2213940727757331e-5
t01: 3503.768808154426 ± 0.0003330995177492519
ecos1: 0.004646238629572334 ± 0.023990639330738323
esin1: -0.0034432451520677726 ± 0.03200291786628191
mu_2: 3.0719551946528785e-6 ± 3.575824386308922e-7
P_2: 365.2564502815022 ± 2.7008697495653844e-5
t02: 3624.407596300622 ± 0.00045221622959930113
ecos2: 0.016708788950281907 ± 0.018805159263617293
esin2: -0.0004763841083083873 ± 0.02563076340659091
mu_3: 0.000867929670895308 ± 0.0005059556907604574
P_3: 4248.979829308046 ± 123.02149565986137
t03: 572.0345330261744 ± 405.3172327750112
ecos3: 0.024760809792708324 ± 0.0633057968099015
esin3: -0.03489131095548928 ± 0.04421121814217409
tcos: 8.896407655850662e-5 ± 0.000608526383468258
tsin: -0.0017687046897003765 ± 0.0006055980975270118
dphi: 2.313122039767164 ± 0.025077253225552085
Retrieved Earth masses:
[0.7935456403778334, 1.022709839936561, 288.94959677230355]
 ± [0.3871742611764369, 0.11904570718117138, 168.4418654325749]
Retrieved eccentricity:
[0.006570773683962978, 0.023629795944318386, 0.035017073024188654]
 ± [0.03392788751153153, 0.026594511273193622, 0.08952791642539812]
