Global Fit Results.
chi^2: 0.7460173587563812
per 4 range=[657.45 - 1314.9, length=100]
mu_1: 1.7611680140732442e-6 ± 1.4832389649820667e-6
P_1: 224.70085427905897 ± 5.811698688780651e-5
t01: 3503.766206657094 ± 0.004067294187291868
ecos1: -0.013138041674918853 ± 0.038035254004629176
esin1: -0.022461560524680752 ± 0.02113479528827104
mu_2: 2.868332809351268e-6 ± 4.16068932020976e-7
P_2: 365.25632674990163 ± 0.00025049166844675865
t02: 3624.409083262199 ± 0.002445767935423115
ecos2: 0.00011537422807678255 ± 0.032580308957612256
esin2: -0.014349742371168045 ± 0.017446263109488238
mu_3: 3.0827179903463905e-7 ± 1.129255522846717e-6
P_3: 671.4054473384507 ± 3.950397358707649
t03: 681.0871933170392 ± 362.96097726387205
ecos3: 0.3083033254921937 ± 1.683593162602801
esin3: 0.38871608043022965 ± 2.0997588879099895
mu_4: 0.005013451705822248 ± 0.006241094717032378
P_4: 6865.02875120834 ± 1766.2302668613952
t04: -2221.194324805496 ± 2671.3158263934047
ecos4: 0.057092237260995986 ± 0.019329385543419363
esin4: 0.0008404135847567901 ± 0.019911231614830598
tsin: 0.00037451885252905344 ± 0.0009689113170904011
tcos: -0.0015093279565274106 ± 0.0011047366494212807
dphi: 2.3113831167660326 ± 0.04919424346307795
Retrieved Earth masses:
[0.5863249115447351, 0.9549202388897131, 0.10262929706671592, 1669.0693928465712]
 ± [0.4937972686271186, 0.1385169261616885, 0.37594973293500256, 2077.7741127849813]
Retrieved eccentricity:
[0.018579996719693175, 0.00016316379809451262, 0.4360067442357871, 0.0807406162407231]
 ± [0.05378997206165216, 0.04607551479416089, 2.3809602840714925, 0.0273358791878421]
