Global Fit Results.
chi^2: 460.69331512167764
Δϕ range=[2.25 - 2.37, length=200]
mu_1: 2.2627283252954088e-6 ± 1.1797533390507066e-7
P_1: 224.70077551261963 ± 1.181006513699307e-6
t01: 3503.7695207944134 ± 3.2896748929993886e-5
ecos1: 0.00450388202793217 ± 0.0022179205044781897
esin1: -0.006141572450208021 ± 0.00281531686076075
mu_2: 3.062855360857302e-6 ± 3.456352805674944e-8
P_2: 365.25645160660554 ± 2.6501845937428724e-6
t02: 3624.408772696166 ± 4.498784629938807e-5
ecos2: 0.016404912183045038 ± 0.0017304081381621567
esin2: -0.0025798254649800423 ± 0.002272305885223527
mu_3: 0.0009478643487764811 ± 5.08754691829575e-5
P_3: 4260.267008412244 ± 11.326070207397748
t03: 574.4873464520781 ± 36.14985722758972
ecos3: 0.030678337653291858 ± 0.005457293026268816
esin3: -0.030867848055801898 ± 0.003865207093142284
tcos: 9.362738011894004e-5 ± 5.918005508418959e-5
tsin: -0.0018124625023898183 ± 6.140725756097723e-5
dphi: 2.313802630641355 ± 0.002217579607015845
Retrieved Earth masses:
[0.753303475067213, 1.0196803395126217, 315.56130704839455]
 ± [0.03927613757665849, 0.011506828064448813, 16.937370387226377]
Retrieved eccentricity:
[0.006369451047230114, 0.02320004929880191, 0.04338572118034653]
