Global Fit Results.
chi^2: 71.61608207955857
per 4 range=[657.45 - 803.5500000000001, length=100]
mu_1: 2.7405966460504908e-6 ± 1.9414508800364317e-7
P_1: 224.7007901087644 ± 2.4830550175528484e-6
t01: 3503.7686210231027 ± 4.327573504036631e-5
ecos1: 0.00016080164326324383 ± 0.0033729436318651208
esin1: -0.008151553149243713 ± 0.0039431732729331
mu_2: 3.010181044885087e-6 ± 4.423448955488014e-8
P_2: 365.26289108861073 ± 0.0025595518846244624
t02: 3624.358831658779 ± 0.019629858346777114
ecos2: 0.013584669811422104 ± 0.0025129387521161074
esin2: -0.004585941272187665 ± 0.0031826647586847027
mu_3: 2.9707061161069277e-6 ± 4.857732315777082e-7
P_3: 734.9867230955631 ± 1.046020015384862
t03: 107.27954079079332 ± 11.193210181241717
ecos3: 0.09006861356058339 ± 0.004571921575682122
esin3: -0.006439611724951941 ± 0.012779292738459073
mu_4: 0.0009405797110031951 ± 8.287605910821863e-5
P_4: 4272.641173713825 ± 38.570797851604894
t04: 503.9670465886417 ± 68.96751725854227
ecos4: 0.013462972349525365 ± 0.00944060208077024
esin4: -0.04576145761314483 ± 0.006614821628881115
tsin: 1.1289563035781096e-5 ± 8.250356374786221e-5
tcos: -0.0014333963962577026 ± 0.00011829498577269302
dphi: 2.308835144463589 ± 0.005805332170705204
Retrieved Earth masses:
[0.912394543413803, 1.0021441002632732, 0.9890021774375466, 313.1361184440552]
 ± [0.06463443614746843, 0.014726467303654414, 0.1617227571473227, 27.590949663807404]
Retrieved eccentricity:
[0.00022740786475475966, 0.019211624287673493, 0.1273762548415183, 0.019039518086552746]
 ± [0.004770062629303618, 0.0035538320646555203, 0.006465673498435828, 0.013351027499592936]
