Global Fit Results.
chi^2: 413.1102344995295
Δϕ range=[2.25 - 2.37, length=100]
mu_1: 2.3835700761254323e-6 ± 1.1629778624524898e-7
P_1: 224.70077506548458 ± 1.2213964333884823e-6
t01: 3503.7688081540505 ± 3.3309991754545155e-5
ecos1: 0.004645976829440131 ± 0.002399034481685498
esin1: -0.003443849414611885 ± 0.003200144705953538
mu_2: 3.071953698329549e-6 ± 3.5758137530957205e-8
P_2: 365.25645028226336 ± 2.7009149532153655e-6
t02: 3624.4075962879606 ± 4.522181376044653e-5
ecos2: 0.016708546247154735 ± 0.0018804950558233345
esin2: -0.00047684202601992726 ± 0.0025629687167047256
mu_3: 0.000867932991003043 ± 5.059549999505054e-5
P_3: 4248.972115765585 ± 12.30201523024707
t03: 572.0609536383685 ± 40.530266778280456
ecos3: 0.024761210437001472 ± 0.006330468667085644
esin3: -0.03488972424307204 ± 0.004421092566988761
tcos: 8.899334568935395e-5 ± 6.085290256561451e-5
tsin: -0.0017687181965530688 ± 6.0560540004832553e-5
dphi: 2.3131232339011194 ± 0.002507672541234289
Retrieved Earth masses:
[0.7935338950499472, 1.022709341783269, 288.95070209664425]
 ± [0.038717651404188105, 0.011904535318213552, 16.844163544935878]
Retrieved eccentricity:
[0.006570403442665384, 0.023629452710264304, 0.035017639620781714]
 ± [0.00339274710060034, 0.00265942161192091, 0.008952634645170448]
