Global Fit Results.
chi^2: 1.7963622052142398
Δϕ range=[2.2 - 2.38, length=100]
mu_1: 2.3609359708063745e-6 ± 1.3726165701499227e-6
P_1: 224.7007889362641 ± 2.130027210260728e-5
t01: 3503.7686251234845 ± 0.00042842163622335304
ecos1: 0.012393274076561635 ± 0.042138449013285145
esin1: -0.0027566485466301244 ± 0.04886808376460867
mu_2: 3.1466858961952927e-6 ± 5.044697651700381e-7
P_2: 365.25645931371 ± 4.575715763037712e-5
t02: 3624.4074814115734 ± 0.0005786709236577575
ecos2: 0.021418002706936577 ± 0.03245212671992717
esin2: 0.00010066433172722636 ± 0.03890558606053426
mu_3: 0.0006954832683426886 ± 0.0006259650207267908
P_3: 4198.937445798353 ± 181.11108830135282
t03: 567.2116804655118 ± 530.9082598439876
ecos3: 0.00696894064077969 ± 0.12259460915006315
esin3: -0.06508115581284964 ± 0.08234559776677988
tcos: 9.564166255175471e-5 ± 0.0007610494287973483
tsin: -0.0017943600678686211 ± 0.0007864197092948378
dphi: 2.3120616446355693 ± 0.03773333860087908
Retrieved Earth masses:
[0.7859985891092053, 1.0475890516990962, 231.5390482528439]
 ± [0.4569690584015573, 0.16794717373740284, 208.39515734724793]
Retrieved eccentricity:
[0.017526736281280358, 0.030289629907093368, 0.009855570369563684]
 ± [0.05959276609195502, 0.04589423773517131, 0.17337495893384805]
