Global Fit Results.
chi^2: 7.053890303900344
Δϕ range=[2.1 - 2.52, length=100]
mu_1: 2.453937773360071e-6 ± 8.430841807499519e-7
P_1: 224.7007826088502 ± 1.687812514272352e-5
t01: 3503.7687691223173 ± 0.0002715028938313961
ecos1: -0.08175772994279619 ± 0.037521174987741296
esin1: -0.03633956913272798 ± 0.0338661626092444
mu_2: 2.6005801130978335e-6 ± 2.67165229028228e-7
P_2: 365.25641217947015 ± 4.267894266046545e-5
t02: 3624.407868880499 ± 0.00043039604727564124
ecos2: -0.05266473211311989 ± 0.029141810114250415
esin2: -0.02716047746651209 ± 0.026473272782215042
mu_3: 0.0007944662092006019 ± 0.00047754102395804817
P_3: 4535.636683576752 ± 259.6490251100141
t03: 1154.3439167495196 ± 402.7377627762294
ecos3: 0.006720500764418687 ± 0.07333358836115485
esin3: 0.08492831384875148 ± 0.05801743500627257
tcos: -0.0001857720505177829 ± 0.0005009395692016387
tsin: -0.0011394488436838805 ± 0.0006784868524869896
dphi: 2.3021126162955827 ± 0.04671528491333442
Retrieved Earth masses:
[0.8169605832063394, 0.8657804891939578, 264.4922722378328]
 ± [0.2806780805425319, 0.08894417115577369, 158.9821052811491]
Retrieved eccentricity:
[0.11562289051393926, 0.07447917841312002, 0.00950422332697966]
 ± [0.05306295454383789, 0.041212743095674374, 0.10370935523783094]
