Global Fit Results.
chi^2: 8.378817797856463
Δϕ range=[2.2 - 2.38, length=100]
mu_1: 2.2836921100392894e-6 ± 8.182656119140658e-7
P_1: 224.7007803646937 ± 9.834765070167764e-6
t01: 3503.7687293400263 ± 0.00022143026118300112
ecos1: 0.0005614485541712387 ± 0.01320772784572259
esin1: -0.0056884299163156215 ± 0.01754939796838256
mu_2: 3.050275802293788e-6 ± 2.2491840888275458e-7
P_2: 365.25646731717234 ± 2.129603813877502e-5
t02: 3624.4074281090684 ± 0.00029998445047383086
ecos2: 0.013533615529159654 ± 0.010241592656898503
esin2: -0.0018842753948661599 ± 0.01408808950870407
mu_3: 0.0009439911509753769 ± 0.0003173740280980274
P_3: 4227.4721874104725 ± 86.601438379745
t03: 575.3175368424253 ± 245.1830019082207
ecos3: 0.03486947358270742 ± 0.036011619735351545
esin3: -0.04515886394197482 ± 0.02665465428496262
tcos: 9.553733390049044e-5 ± 0.0003917385281236221
tsin: -0.001786301357890692 ± 0.00047495738824077246
dphi: 2.3130809522351607 ± 0.018299056143916307
Retrieved Earth masses:
[0.760282700863604, 1.0154923753302803, 314.27184895014335]
 ± [0.27241552690705423, 0.07487943520389144, 105.65959491893955]
Retrieved eccentricity:
[0.0007940081598837312, 0.019139422629280714, 0.04931288245347519]
 ± [0.01867854784755367, 0.014483799235686564, 0.05092812103275676]
