Global Fit Results.
chi^2: 0.11089980576000773
per 4 range=[657.45 - 1314.9, length=100]
mu_1: 1.8797029709226156e-6 ± 2.3312628469013148e-6
P_1: 224.70080764683138 ± 0.00028248035700731395
t01: 3503.7659021713484 ± 0.01856832467034952
ecos1: -0.0025548297357826286 ± 0.03958143872183294
esin1: -0.016339602139207 ± 0.04621198545341926
mu_2: 2.9706270410417394e-6 ± 6.53871343559746e-7
P_2: 365.2560992061606 ± 0.0012943706187238183
t02: 3624.4108414212496 ± 0.009992858525448792
ecos2: 0.009205303504128615 ± 0.035827618231328295
esin2: -0.009229987968992171 ± 0.0369829993791169
mu_3: 6.319790338714752e-7 ± 2.1604841695422662e-6
P_3: 672.0264467857559 ± 10.819174730664862
t03: 636.4544886123733 ± 192.99665937364847
ecos3: 0.1714771983447224 ± 1.1052060248093176
esin3: 0.19893160761526843 ± 1.3083932977020056
mu_4: 0.0073076357926078195 ± 0.02698498688680421
P_4: 7519.311778176297 ± 5570.2122396282675
t04: -3139.634831917014 ± 7002.315271823239
ecos4: 0.061421705468894264 ± 0.046514861787521775
esin4: 0.018890728290886855 ± 0.11488413315514469
tsin: 0.0005406138613922582 ± 0.0017827444333558301
tcos: -0.0013878216412226145 ± 0.0020007230612647435
dphi: 2.3253300464302855 ± 0.08854776866380262
Retrieved Earth masses:
[0.6257873577930783, 0.9889758519079938, 0.21039733186830947, 2432.8450638802756]
 ± [0.7761198656655222, 0.21768568053176154, 0.7192645332406019, 8983.793665913867]
Retrieved eccentricity:
[0.0036130748618978643, 0.013018265061299264, 0.24250537953684764, 0.08686340889819598]
 ± [0.05597660745865572, 0.050667903610270036, 1.5629973495017924, 0.06578194839182332]
