Global Fit Results.
chi^2: 0.3315632690294757
per 4 range=[657.45 - 1314.9, length=100]
mu_1: 1.7611598066621592e-6 ± 2.2250422959567073e-6
P_1: 224.7008542795552 ± 8.71699305232721e-5
t01: 3503.766206630306 ± 0.006101423525993787
ecos1: -0.013139067745131815 ± 0.057063837392348264
esin1: -0.022462109615712295 ± 0.0317023858038801
mu_2: 2.868326944703993e-6 ± 6.241861807407717e-7
P_2: 365.2563267573541 ± 0.00037574117558955035
t02: 3624.4090831846643 ± 0.003668682430067951
ecos2: 0.0001145608881051745 ± 0.04887903721639045
esin2: -0.014350168156660298 ± 0.026170110160838752
mu_3: 3.0822292131595356e-7 ± 1.6937157357615694e-6
P_3: 671.4054473316705 ± 5.925860583790711
t03: 681.1031527639656 ± 544.5881148402107
ecos3: 0.3083317433122053 ± 2.5260708690410545
esin3: 0.38879883833573076 ± 3.1504520228090893
mu_4: 0.005013278445576478 ± 0.00936207413069577
P_4: 6865.016409116365 ± 2649.8092841482558
t04: -2221.1601359760252 ± 4007.686156913652
ecos4: 0.05709206754766585 ± 0.028997584161323024
esin4: 0.0008404411929129737 ± 0.029866958815702407
tsin: 0.00037452950933197435 ± 0.0014534170785090543
tcos: -0.0015093180290168193 ± 0.0016571960278642481
dphi: 2.311383590330084 ± 0.07379146481507007
Retrieved Earth masses:
[0.586322179148087, 0.9549182864418106, 0.10261302478385831, 1669.0117113548204]
 ± [0.7407571094496692, 0.2078029491143476, 0.5638688194521276, 3116.8050082058567]
Retrieved eccentricity:
[0.018581447802104294, 0.00016201356167584437, 0.4360469331022606, 0.0807403762298299]
 ± [0.08070045276131187, 0.06912539734715863, 3.5724036825134498, 0.04100877679699827]
