Global Fit Results.
chi^2: 2.838003475083555
Δϕ range=[2.25 - 2.37, length=100]
mu_1: 2.150709777070432e-6 ± 1.3970904065828456e-6
P_1: 224.70077713849287 ± 1.5814886076254668e-5
t01: 3503.7687790288137 ± 0.000386374538615814
ecos1: 0.0026642388451205883 ± 0.02322258764647096
esin1: -0.005513098443729454 ± 0.030342216912186786
mu_2: 3.060228717673356e-6 ± 4.0293813359318965e-7
P_2: 365.25645836163216 ± 3.3357021646876795e-5
t02: 3624.407522678498 ± 0.0005120675916420754
ecos2: 0.015058282906129266 ± 0.018164244835054213
esin2: -0.0018688665044649013 ± 0.024412836127497853
mu_3: 0.0010010078801821324 ± 0.0005786241313855837
P_3: 4243.507468764313 ± 144.33347148602985
t03: 577.9083389773541 ± 404.3558532834273
ecos3: 0.04088601452785866 ± 0.05514474042744726
esin3: -0.035624253750698415 ± 0.03957722082280011
tcos: 2.8670382066790354e-5 ± 0.0006784929271185703
tsin: -0.0018642588566812088 ± 0.0007573220634552643
dphi: 2.3099148237755003 ± 0.028757956520316465
Retrieved Earth masses:
[0.716010459946256, 1.0188058821524038, 333.253756662289]
 ± [0.46511684434079087, 0.13414544418770158, 192.63451297168075]
Retrieved eccentricity:
[0.003767802708170768, 0.021295627911898953, 0.05782155625668111]
 ± [0.03284169840303713, 0.02568812139599911, 0.07798643980603982]
