Global Fit Results.
chi^2: 9.53884501551913
Δϕ range=[2.25 - 2.37, length=100]
mu_1: 2.150696482325267e-6 ± 7.620643829651983e-7
P_1: 224.70077713848514 ± 8.626312724606688e-6
t01: 3503.7687790289465 ± 0.0002107503853167779
ecos1: 0.00266436186123359 ± 0.012666919706011694
esin1: -0.005513543245985264 ± 0.016550806563125065
mu_2: 3.0602295649110564e-6 ± 2.197844337734105e-7
P_2: 365.2564583619467 ± 1.8194690165038813e-5
t02: 3624.4075226731384 ± 0.00027930680316354744
ecos2: 0.015058368610753924 ± 0.009907803609164113
esin2: -0.0018692290258842008 ± 0.01331648523874586
mu_3: 0.0010010046745241683 ± 0.000315613201825462
P_3: 4243.503363907928 ± 78.72807905810829
t03: 577.9212285866306 ± 220.56927792921024
ecos3: 0.04088571919311495 ± 0.030079219381824236
esin3: -0.03562395121793705 ± 0.02158795682197716
tcos: 2.8672192255321983e-5 ± 0.0003700871532702987
tsin: -0.0018642651157466756 ± 0.0004130905688159138
dphi: 2.309915014501784 ± 0.015686041959901597
Retrieved Earth masses:
[0.7160060338834271, 1.0188061642132666, 333.2526894403617]
 ± [0.25370511408508956, 0.07317024137467971, 105.07338377936759]
Retrieved eccentricity:
[0.0037679766792261655, 0.0212957491165415, 0.05782113859028112]
 ± [0.017913729641732757, 0.014011750237408988, 0.0425384399953715]
