Global Fit Results.
chi^2: 51.606008558764344
per 4 range=[657.45 - 730.5, length=300]
mu_1: 2.445777322355221e-6 ± 5.126277020448248e-7
P_1: 224.7007703634787 ± 8.510917318945277e-6
t01: 3503.769703624604 ± 0.00015695464198480354
ecos1: -0.009427870052477277 ± 0.0051839556864636096
esin1: 0.0028580656187111256 ± 0.005634289075575563
mu_2: 2.8904184890505716e-6 ± 1.0793309656988857e-7
P_2: 365.2564618819995 ± 1.1663034700886196e-5
t02: 3624.4084087929564 ± 0.00015789728654140423
ecos2: 0.005574008292656746 ± 0.0038579410216739124
esin2: 0.005324976810472766 ± 0.004416261580809875
mu_3: 1.5823355837223593e-7 ± 2.54183238210492e-7
P_3: 686.4845821217874 ± 2.440233323571503
t03: 383.2969254200718 ± 77.6619152312917
ecos3: 0.24671039765911104 ± 0.9212735847275191
esin3: 0.2867106895964344 ± 0.2883406128206308
mu_4: 0.0014460802708208033 ± 0.0002507292843957676
P_4: 4375.839430253016 ± 61.99737971732894
t04: 264.66094727247884 ± 137.55771099787492
ecos4: 0.04563426577282755 ± 0.011325097906392238
esin4: -0.030675487608094916 ± 0.010051425252595505
tsin: 2.504690878468626e-6 ± 0.00023528902359040918
tcos: -0.001757285148778918 ± 0.00028653404923227957
dphi: 2.3042778763512453 ± 0.013265543795661649
Retrieved Earth masses:
[0.8142438204242821, 0.9622729639520711, 0.05267883380497932, 481.4264624955495]
 ± [0.17066309951976713, 0.03593289384851239, 0.0846222299457018, 83.47234580704196]
Retrieved eccentricity:
[0.009851561947592702, 0.007708757777922386, 0.3782446825032437, 0.054986105086825755]
