Global Fit Results.
chi^2: 1.9294918809311632
Δϕ range=[2.2 - 2.38, length=100]
mu_1: 2.289760592978402e-6 ± 1.5891764530651953e-6
P_1: 224.7007831051365 ± 2.136867195254179e-5
t01: 3503.7686931195094 ± 0.0004559431981083661
ecos1: 0.0024547767398207924 ± 0.02996205166659673
esin1: -0.0032895341331550874 ± 0.038792733165949715
mu_2: 3.025390679013936e-6 ± 4.674473920402399e-7
P_2: 365.2564648412164 ± 4.539279676065369e-5
t02: 3624.4074385354606 ± 0.0006079175982227008
ecos2: 0.01459504268034834 ± 0.023121832690802424
esin2: 0.00026642951719758743 ± 0.031062096444051383
mu_3: 0.0008917689664364504 ± 0.0006342092561223915
P_3: 4210.476672284941 ± 194.24513558897058
t03: 567.9166926887493 ± 516.7904704431775
ecos3: 0.0328698214937404 ± 0.07988081618138168
esin3: -0.05119081896434396 ± 0.05851983072139244
tcos: 0.0001378826267889124 ± 0.0008010228298343642
tsin: -0.0017741238972136966 ± 0.0009355264182397645
dphi: 2.3153113662894427 ± 0.03801639168209503
Retrieved Earth masses:
[0.7623030093713975, 1.0072076645081178, 296.88613249050667]
 ± [0.5290657880603977, 0.1556217513602949, 211.139813479118]
Retrieved eccentricity:
[0.0034715785580525754, 0.02064050730196279, 0.046484947349230345]
 ± [0.04237273982342449, 0.03269920937825438, 0.11296853361714215]
