Global Fit Results.
chi^2: 134.52873416708763
per 4 range=[657.45 - 730.5, length=100]
mu_1: 2.4048865274754133e-6 ± 1.4908906032986332e-7
P_1: 224.70076439378096 ± 3.432883078690622e-6
t01: 3503.7689560426766 ± 5.9266162238728316e-5
ecos1: -0.0040998764967236185 ± 0.002036865773014173
esin1: 0.0005368923036585377 ± 0.0024004683433250782
mu_2: 3.025019743065909e-6 ± 3.670642768665131e-8
P_2: 365.2564563718255 ± 4.06129873379979e-6
t02: 3624.4074869869023 ± 5.51876045070435e-5
ecos2: 0.01011987229296191 ± 0.0015189824644118877
esin2: 0.003452185191937772 ± 0.0018947168463981183
mu_3: 2.8218793202338846e-7 ± 6.428978776701112e-8
P_3: 684.0268521600964 ± 1.0975150599061987
t03: 391.8277590671986 ± 17.156815462304387
ecos3: 0.006256280342017167 ± 0.05911352564228849
esin3: -0.2169866213572704 ± 0.0399165859056552
mu_4: 0.001311358872275266 ± 8.816751860086485e-5
P_4: 4393.135851498785 ± 18.555043215760325
t04: 259.0964729985962 ± 45.11474686850222
ecos4: 0.0342819010768539 ± 0.004492963619804963
esin4: -0.02787547483719592 ± 0.0036278393300329635
tsin: 0.00017506791562945433 ± 7.287179718493048e-5
tcos: -0.0017538492995789092 ± 8.998715387875721e-5
dphi: 2.3184214532121743 ± 0.003547832241774057
Retrieved Earth masses:
[0.8006305299833281, 1.0070841731744247, 0.09394550262126439, 436.5752549706608]
 ± [0.04963446383972277, 0.012220238384140892, 0.02140324138555183, 29.35257291279704]
Retrieved eccentricity:
[0.005798100945721234, 0.014311660646190445, 0.008847716509688863, 0.048481929446819595]
 ± [0.0028805632009302018, 0.002148165602178199, 0.08359914968301412, 0.006354010086377093]
