Global Fit Results.
chi^2: 16.22598952906738
per 4 range=[657.45 - 730.5, length=100]
mu_1: 2.3912048248052295e-6 ± 4.2686148215916255e-7
P_1: 224.70076739499294 ± 8.165909173042596e-6
t01: 3503.768925351237 ± 0.00015161501067657615
ecos1: -0.0032897032025133084 ± 0.006050330284986302
esin1: -0.001598475338309512 ± 0.007349444253190173
mu_2: 3.032442964326265e-6 ± 1.0965886832871726e-7
P_2: 365.25645812578813 ± 1.1964756783235531e-5
t02: 3624.4074753050063 ± 0.0001655198866459985
ecos2: 0.010536346589369012 ± 0.004579968811276402
esin2: 0.0017273702666127625 ± 0.005817317710115494
mu_3: 2.39519071443396e-7 ± 1.8172968490588092e-7
P_3: 685.2080724757793 ± 3.472287748723257
t03: 379.4068502006957 ± 56.2953561249696
ecos3: 0.014247908931421136 ± 0.1991233218874054
esin3: -0.2155644327252083 ± 0.13365355076811383
mu_4: 0.001233181915463592 ± 0.0002425068263746839
P_4: 4389.42137698123 ± 58.7395109762647
t04: 289.18962528901847 ± 139.10789728377182
ecos4: 0.03190134416576789 ± 0.01431107294690624
esin4: -0.028485207611889503 ± 0.01139670295691427
tsin: 0.00014896789582197198 ± 0.00021067832827525963
tcos: -0.0017100146329642955 ± 0.000242065696097145
dphi: 2.3164960351519723 ± 0.010328953895059867
Retrieved Earth masses:
[0.7960756419523312, 1.0095554987459066, 0.07974026172126798, 410.54872205547974]
 ± [0.14210996268889584, 0.036507434701943745, 0.060501122309766106, 80.73493975982329]
Retrieved eccentricity:
[0.004652342885176525, 0.014900644244549162, 0.020149586046272525, 0.04511531357716076]
 ± [0.008556459145864302, 0.00647705400815287, 0.28160290239795205, 0.020238913453625502]
