Global Fit Results.
chi^2: 177.79444672056775
per 4 range=[657.45 - 712.2375, length=300]
mu_1: 2.3271464942154827e-6 ± 1.330307399756204e-7
P_1: 224.7007729060533 ± 2.2717167302309432e-6
t01: 3503.769581993807 ± 4.318565553027793e-5
ecos1: -0.00028426761345261926 ± 0.0022405281631002675
esin1: -0.0033221761908334853 ± 0.0025642178124842467
mu_2: 3.0154271471429096e-6 ± 3.614225518420259e-8
P_2: 365.25646195472723 ± 3.2065317838040006e-6
t02: 3624.4085818203475 ± 4.952416866608099e-5
ecos2: 0.012875481378028448 ± 0.001720291048864908
esin2: 0.0006315484100584925 ± 0.002055211995179784
mu_3: 1.871759921011072e-7 ± 6.420277934733118e-8
P_3: 685.9103617823741 ± 1.2577397294626147
t03: 361.545488812815 ± 22.197232843021407
ecos3: 0.10274443096322644 ± 0.11007627426574054
esin3: -0.19298350604070008 ± 0.052640675913192866
mu_4: 0.0011668791877936105 ± 7.739779833709752e-5
P_4: 4374.126382182331 ± 15.549863896341588
t04: 321.0660017169775 ± 41.698853016863616
ecos4: 0.03247509168198312 ± 0.004768993128474875
esin4: -0.02829681518986879 ± 0.003474356531015048
tsin: 2.029144794936064e-5 ± 6.453316155090627e-5
tcos: -0.001724730201841011 ± 7.35874819989256e-5
dphi: 2.3115215383085723 ± 0.002907808546635525
Retrieved Earth masses:
[0.7747494568770811, 1.0038906232626086, 0.06231429717949418, 388.47533631054665]
 ± [0.044288356491632506, 0.012032415081678587, 0.021374274697782785, 25.767136866629844]
Retrieved eccentricity:
[0.003334315929692166, 0.012890960945957628, 0.21862994236315877, 0.04307367327780159]
