Global Fit Results.
chi^2: 2.9519117838333226
Δϕ range=[2.1 - 2.52, length=100]
mu_1: 2.2879067101404806e-6 ± 1.1656654897598243e-6
P_1: 224.7007964847861 ± 2.7565293350478472e-5
t01: 3503.7686357572916 ± 0.00039694664623622785
ecos1: -0.08753371368981731 ± 0.061399051657990714
esin1: -0.03878105180104105 ± 0.05183553132282392
mu_2: 2.516929683885174e-6 ± 3.9174544148679495e-7
P_2: 365.25641095738104 ± 6.319183551547344e-5
t02: 3624.4078290821153 ± 0.0006038521403174523
ecos2: -0.057550439644714395 ± 0.04790568041959266
esin2: -0.028374800635080005 ± 0.04030037678951404
mu_3: 0.0007101020219531512 ± 0.0006236159637642409
P_3: 4462.202985175762 ± 411.1708973278175
t03: 1251.767973224738 ± 589.9420137452056
ecos3: -0.00686961990071433 ± 0.11927516187617798
esin3: 0.09155058004665063 ± 0.09056406957325899
tcos: -0.00011070568945953432 ± 0.0007078022256096396
tsin: -0.0012256960858658993 ± 0.0009463136679268852
dphi: 2.3141661056755214 ± 0.06442105162510846
Retrieved Earth masses:
[0.7616858180061941, 0.8379317376172375, 236.40589761023423]
 ± [0.3880712741276003, 0.13041919311069536, 207.61311349636335]
Retrieved eccentricity:
[0.1237913650650231, 0.08138861226608934, 0.00971510963193832]
 ± [0.08683137157157673, 0.06774886296409917, 0.16868055157953724]
