Global Fit Results.
chi^2: 1.5094432433811025
Δϕ range=[2.2 - 2.38, length=100]
mu_1: 2.3608745116142265e-6 ± 1.4974293960816156e-6
P_1: 224.70078893601584 ± 2.3236689779331278e-5
t01: 3503.7686251276086 ± 0.000467369773025692
ecos1: 0.012392632206347747 ± 0.04596678731240271
esin1: -0.002758785002185374 ± 0.05330838444991631
mu_2: 3.146682803000325e-6 ± 5.503206443296498e-7
P_2: 365.2564593140904 ± 4.9916903685441e-5
t02: 3624.407481404576 ± 0.0006312776452162533
ecos2: 0.02141748686490106 ± 0.03540039112989792
esin2: 9.901237413367343e-5 ± 0.04244053444255838
mu_3: 0.0006954970251140113 ± 0.000682868592101277
P_3: 4198.931223649528 ± 197.58126232986547
t03: 567.2468101246392 ± 579.1606759119483
ecos3: 0.006969863296563977 ± 0.1337321938687336
esin3: -0.06507671924458061 ± 0.08982675625561744
tcos: 9.564905919564663e-5 ± 0.0008302412303844046
tsin: -0.0017943843624291678 ± 0.000857905844850476
dphi: 2.3120627602682235 ± 0.04116353334092514
Retrieved Earth masses:
[0.7859781282246605, 1.047588021918149, 231.5436281325967]
 ± [0.49852152161873503, 0.18321176658299473, 227.33939275586215]
Retrieved eccentricity:
[0.017525828539718596, 0.0302889003962907, 0.009856875201887227]
 ± [0.06500685403591942, 0.050063713249213854, 0.18912588229507113]
