Global Fit Results.
chi^2: 17.79348213466523
per 4 range=[657.45 - 712.2375, length=100]
mu_1: 2.2612113370866193e-6 ± 3.8505046854581715e-7
P_1: 224.70077116554344 ± 4.395914323715083e-6
t01: 3503.7688755167 ± 0.00011561359942695075
ecos1: -0.002285388687173895 ± 0.005842633098414256
esin1: -0.0025615901877651735 ± 0.007094881449988263
mu_2: 3.0167883030425766e-6 ± 1.0177004561270473e-7
P_2: 365.25645819603926 ± 8.414485091533678e-6
t02: 3624.4074710810073 ± 0.00014339983231497036
ecos2: 0.010952269761637847 ± 0.004410975312114346
esin2: 0.001048655048881739 ± 0.005747001254408547
mu_3: 2.0055775773746604e-7 ± 1.4604927669793316e-7
P_3: 686.446097637533 ± 2.6513826446722444
t03: 372.4385003405606 ± 48.360956880281066
ecos3: -0.00756492218050526 ± 0.1919398485260904
esin3: -0.20793047379673352 ± 0.14160925742327574
mu_4: 0.001146738832473497 ± 0.00018568695550268764
P_4: 4349.160002493804 ± 39.80543311820221
t04: 356.52397552802785 ± 120.67491494874756
ecos4: 0.03258939303477366 ± 0.014016264573065446
esin4: -0.03234492522528122 ± 0.010605545076980244
tsin: 0.00012290461942381306 ± 0.0001803825800398419
tcos: -0.0017907569885874273 ± 0.00020854654459710203
dphi: 2.3146938823142285 ± 0.0070507987108537245
Retrieved Earth masses:
[0.7527984420605802, 1.0043437768550503, 0.06676933070858038, 381.7702451680874]
 ± [0.12819031466977113, 0.033881101924947386, 0.04862246449902133, 61.81856977309187]
Retrieved eccentricity:
[0.003232027676695365, 0.015488848435676989, 0.010698415545967586, 0.04608836161928419]
 ± [0.008262730967747378, 0.006238061109685004, 0.27144393694543456, 0.019821991453038694]
