Global Fit Results.
chi^2: 4.324423059685809
Δϕ range=[2.2 - 2.38, length=100]
mu_1: 2.3531884215709383e-6 ± 1.1291208752044942e-6
P_1: 224.70077867204947 ± 2.1358445087760018e-5
t01: 3503.768789498815 ± 0.0003598430968967737
ecos1: -0.08683152730419756 ± 0.055698211988002996
esin1: -0.030267524291432518 ± 0.042531126405295806
mu_2: 2.54720043541895e-6 ± 3.608015613739095e-7
P_2: 365.2564209979013 ± 5.519893394115902e-5
t02: 3624.4077756153647 ± 0.0005571134905772714
ecos2: -0.05746769050930438 ± 0.04356976389202444
esin2: -0.02182999162648046 ± 0.03334767272079995
mu_3: 0.0007417173885461653 ± 0.0006407056559889093
P_3: 4451.5316159221875 ± 295.98584909982577
t03: 1300.7600015363182 ± 463.6888674821862
ecos3: 0.005704456751342323 ± 0.10753933709136217
esin3: 0.0963463074289119 ± 0.090079265871589
tcos: -0.00012661602698008336 ± 0.0006538840508306081
tsin: -0.0011843143872262113 ± 0.0008213495981700529
dphi: 2.302924212688517 ± 0.052465962088050794
Retrieved Earth masses:
[0.7834192888471879, 0.8480094221843022, 246.93122902267066]
 ± [0.37590490628230094, 0.12011741177861404, 213.30258332654773]
Retrieved eccentricity:
[0.1227983235551659, 0.08127158731651785, 0.00806732010371908]
 ± [0.07876916679336554, 0.061616951005494525, 0.1520835890032164]
