Global Fit Results.
chi^2: 11.475284298248038
Δϕ range=[2.25 - 2.37, length=100]
mu_1: 2.383583608778575e-6 ± 6.977772587287159e-7
P_1: 224.70077506549973 ± 7.328374937637951e-6
t01: 3503.7688081535184 ± 0.00019985984553508857
ecos1: 0.004646069821629745 ± 0.014394146178765523
esin1: -0.0034429644467206364 ± 0.019200386364467584
mu_2: 3.071954156689513e-6 ± 2.1454884593588206e-7
P_2: 365.2564502820756 ± 1.6205430384093962e-5
t02: 3624.4075962911115 ± 0.00027132959370279
ecos2: 0.016708619806825944 ± 0.011282922002275604
esin2: -0.0004761314214860874 ± 0.015377348600154684
mu_3: 0.0008679340187372109 ± 0.0003035701591317927
P_3: 4248.974064189199 ± 73.8147675642877
t03: 572.048697026624 ± 243.18618192678647
ecos3: 0.024761735270279164 ± 0.037982507827407475
esin3: -0.03489059585331068 ± 0.026525934574414066
tcos: 8.899390145803568e-5 ± 0.0003651157115019458
tsin: -0.0017687136892629788 ± 0.00036336115857024215
dphi: 2.313123027314637 ± 0.015045832103727718
Retrieved Earth masses:
[0.7935384003166756, 1.0227094943796502, 288.95104424806897]
 ± [0.23230275943736695, 0.07142721881738048, 101.06403550272925]
Retrieved eccentricity:
[0.006570534953481132, 0.023629556739348974, 0.035018381847121006]
 ± [0.020356396744791064, 0.015956461318815958, 0.053715377702461896]
