Global Fit Results.
chi^2: 0.5714421369245658
per 4 range=[657.45 - 803.5500000000001, length=100]
mu_1: 2.6783775003948086e-6 ± 2.181282454270309e-6
P_1: 224.70079110564913 ± 2.898003916239409e-5
t01: 3503.7686129719827 ± 0.00048524761502717395
ecos1: -0.0015980913278413 ± 0.037566175911096414
esin1: -0.007996014075805953 ± 0.04200893269467367
mu_2: 2.992424866116005e-6 ± 5.014242167700521e-7
P_2: 365.2640116150732 ± 0.030565923260055642
t02: 3624.351489959628 ± 0.22884289199105343
ecos2: 0.012102745448307849 ± 0.028258686410255807
esin2: -0.004693211281569524 ± 0.03394204429973415
mu_3: 3.2108968424443685e-6 ± 5.545096815402087e-6
P_3: 734.9867230955631 ± 10.619219195268649
t03: 106.15114624217148 ± 121.35016778164604
ecos3: 0.08952982657128852 ± 0.04662547450313629
esin3: -0.004675976011081611 ± 0.14067849640817282
mu_4: 0.0009516306690328997 ± 0.0009095602251159429
P_4: 4247.3861366531 ± 497.56511990281655
t04: 547.0127871824146 ± 880.5409279904916
ecos4: 0.01474656155634322 ± 0.10063158347670276
esin4: -0.042945108861713294 ± 0.07594057458247093
tsin: 6.055898410318365e-6 ± 0.0009103929341000939
tcos: -0.001454610172839329 ± 0.00129734378952008
dphi: 2.3067851768932863 ± 0.06524963154963898
Retrieved Earth masses:
[0.8916806565038402, 0.9962327449224072, 1.06896604530723, 316.81518366524637]
 ± [0.7261886610671391, 0.1669332552004104, 1.846063733736654, 302.80916657252874]
Retrieved eccentricity:
[0.0022600424297439946, 0.017115866754946203, 0.12661429497402732, 0.02085478735135028]
 ± [0.05312659545996601, 0.03996381757623203, 0.06593837839441628, 0.1423145501558333]
