Global Fit Results.
chi^2: 0.2297943298247164
per 4 range=[657.45 - 1314.9, length=100]
mu_1: 1.4503393485271496e-6 ± 2.380733013612359e-6
P_1: 224.7007795730189 ± 4.108303888951212e-5
t01: 3503.768873515134 ± 0.0005960181788077106
ecos1: -0.055487601556867404 ± 0.08058464465482021
esin1: 0.015721565943967036 ± 0.06083403017881458
mu_2: 2.686940832487363e-6 ± 5.415483792904122e-7
P_2: 365.2564003359303 ± 0.00018021693582171395
t02: 3624.4081487510693 ± 0.0013971023132957623
ecos2: -0.032986743168609514 ± 0.06259111736498593
esin2: 0.015136503682480509 ± 0.048111939936701445
mu_3: 4.146383071335855e-6 ± 1.1502512201461506e-5
P_3: 932.9198867648714 ± 34.73204222198525
t03: -65.32141486204274 ± 217.80037792460163
ecos3: 0.0787743504444525 ± 0.44170084351306865
esin3: 0.1664887559212644 ± 0.6108160751112173
mu_4: 0.0015644205832777143 ± 0.002569191648335143
P_4: 5390.719865807917 ± 1283.7423377451494
t04: 453.79540013881666 ± 1516.1779967380753
ecos4: 0.06249043812398594 ± 0.08610079146841022
esin4: 0.07542361833738591 ± 0.11577965360631128
tsin: 0.0003708749548965063 ± 0.0011763490142868717
tcos: -0.0019684411383570437 ± 0.0020367395705341387
dphi: 2.3235727528224785 ± 0.06360456440895522
Retrieved Earth masses:
[0.4828443870430548, 0.8945315457384696, 1.3804064507785658, 520.8241080801967]
 ± [0.7925893852622765, 0.18029131976470267, 3.8293958300242408, 855.3306975338511]
Retrieved eccentricity:
[0.07847131866527635, 0.04665029956756562, 0.11140375476567577, 0.08837482511357762]
 ± [0.11396389738986329, 0.08851720706164924, 0.6246593234078178, 0.1217649070256834]
