Global Fit Results.
chi^2: 4.341356732903101
Δϕ range=[2.2 - 2.38, length=100]
mu_1: 2.2897709764565777e-6 ± 1.0594591297896268e-6
P_1: 224.70078310519742 ± 1.4245792253594502e-5
t01: 3503.768693118338 ± 0.0003039615610562628
ecos1: 0.002454485628793885 ± 0.019974585432148206
esin1: -0.003289224746124577 ± 0.02586048592816291
mu_2: 3.025388800767294e-6 ± 3.1163213681503147e-7
P_2: 365.25646484129555 ± 3.0261875452980048e-5
t02: 3624.4074385345975 ± 0.000405279008645315
ecos2: 0.014594825948305712 ± 0.015414471061840984
esin2: 0.00026667741433121907 ± 0.02070695361273758
mu_3: 0.0008917708389949386 ± 0.00042280529895288345
P_3: 4210.476591267083 ± 129.50266853710696
t03: 567.9141705426397 ± 344.5222531147892
ecos3: 0.03287009746264795 ± 0.053253350033224324
esin3: -0.05119102914854939 ± 0.03901173519774687
tcos: 0.00013788177691050936 ± 0.0005340166468435333
tsin: -0.0017741175502091627 ± 0.0006236867813651176
dphi: 2.3153111713006354 ± 0.02534462686786854
Retrieved Earth masses:
[0.7623064662204171, 1.0072070392055985, 296.88675589933604]
 ± [0.3527132423456169, 0.1037480147223314, 140.7595854161844]
Retrieved eccentricity:
[0.003471166864890167, 0.020640200796568708, 0.046485337628202186]
 ± [0.02824832962092404, 0.021799354032463122, 0.07531160985878756]
