Global Fit Results.
chi^2: 1.973542018457878
per 4 range=[657.45 - 712.2375, length=100]
mu_1: 2.257047338373881e-6 ± 1.1582031192134864e-6
P_1: 224.70077098561237 ± 1.3878665723477799e-5
t01: 3503.768878236758 ± 0.00035125130189135454
ecos1: -0.0022718909905787422 ± 0.018040512675485267
esin1: -0.0026847897407724095 ± 0.021979604871991788
mu_2: 3.020158383490112e-6 ± 3.110245540710553e-7
P_2: 365.25645834470265 ± 2.5530363790712555e-5
t02: 3624.4074698119152 ± 0.0004308879625890635
ecos2: 0.010962798739839753 ± 0.013759270711725391
esin2: 0.0009578957310678851 ± 0.017693479509809366
mu_3: 2.0000115575310597e-7 ± 4.525652049936152e-7
P_3: 686.428709907176 ± 8.232655445744967
t03: 372.3328854945811 ± 151.23196732465752
ecos3: -0.008282104629165983 ± 0.5803964970492951
esin3: -0.21020992557869203 ± 0.44474292554138345
mu_4: 0.001145320588502969 ± 0.0005855727534983997
P_4: 4349.591000589729 ± 121.0395364727279
t04: 357.15632403529975 ± 367.7046899239137
ecos4: 0.03230856153940358 ± 0.042742350283798365
esin4: -0.03221816658933856 ± 0.03205467371131745
tsin: 0.00012022898574146898 ± 0.0005553708316120337
tcos: -0.001792461217390863 ± 0.0006259832150732736
dphi: 2.314581832678547 ± 0.022765377895614114
Retrieved Earth masses:
[0.75141217104191, 1.0054657380220202, 0.0665840277694867, 381.29808591699725]
 ± [0.3855869150457111, 0.10354573935974745, 0.15066720021356853, 194.94783584212732]
Retrieved eccentricity:
[0.003212939051109703, 0.015503738659448055, 0.011712664691559528, 0.045691205909790304]
 ± [0.025513137697834996, 0.019458547248884957, 0.8208045976809492, 0.060446811459049156]
