Global Fit Results.
chi^2: 160.14133959908517
per 4 range=[657.45 - 712.2375, length=100]
mu_1: 2.261194441613519e-6 ± 1.28355359781254e-7
P_1: 224.70077116566353 ± 1.4653293515324649e-6
t01: 3503.768875511239 ± 3.853920430901519e-5
ecos1: -0.0022854276031609956 ± 0.0019475509160457485
esin1: -0.002561950030684885 ± 0.0023648450341711975
mu_2: 3.0167881422226867e-6 ± 3.3923625089133485e-8
P_2: 365.256458196341 ± 2.804821949887501e-6
t02: 3624.407471075735 ± 4.779999833980331e-5
ecos2: 0.010952248479946122 ± 0.001470320253366282
esin2: 0.0010483555665190066 ± 0.0019155726392324002
mu_3: 2.0054759518828596e-7 ± 4.868451346720501e-8
P_3: 686.4459252172153 ± 0.8837771255761216
t03: 372.4373215820738 ± 16.12172437322887
ecos3: -0.007553923769913758 ± 0.06398920108554736
esin3: -0.2079406968435964 ± 0.047207162262268176
mu_4: 0.0011467386769683614 ± 6.189582931421703e-5
P_4: 4349.156482650767 ± 13.268672796497993
t04: 356.53793223246174 ± 40.22426802853415
ecos4: 0.0325889995794506 ± 0.00467208909164972
esin4: -0.03234429994947021 ± 0.0035352381589141488
tsin: 0.00012290039900753887 ± 6.012764386639639e-5
tcos: -0.0017907663971827889 ± 6.951851069060968e-5
dphi: 2.314693920392183 ± 0.0023502405018488645
Retrieved Earth masses:
[0.7527928172498343, 1.0043437233151795, 0.06676594741084758, 381.77019339759516]
 ± [0.04273183726291917, 0.011293792710702582, 0.016207961321213448, 20.6062490106847]
Retrieved eccentricity:
[0.003232082712212116, 0.015488818338819921, 0.010682861444544537, 0.04608780518943013]
 ± [0.0027542529188840426, 0.002079346843342441, 0.09049439602060025, 0.006607331758026428]
