Global Fit Results.
chi^2: 0.3945876958240474
per 4 range=[657.45 - 1314.9, length=100]
mu_1: 1.7610373602161594e-6 ± 2.0395752513246767e-6
P_1: 224.70085427787268 ± 7.990133907634004e-5
t01: 3503.7662067784972 ± 0.005593068931448682
ecos1: -0.013143411312043224 ± 0.05231502745721617
esin1: -0.02246405873109587 ± 0.029050547542988404
mu_2: 2.8682980992519416e-6 ± 5.72142312196339e-7
P_2: 365.25632678057264 ± 0.00034431112229322473
t02: 3624.409082953533 ± 0.003361907363424429
ecos2: 0.00011082125870031773 ± 0.044809738333442616
esin2: -0.014351718249365021 ± 0.023981902214623284
mu_3: 3.0814920773885747e-7 ± 1.5525828690222073e-6
P_3: 671.4054473529045 ± 5.4332492748882055
t03: 681.1270795107883 ± 499.3727275114384
ecos3: 0.3082743387518363 ± 2.316264557106048
esin3: 0.3889568029508453 ± 2.888490303083682
mu_4: 0.0050125839308466855 ± 0.008579759434028816
P_4: 6864.815207025679 ± 2428.8507810281626
t04: -2220.8391501087217 ± 3673.658888671364
ecos4: 0.05709044726342578 ± 0.026584283657899128
esin4: 0.0008403319250310218 ± 0.027378544893985397
tsin: 0.0003745115508252174 ± 0.001332176429831903
tcos: -0.001509383711179479 ± 0.0015188321806041338
dphi: 2.311384173446244 ± 0.06763900736526128
Retrieved Earth masses:
[0.5862814144958528, 0.9549086832654031, 0.10258848419135086, 1668.7804947506927]
 ± [0.6790117520110936, 0.19047659729730215, 0.5168831173806783, 2856.3581958301684]
Retrieved eccentricity:
[0.01858759053333948, 0.00015672492705324668, 0.43596575079444466, 0.08073808480188269]
 ± [0.07398462134591596, 0.06337053967754412, 3.275692750703483, 0.03759585449497438]
