Global Fit Results.
chi^2: 147.9753461720482
per 4 range=[657.45 - 712.2375, length=100]
mu_1: 2.344464123634329e-6 ± 1.3782278767816483e-7
P_1: 224.70076644462796 ± 2.6456571343042153e-6
t01: 3503.768939918491 ± 4.943605348262396e-5
ecos1: -0.002998938440886945 ± 0.0019548386338147958
esin1: -0.002308029145236902 ± 0.0023390839839948574
mu_2: 3.0243763316659187e-6 ± 3.5980055364489986e-8
P_2: 365.2564591492611 ± 3.432320566761047e-6
t02: 3624.40746563801 ± 5.103625596083417e-5
ecos2: 0.010592321645771568 ± 0.0014905035440325894
esin2: 0.001319489597867307 ± 0.0018770220513632434
mu_3: 2.5005171849422756e-7 ± 5.712635957655803e-8
P_3: 685.1716959284345 ± 1.0702217235903315
t03: 383.8850373273414 ± 15.755028998341835
ecos3: -0.004357702706928325 ± 0.056194707826199224
esin3: -0.2102600018915995 ± 0.040041129991428434
mu_4: 0.0012308011329042216 ± 8.05913616176143e-5
P_4: 4386.471734829365 ± 19.245017419454165
t04: 299.46162807142196 ± 45.24974511527762
ecos4: 0.032107049701601456 ± 0.004679161133096592
esin4: -0.0283990798282996 ± 0.003660195042726794
tsin: 0.0001694558166896844 ± 6.658564709002866e-5
tcos: -0.0017373185331579818 ± 7.808479836599851e-5
dphi: 2.3180449882623577 ± 0.002930532846776997
Retrieved Earth masses:
[0.7805148111510812, 1.0068699697996348, 0.0832467717765624, 409.75611617553216]
 ± [0.04588371645891593, 0.011978415807227983, 0.019018405659169058, 26.830332253440698]
Retrieved eccentricity:
[0.004241139415824342, 0.014979804928468255, 0.006162722268927986, 0.04540622513579181]
 ± [0.0027645593081917766, 0.0021078903267360517, 0.07947131794140444, 0.006617333134954259]
