Global Fit Results.
chi^2: 161.73183988899208
per 4 range=[657.45 - 730.5, length=300]
mu_1: 2.3596209467544715e-6 ± 1.4509478815635039e-7
P_1: 224.70076994117164 ± 4.622177785013351e-6
t01: 3503.769543177757 ± 8.094736973475983e-5
ecos1: 0.00035341424954594063 ± 0.002709836078549122
esin1: -7.533878399840132e-5 ± 0.0030987140881194868
mu_2: 3.0521740856402994e-6 ± 4.1690764583990925e-8
P_2: 365.25646224225216 ± 4.483896438314752e-6
t02: 3624.4085864343774 ± 5.568222878456705e-5
ecos2: 0.012686882285774678 ± 0.002020381929123813
esin2: 0.0027957134559974057 ± 0.0024760717400131834
mu_3: 2.9918520748152176e-7 ± 7.156441930488235e-8
P_3: 682.035798161572 ± 1.401813457255274
t03: 411.9453177466862 ± 18.017995929555614
ecos3: 0.029576859318069148 ± 0.06867408427064356
esin3: -0.22168999917480015 ± 0.04352686608077112
mu_4: 0.0011893064910214054 ± 9.510975236356466e-5
P_4: 4375.712441633146 ± 23.177736305885407
t04: 300.9218027222726 ± 49.19035964823538
ecos4: 0.018262748483402307 ± 0.0062746371145375075
esin4: -0.030196532730267 ± 0.004651214447805167
tsin: 0.00010800431635818991 ± 8.146486685860225e-5
tcos: -0.0018231158862530706 ± 9.11618232875435e-5
dphi: 2.3178418978104043 ± 0.00401922374120642
Retrieved Earth masses:
[0.7855607936491753, 1.0161243484335483, 0.09960420522649865, 395.9417940682089]
 ± [0.048304697877528106, 0.013879614926917618, 0.023825098731858087, 31.66376898512621]
Retrieved eccentricity:
[0.00036135517729303144, 0.012991266137723001, 0.22365430096746125, 0.03528963829650425]
