Global Fit Results.
chi^2: 5.399508475863459
Δϕ range=[2.2 - 2.38, length=100]
mu_1: 2.1605434166494357e-6 ± 1.127487386161523e-6
P_1: 224.70078748247454 ± 1.9083302630755176e-5
t01: 3503.7687044150675 ± 0.00034864577744057147
ecos1: -0.08157898248696403 ± 0.052469228047725115
esin1: -0.017286525936147105 ± 0.032352466122601904
mu_2: 2.60996190894529e-6 ± 3.4593166305634344e-7
P_2: 365.2564280253576 ± 4.60840256229333e-5
t02: 3624.4077312008258 ± 0.000511125331942333
ecos2: -0.05450918873579577 ± 0.04142997225920704
esin2: -0.01126746379027167 ± 0.025805553205509972
mu_3: 0.0007829797716344677 ± 0.0006852906278048498
P_3: 4446.3109728062545 ± 284.99821703465557
t03: 1387.0942952173825 ± 423.4177259999919
ecos3: 0.0283198758493586 ± 0.08813824896847884
esin3: 0.09914216244064407 ± 0.09361727731703563
tcos: -7.598428810119757e-6 ± 0.0006045974946858201
tsin: -0.0013562167728947486 ± 0.0007442114217291586
dphi: 2.3070738584405515 ± 0.04214679101355454
Retrieved Earth masses:
[0.7192842576817642, 0.8689038599209042, 260.6682279467084]
 ± [0.37536108802590745, 0.11516695177363037, 228.1457325589404]
Retrieved eccentricity:
[0.11537010343766174, 0.07708763398411712, 0.04005035251088521]
 ± [0.07420269391233965, 0.058590828657711695, 0.12464630705503923]
