Global Fit Results.
chi^2: 1.314682941342653
per 4 range=[657.45 - 712.2375, length=100]
mu_1: 2.2563950128985976e-6 ± 1.4190380418466811e-6
P_1: 224.7007713090925 ± 2.063251457404695e-5
t01: 3503.768874302195 ± 0.00044851796363278457
ecos1: -0.0022241566042485814 ± 0.02238609875269584
esin1: -0.0029367839597915515 ± 0.027222796523102385
mu_2: 3.0234618650386666e-6 ± 3.834596201441614e-7
P_2: 365.25645819553813 ± 3.264864717185618e-5
t02: 3624.4074715304105 ± 0.0005351937785793153
ecos2: 0.011050618020061133 ± 0.017218651502919728
esin2: 0.0007940936512591703 ± 0.021813365297346097
mu_3: 1.9852864210959292e-7 ± 5.767155170009398e-7
P_3: 686.5153771178985 ± 12.469282560465583
t03: 371.31803324758187 ± 200.03577185546106
ecos3: -0.006765405667640109 ± 0.7178310236858484
esin3: -0.2089488245895269 ± 0.5438568308235221
mu_4: 0.001145609941860851 ± 0.0007418995308468121
P_4: 4348.9374752025915 ± 173.1638691103468
t04: 360.09911153342586 ± 461.4023979508678
ecos4: 0.03263455266014794 ± 0.05269441726430795
esin4: -0.03210483449883283 ± 0.03971610416375486
tsin: 0.00011879419451929716 ± 0.0006861875978009207
tcos: -0.001791466862352268 ± 0.000779707161548306
dphi: 2.314540750786747 ± 0.029057509428554527
Retrieved Earth masses:
[0.7511950000090855, 1.0065655272024212, 0.06609380115573826, 381.394416920405]
 ± [0.4724236118961034, 0.12766069225957039, 0.19199910047763868, 246.99186751227637]
Retrieved eccentricity:
[0.0031454324345700324, 0.015627933876574972, 0.009567728450132446, 0.04615222697396019]
 ± [0.031658724464685886, 0.024350850481204958, 1.0151663691886892, 0.07452115955653127]
