Global Fit Results.
chi^2: 3.412383784375565
Δϕ range=[2.1 - 2.52, length=100]
mu_1: 2.441026822227431e-6 ± 1.2122875239830713e-6
P_1: 224.70078858670846 ± 2.3882847905002943e-5
t01: 3503.768713218443 ± 0.00037083530718944
ecos1: -0.0944564687901488 ± 0.06188255222242889
esin1: -0.02884128108416909 ± 0.04490552488047472
mu_2: 2.542555942116326e-6 ± 3.7795255436835125e-7
P_2: 365.256411350374 ± 5.604215498335428e-5
t02: 3624.407871215571 ± 0.0005523594604945719
ecos2: -0.062112509836528426 ± 0.04786875777032001
esin2: -0.020894436432792214 ± 0.03522686909108197
mu_3: 0.0007617395580138436 ± 0.0006360460280731917
P_3: 4534.176797052203 ± 350.8565181500279
t03: 1234.2047473582682 ± 515.2854235972792
ecos3: 0.00701064253870034 ± 0.10086455566465531
esin3: 0.0981307002419824 ± 0.09079711479209472
tcos: -0.00015547638631715005 ± 0.0006925213296672181
tsin: -0.0010750131620415012 ± 0.000984231741569542
dphi: 2.299819453726041 ± 0.06991550431725593
Retrieved Earth masses:
[0.8126622924014231, 0.8464631857644543, 253.5969739421]
 ± [0.4035925985404589, 0.12582728975164895, 211.7513083183242]
Retrieved eccentricity:
[0.1335816192168994, 0.08784035380385077, 0.009914545759179766]
 ± [0.08751514462722025, 0.06769664645273904, 0.14264402258369152]
