Global Fit Results.
chi^2: 2.5394005085887437
Δϕ range=[2.1 - 2.52, length=100]
mu_1: 2.453918448626235e-6 ± 1.4051645336326045e-6
P_1: 224.70078260928582 ± 2.8130302643191168e-5
t01: 3503.768769112349 ± 0.00045250628373843556
ecos1: -0.08175967750526875 ± 0.06253747682852756
esin1: -0.03633879632101432 ± 0.05644296618305765
mu_2: 2.6005721930992e-6 ± 4.452742058042209e-7
P_2: 365.25641218279264 ± 7.113402208386589e-5
t02: 3624.4078688466375 ± 0.0007173504750770666
ecos2: -0.05266632254824693 ± 0.048571447407842805
esin2: -0.027159782888446463 ± 0.04412171246287856
mu_3: 0.0007944439758547368 ± 0.0007958822594535299
P_3: 4535.603893308421 ± 432.7332895290406
t03: 1154.399394756463 ± 671.207424992248
ecos3: 0.006719765383279649 ± 0.12222417389473561
esin3: 0.0849313141830113 ± 0.09669937366239996
tcos: -0.00018576832428940842 ± 0.0008349012957012159
tsin: -0.0011394520739962397 ± 0.001130814644532756
dphi: 2.30211229896139 ± 0.0778588311523533
Retrieved Earth masses:
[0.8169541496504454, 0.8657778524821499, 264.4848703520142]
 ± [0.4678048683058083, 0.14823989377793362, 264.96370116037536]
Retrieved eccentricity:
[0.11562564478320152, 0.07448142762804674, 0.00950318334099932]
 ± [0.08844134788749684, 0.0686903996682628, 0.1728510843717827]
