Global Fit Results.
chi^2: 2.502208431235706
per 4 range=[657.45 - 712.2375, length=100]
mu_1: 2.261194441613519e-6 ± 1.026842878250032e-6
P_1: 224.70077116566353 ± 1.1722634812259719e-5
t01: 3503.768875511239 ± 0.00030831363447212154
ecos1: -0.0022854276031609956 ± 0.015580407328365988
esin1: -0.002561950030684885 ± 0.01891876027336958
mu_2: 3.0167881422226867e-6 ± 2.713890007130679e-7
P_2: 365.256458196341 ± 2.2438575599100007e-5
t02: 3624.407471075735 ± 0.0003823999867184265
ecos2: 0.010952248479946122 ± 0.011762562026930256
esin2: 0.0010483555665190066 ± 0.015324581113859202
mu_3: 2.0054759518828596e-7 ± 3.894761077376401e-7
P_3: 686.4459252172153 ± 7.070217004608973
t03: 372.4373215820738 ± 128.97379498583095
ecos3: -0.007553923769913758 ± 0.5119136086843789
esin3: -0.2079406968435964 ± 0.3776572980981454
mu_4: 0.0011467386769683614 ± 0.0004951666345137363
P_4: 4349.156482650767 ± 106.14938237198395
t04: 356.53793223246174 ± 321.7941442282732
ecos4: 0.0325889995794506 ± 0.03737671273319776
esin4: -0.03234429994947021 ± 0.02828190527131319
tsin: 0.00012290039900753887 ± 0.00048102115093117114
tcos: -0.0017907663971827889 ± 0.0005561480855248775
dphi: 2.314693920392183 ± 0.018801924014790916
Retrieved Earth masses:
[0.7527928172498343, 1.0043437233151795, 0.06676594741084758, 381.77019339759516]
 ± [0.34185469810335334, 0.09035034168562066, 0.12966369056970758, 164.8499920854776]
Retrieved eccentricity:
[0.003232082712212116, 0.015488818338819921, 0.010682861444544537, 0.04608780518943013]
 ± [0.02203402335107234, 0.01663477474673953, 0.723955168164802, 0.052858654064211426]
