Global Fit Results.
chi^2: 6.271173119715018
Δϕ range=[2.25 - 2.37, length=100]
mu_1: 2.4086534853747783e-6 ± 9.366899581586835e-7
P_1: 224.70077635647456 ± 1.038316839964459e-5
t01: 3503.768787629458 ± 0.0002717721477315437
ecos1: 0.003492482458888804 ± 0.01910570774220116
esin1: -0.0033210545641909625 ± 0.024907289087962522
mu_2: 3.063260800147352e-6 ± 2.881320029165912e-7
P_2: 365.2564490103786 ± 2.1925391752459825e-5
t02: 3624.4076063559382 ± 0.00036232347522415935
ecos2: 0.016089154899449672 ± 0.01490335174933192
esin2: -0.00022202138418158792 ± 0.01993103681896776
mu_3: 0.0008926260738027582 ± 0.0004060823754500172
P_3: 4244.282003940386 ± 104.71053094433425
t03: 572.5931965261794 ± 316.4482417482852
ecos3: 0.028130311979704885 ± 0.04863148109650517
esin3: -0.03521850123222621 ± 0.03366011520086145
tcos: 7.261388339594546e-5 ± 0.0004887372518528099
tsin: -0.0017368737947276744 ± 0.0005041056016087058
dphi: 2.3119376565935315 ± 0.02132181414878323
Retrieved Earth masses:
[0.8018846188831315, 1.0198153176373523, 297.1714791449536]
 ± [0.3118411488703038, 0.09592439209281017, 135.192219574177]
Retrieved eccentricity:
[0.004939116059710682, 0.022753501065923255, 0.039782268715485]
 ± [0.027019551007757527, 0.02107652216872199, 0.06877530012496841]
