Global Fit Results.
chi^2: 1.9770535693894618
per 4 range=[657.45 - 712.2375, length=100]
mu_1: 2.261227540755557e-6 ± 1.1552185094283552e-6
P_1: 224.70077116541304 ± 1.318766919025044e-5
t01: 3503.768875518461 ± 0.0003468427033582706
ecos1: -0.002285456376174874 ± 0.017528464330185584
esin1: -0.0025610185613500567 ± 0.021284239263619904
mu_2: 3.016787509008403e-6 ± 3.0530858656166626e-7
P_2: 365.2564581957825 ± 2.524344540124319e-5
t02: 3624.4074710848945 ± 0.00043020101440229523
ecos2: 0.010952198137930108 ± 0.013233273870848878
esin2: 0.0010491142829487639 ± 0.017240576824982548
mu_3: 2.005666202006312e-7 ± 4.3814451917785316e-7
P_3: 686.4460433031313 ± 7.954243853990052
t03: 372.44217937219497 ± 145.07168608143786
ecos3: -0.007576134706644269 ± 0.575756586785644
esin3: -0.207924819435251 ± 0.42480252433633126
mu_4: 0.0011467412074992831 ± 0.0005570809702130019
P_4: 4349.16234988962 ± 119.42304411764933
t04: 356.51249505101384 ± 362.0383718017665
ecos4: 0.032589565424613595 ± 0.04204846352214887
esin4: -0.032345604080493334 ± 0.03181608848386946
tsin: 0.00012290618243354076 ± 0.0005411479038097583
tcos: -0.0017907492236823124 ± 0.0006256659165450836
dphi: 2.3146937561003735 ± 0.021152661646651572
Retrieved Earth masses:
[0.7528038365571194, 1.0043435125066107, 0.06677228118399776, 381.77103585743265]
 ± [0.38459328408360016, 0.10164278965957438, 0.14586629123283715, 185.4624022088386]
Retrieved eccentricity:
[0.003232123403398573, 0.015488747144458116, 0.010714272452501835, 0.04608860541533384]
 ± [0.024788991983321483, 0.01871467538275199, 0.8142427736578997, 0.05946550738997329]
