Global Fit Results.
chi^2: 276.76307581989175
Δϕ range=[2.2 - 2.38, length=100]
mu_1: 2.3531884215709383e-6 ± 1.4114010940056178e-7
P_1: 224.70077867204947 ± 2.6698056359700023e-6
t01: 3503.768789498815 ± 4.498038711209671e-5
ecos1: -0.08683152730419756 ± 0.0069622764985003745
esin1: -0.030267524291432518 ± 0.005316390800661976
mu_2: 2.54720043541895e-6 ± 4.510019517173869e-8
P_2: 365.2564209979013 ± 6.899866742644877e-6
t02: 3624.4077756153647 ± 6.963918632215893e-5
ecos2: -0.05746769050930438 ± 0.005446220486503055
esin2: -0.02182999162648046 ± 0.004168459090099994
mu_3: 0.0007417173885461653 ± 8.008820699861367e-5
P_3: 4451.5316159221875 ± 36.99823113747822
t03: 1300.7600015363182 ± 57.961108435273275
ecos3: 0.005704456751342323 ± 0.01344241713642027
esin3: 0.0963463074289119 ± 0.011259908233948625
tcos: -0.00012661602698008336 ± 8.173550635382602e-5
tsin: -0.0011843143872262113 ± 0.0001026686997712566
dphi: 2.302924212688517 ± 0.006558245261006349
Retrieved Earth masses:
[0.7834192888471879, 0.8480094221843022, 246.93122902267066]
 ± [0.04698811328528762, 0.015014676472326755, 26.662822915818467]
Retrieved eccentricity:
[0.1227983235551659, 0.08127158731651785, 0.00806732010371908]
 ± [0.009846145849170693, 0.007702118875686816, 0.01901044862540205]
