Global Fit Results.
chi^2: 6.454847414055148
Δϕ range=[2.25 - 2.37, length=100]
mu_1: 2.3835700761254323e-6 ± 9.303822899619919e-7
P_1: 224.70077506548458 ± 9.771171467107858e-6
t01: 3503.7688081540505 ± 0.00026647993403636124
ecos1: 0.004645976829440131 ± 0.019192275853483983
esin1: -0.003443849414611885 ± 0.025601157647628305
mu_2: 3.071953698329549e-6 ± 2.8606510024765764e-7
P_2: 365.25645028226336 ± 2.1607319625722924e-5
t02: 3624.4075962879606 ± 0.00036177451008357226
ecos2: 0.016708546247154735 ± 0.015043960446586676
esin2: -0.00047684202601992726 ± 0.020503749733637805
mu_3: 0.000867932991003043 ± 0.00040476399996040434
P_3: 4248.972115765585 ± 98.41612184197656
t03: 572.0609536383685 ± 324.24213422624365
ecos3: 0.024761210437001472 ± 0.050643749336685154
esin3: -0.03488972424307204 ± 0.03536874053591009
tcos: 8.899334568935395e-5 ± 0.0004868232205249161
tsin: -0.0017687181965530688 ± 0.00048448432003866043
dphi: 2.3131232339011194 ± 0.020061380329874312
Retrieved Earth masses:
[0.7935338950499472, 1.022709341783269, 288.95070209664425]
 ± [0.30974121123350484, 0.09523628254570841, 134.75330835948702]
Retrieved eccentricity:
[0.006570403442665384, 0.023629452710264304, 0.035017639620781714]
 ± [0.02714197680480272, 0.02127537289536728, 0.07162107716136358]
