Global Fit Results.
chi^2: 33.55086965849057
per 4 range=[657.45 - 803.5500000000001, length=300]
mu_1: 2.39640065200785e-6 ± 5.994524976306463e-7
P_1: 224.70079554559024 ± 7.349644133933079e-6
t01: 3503.76927178232 ± 0.00012854499258306424
ecos1: -0.001296396033030189 ± 0.008847501514180784
esin1: -0.009400341120897222 ± 0.009647846951894714
mu_2: 3.0508681210888184e-6 ± 1.2969282847538555e-7
P_2: 365.2984158732161 ± 0.05602092784402293
t02: 3624.071463594474 ± 0.4114114264862359
ecos2: 0.013288972911192552 ± 0.006605906495274163
esin2: -0.0041103835116455805 ± 0.0079730259278218
mu_3: 6.224838710458871e-6 ± 1.5458878937834217e-6
P_3: 731.9784162182285 ± 1.588545395114561
t03: 141.58580166775693 ± 18.822224795206413
ecos3: 0.08242039299023082 ± 0.008095184822693498
esin3: -0.013256517669141868 ± 0.02782374357329919
mu_4: 0.0011903600574084457 ± 0.00025797066626527174
P_4: 4345.959465258475 ± 93.53432027538159
t04: 425.51571331554106 ± 172.65692382137217
ecos4: 0.03936807581730418 ± 0.01816755753014278
esin4: -0.02929899838948085 ± 0.012481778482322433
tsin: 7.454457302657703e-5 ± 0.00024361986198947384
tcos: -0.001658812499142133 ± 0.0003416420917481203
dphi: 2.2981610699424193 ± 0.015831619820904207
Retrieved Earth masses:
[0.7978054274700299, 1.0156895690462275, 2.0723621920936455, 396.292545509157]
 ± [0.19956865548316846, 0.043177104953175956, 0.5146542381747721, 85.88313373310639]
Retrieved eccentricity:
[0.009489312718194488, 0.013910142114558618, 0.08347967681643455, 0.04907419586894737]
