Global Fit Results.
chi^2: 1.3234821419865181
per 4 range=[657.45 - 712.2375, length=100]
mu_1: 2.2612248748401994e-6 ± 1.411939942441638e-6
P_1: 224.70077116556436 ± 1.6118602185023174e-5
t01: 3503.768875516448 ± 0.0004239251197759416
ecos1: -0.0022853828967236314 ± 0.021423698004388998
esin1: -0.0025610691317082047 ± 0.026014635946561424
mu_2: 3.016787861916093e-6 ± 3.731595215683347e-7
P_2: 365.2564581957636 ± 3.0853285114195644e-5
t02: 3624.407471085942 ± 0.000525801413007984
ecos2: 0.010952240486525842 ± 0.016174022913515825
esin2: 0.0010490681999989811 ± 0.021072543233637147
mu_3: 2.0055715486672288e-7 ± 5.355332800021083e-7
P_3: 686.4461514888084 ± 9.722000659475995
t03: 372.43867905633994 ± 177.32891359207287
ecos3: -0.00757347636330627 ± 0.7037894301087645
esin3: -0.2079342990401373 ± 0.5192700878518318
mu_4: 0.001146739464846634 ± 0.0006808709826660376
P_4: 4349.163502833787 ± 145.95674322204187
t04: 356.5084233594726 ± 442.49665618877543
ecos4: 0.03258963410737155 ± 0.0513928390841286
esin4: -0.03234567514406232 ± 0.03888812127043316
tsin: 0.00012290468574932645 ± 0.0006614032422531189
tcos: -0.0017907510276941791 ± 0.0007647178984968666
dphi: 2.314693730206169 ± 0.025853523528036937
Retrieved Earth masses:
[0.7528029490253372, 1.004343629996009, 0.0667691300019287, 381.77045569662334]
 ± [0.4700605253123468, 0.12423160182747349, 0.1782887836466461, 226.67435218843283]
Retrieved eccentricity:
[0.00323201948776207, 0.015488807034416551, 0.010710512987299792, 0.04608870254742164]
 ± [0.03029768427399233, 0.022873522562427282, 0.9953085571146463, 0.07268045004163275]
