Global Fit Results.
chi^2: 4.142765303816461
Δϕ range=[2.25 - 2.37, length=100]
mu_1: 2.373259802458519e-6 ± 1.1407373803409166e-6
P_1: 224.70077474143602 ± 1.1812561396396951e-5
t01: 3503.7688135644457 ± 0.00032892456157021673
ecos1: 0.004671368709770789 ± 0.023862204294630155
esin1: -0.004206893005759401 ± 0.03033344458195677
mu_2: 3.0787741219257487e-6 ± 3.5008212914045936e-7
P_2: 365.2564503162064 ± 2.662080736414157e-5
t02: 3624.4075949163916 ± 0.0004514923052453834
ecos2: 0.01669497561496609 ± 0.01863474654058806
esin2: -0.0010730602503993337 ± 0.024359768187008992
mu_3: 0.0008668822987050043 ± 0.0004956726982221575
P_3: 4247.487898155634 ± 120.13527428355025
t03: 580.6256394638111 ± 384.4123094013754
ecos3: 0.024237375537677453 ± 0.06275367316665112
esin3: -0.03441358601262908 ± 0.043320047173642365
tcos: 8.925617848616262e-5 ± 0.000593915156695931
tsin: -0.0017726276829314032 ± 0.0005984069757658721
dphi: 2.3133616066384493 ± 0.022550787464922242
Retrieved Earth masses:
[0.7901014171446885, 1.0249799850323993, 288.6009074922763]
 ± [0.379772252436754, 0.11654871753373547, 165.01846991195697]
Retrieved eccentricity:
[0.006606312984203157, 0.023610260938173144, 0.034276825201713344]
 ± [0.03374625294158348, 0.026353511289084752, 0.08874709568100658]
