Global Fit Results.
chi^2: 6.123277239227479
Δϕ range=[2.25 - 2.37, length=100]
mu_1: 2.4363680130745766e-6 ± 9.623008134533782e-7
P_1: 224.70077685788584 ± 1.1146822332397756e-5
t01: 3503.7687823952906 ± 0.00027808178119884857
ecos1: 0.004648255328994273 ± 0.019312531745374076
esin1: -0.0037904431443209724 ± 0.025065241300048495
mu_2: 3.077225477486761e-6 ± 2.945261696464964e-7
P_2: 365.25645110722473 ± 2.2809466670157875e-5
t02: 3624.407593128992 ± 0.0003649213235437181
ecos2: 0.016921238290299727 ± 0.015042130767277019
esin2: -0.000667393335004486 ± 0.020116501607082806
mu_3: 0.0009140355433544023 ± 0.0004167410517913974
P_3: 4258.686992619263 ± 106.51114271604311
t03: 550.1040803385816 ± 313.7693620804049
ecos3: 0.03120147530352973 ± 0.04716576655759988
esin3: -0.0350815308155822 ± 0.03306523545984117
tcos: 8.288364778611293e-5 ± 0.0004893982777013341
tsin: -0.0017062982322355558 ± 0.0005180777856885017
dphi: 2.3128072702779847 ± 0.02180731958577175
Retrieved Earth masses:
[0.8111112899742704, 1.0244644130901155, 304.29908153199386]
 ± [0.32036746909940955, 0.09805312666688588, 138.74068707591746]
Retrieved eccentricity:
[0.006573625727636714, 0.023930244682288795, 0.04412554954030092]
 ± [0.02731204431806896, 0.02127278533807277, 0.06670246674548112]
