Global Fit Results.
chi^2: 51.53330590391171
per 4 range=[657.45 - 803.5500000000001, length=300]
mu_1: 2.195588476454667e-6 ± 4.663167155735313e-7
P_1: 224.70078574943383 ± 6.159677673054242e-6
t01: 3503.769322044343 ± 0.00012162869842202515
ecos1: -0.0032090308040086477 ± 0.0067532038545352144
esin1: 0.00443190503037107 ± 0.0060950569483684
mu_2: 2.95237178334562e-6 ± 1.3285079941912195e-7
P_2: 365.27031121072883 ± 0.028652686738445652
t02: 3624.279730067403 ± 0.26290718325728646
ecos2: 0.009740795005700334 ± 0.005032109887108324
esin2: 0.006275553603466798 ± 0.004972432363455449
mu_3: 7.483401621604919e-6 ± 2.499973196273669e-6
P_3: 729.036785377973 ± 1.4021210645299889
t03: 684.0538385410835 ± 15.24729713341117
ecos3: 0.033312374175198146 ± 0.015835383125054843
esin3: 0.024823252331757122 ± 0.021224209688156984
mu_4: 0.0012637606730005026 ± 0.00021587999252217278
P_4: 4229.368445996789 ± 63.20983196847644
t04: 516.8449326530509 ± 122.4518617624909
ecos4: 0.06340391635164445 ± 0.011218072951934641
esin4: -0.03634455811784128 ± 0.00897794750190931
tsin: -1.7287939256533968e-5 ± 0.00023310099070164835
tcos: -0.0019465264162680086 ± 0.0002844774975717283
dphi: 2.3096432561675035 ± 0.012294848858810041
Retrieved Earth masses:
[0.7309513964363791, 0.9828983441015985, 2.491360709926426, 420.72894743131457]
 ± [0.15524532856926582, 0.04422845100275853, 0.832286614029096, 71.87038176277993]
Retrieved eccentricity:
[0.005471714621515343, 0.011587306001528642, 0.041544050470729184, 0.07308203276803041]
