Global Fit Results.
chi^2: 2.2962547995571887
Δϕ range=[2.2 - 2.38, length=100]
mu_1: 2.289738853436239e-6 ± 1.4567134079196745e-6
P_1: 224.70078310506304 ± 1.9587827819156598e-5
t01: 3503.7686931206736 ± 0.0004179461414533564
ecos1: 0.002454541619145922 ± 0.027464632998404445
esin1: -0.0032901171132357783 ± 0.035557978244080586
mu_2: 3.0253898795771315e-6 ± 4.284929555164356e-7
P_2: 365.25646484133347 ± 4.1610072736216745e-5
t02: 3624.4074385321255 ± 0.0005572571276187716
ecos2: 0.014594854953803334 ± 0.021194570397331997
esin2: 0.00026597220615049317 ± 0.028472115734653237
mu_3: 0.0008917723950623559 ± 0.0005813641146234173
P_3: 4210.472696373444 ± 178.0625624268074
t03: 567.9322613420079 ± 473.7038104329442
ecos3: 0.032869863308762876 ± 0.07322331894150974
esin3: -0.05118976569681999 ± 0.05364125805383023
tcos: 0.00013788622972413152 ± 0.0007342701952448406
tsin: -0.00177413267655187 ± 0.0008575516705391516
dphi: 2.315311711010412 ± 0.03484696632148402
Retrieved Earth masses:
[0.762295771881826, 1.007207398361044, 296.887273942523]
 ± [0.4849664275182617, 0.14265310988680477, 193.5467033003259]
Retrieved eccentricity:
[0.003471246047205379, 0.020640241816536828, 0.046485006484602236]
 ± [0.038840856471943214, 0.029973648904578227, 0.10355341072905382]
