Global Fit Results.
chi^2: 107.288948512343
Δϕ range=[2.25 - 2.37, length=200]
mu_1: 3.135957954307763e-6 ± 3.3123877563197964e-7
P_1: 224.70078019924887 ± 4.301634208729639e-6
t01: 3503.7693237343738 ± 0.00010488771731863391
ecos1: 0.005699910958928454 ± 0.009778411261863329
esin1: 0.0009890386028586387 ± 0.01049712058552581
mu_2: 3.0666785836208876e-6 ± 1.1903801857949462e-7
P_2: 365.25645929374855 ± 8.978520348434221e-6
t02: 3624.4085636921654 ± 0.0001383183041203747
ecos2: 0.017586080974499256 ± 0.007655793544388976
esin2: 0.001441968357570164 ± 0.008294747249847781
mu_3: 0.0007080267197186297 ± 0.0001601867474343822
P_3: 4214.367963437369 ± 44.36939909115729
t03: 507.43265334317016 ± 129.99303881119906
ecos3: 0.015509493057179163 ± 0.03074198653533146
esin3: -0.08044071665715082 ± 0.019993907664397664
tcos: 0.00013941927635543441 ± 0.0001898037554520065
tsin: -0.0014458036488484741 ± 0.0001747391966156332
dphi: 2.2989202763413554 ± 0.009650976574150117
Retrieved Earth masses:
[1.0440175244353713, 1.0209531600105881, 235.71499169475024]
 ± [0.11027542191924557, 0.03962992466156614, 53.32908602108926]
Retrieved eccentricity:
[0.008060891382435653, 0.024870474223128304, 0.02193373542699413]
