Global Fit Results.
chi^2: 0.27805113902001244
per 4 range=[657.45 - 1314.9, length=100]
mu_1: 1.4503235525106474e-6 ± 2.164299463244423e-6
P_1: 224.70077957291522 ± 3.734687241597083e-5
t01: 3503.7688735164243 ± 0.000541821216979451
ecos1: -0.05548666181800023 ± 0.07325122734640904
esin1: 0.015721778446202282 ± 0.05530104921827897
mu_2: 2.686944850588097e-6 ± 4.922953628879831e-7
P_2: 365.2564003368732 ± 0.00016382772044512976
t02: 3624.408148745948 ± 0.0012700698414734716
ecos2: -0.03298599560055795 ± 0.05689514513132354
esin2: 0.015136701392903844 ± 0.04373615518865134
mu_3: 4.146326704636651e-6 ± 1.0457195933714576e-5
P_3: 932.9202287746119 ± 31.568661026625723
t03: 867.5972730845142 ± 171.00296286416028
ecos3: 0.07877477476635895 ± 0.40154771940143824
esin3: 0.16649366124547035 ± 0.5553343419612305
mu_4: 0.0015644457284512644 ± 0.0023351489188101586
P_4: 5390.724185592733 ± 1166.9880434398717
t04: 453.79255487727755 ± 1378.4192986978073
ecos4: 0.06249118376898095 ± 0.07827386673490644
esin4: 0.07542262613094526 ± 0.10523412419763557
tsin: 0.00037087765982537135 ± 0.0010694063637653054
tcos: -0.0019684564962668587 ± 0.0018515604096098113
dphi: 2.323573061119549 ± 0.057820634906162356
Retrieved Earth masses:
[0.48283912826143693, 0.8945328834373937, 1.380387685277682, 520.8324793664906]
 ± [0.7205347140095908, 0.1638940934610772, 3.481391004064744, 777.4136097887416]
Retrieved eccentricity:
[0.0784699896738253, 0.0466492423466883, 0.11140435484747069, 0.08837587961484228]
 ± [0.10359287917376661, 0.08046188587790333, 0.5678742307175, 0.11069596391588894]
