Global Fit Results.
chi^2: 2.551006875434403
Δϕ range=[2.2 - 2.38, length=100]
mu_1: 2.186165735316612e-6 ± 1.392949969230147e-6
P_1: 224.70077923680137 ± 1.7149809808337187e-5
t01: 3503.7687463408456 ± 0.00039771343073834913
ecos1: 0.0014778430865414072 ± 0.02370139551465515
esin1: -0.006835192507904775 ± 0.03138530488857389
mu_2: 3.061284884808272e-6 ± 4.095206862067966e-7
P_2: 365.2564651986841 ± 3.663613557901229e-5
t02: 3624.407447609918 ± 0.0005372954054674672
ecos2: 0.014203277340581747 ± 0.01847975578905759
esin2: -0.002876551331130565 ± 0.025227175511205267
mu_3: 0.0009544131182921667 ± 0.0005731632990720155
P_3: 4224.312017989364 ± 154.73279624491988
t03: 596.496158539754 ± 423.1007336115837
ecos3: 0.036381023193679224 ± 0.061835944452341085
esin3: -0.04245989199548621 ± 0.04535909709343271
tcos: 0.00010390047096628753 ± 0.0007141461652574932
tsin: -0.0018548897967192524 ± 0.0007704903135067375
dphi: 2.3143838365640907 ± 0.030798639474915762
Retrieved Earth masses:
[0.7278143942763743, 1.0191574994296924, 317.7415117059449]
 ± [0.46373841732804794, 0.1363368958539088, 190.81650242548173]
Retrieved eccentricity:
[0.0020899857360461736, 0.02008646744519717, 0.05145053641351129]
 ± [0.033518834983994154, 0.026134321266227962, 0.08744923128665011]
