Global Fit Results.
chi^2: 11.50768139363189
Δϕ range=[2.25 - 2.37, length=100]
mu_1: 2.37326121014674e-6 ± 6.844512697177687e-7
P_1: 224.70077474142468 ± 7.087538120103644e-6
t01: 3503.7688135647227 ± 0.00019735477093439999
ecos1: 0.004671525056223272 ± 0.014317369349889381
esin1: -0.004207029464518088 ± 0.018200499988077785
mu_2: 3.0787751070351884e-6 ± 2.1004919601128552e-7
P_2: 365.25645031610276 ± 1.5972799876027655e-5
t02: 3624.407594918014 ± 0.0002709003544195207
ecos2: 0.01669510161401905 ± 0.011180869889356519
esin2: -0.0010731761936035628 ± 0.014616205886764197
mu_3: 0.0008668803344416969 ± 0.0002974032048854028
P_3: 4247.488833753184 ± 72.08238790749374
t03: 580.6244843107013 ± 230.6560180059967
ecos3: 0.024237059809420595 ± 0.037652272517485354
esin3: -0.03441354350050771 ± 0.025991995903738997
tcos: 8.92542420859943e-5 ± 0.00035634895979016324
tsin: -0.0017726274619817642 ± 0.00035904678411442396
dphi: 2.3133615659608147 ± 0.013530378543024314
Retrieved Earth masses:
[0.7901018857897381, 1.0249803129932755, 288.6002535532422]
 ± [0.22786629496285105, 0.06992920339639884, 99.01094410308917]
Retrieved eccentricity:
[0.006606534091476686, 0.023610439127742692, 0.034276378694530464]
 ± [0.020247817912118427, 0.015812137836656956, 0.05324835444839555]
