Global Fit Results.
chi^2: 1.0803827891684645
per 4 range=[657.45 - 803.5500000000001, length=100]
mu_1: 2.6783696932554216e-6 ± 1.5864111372886127e-6
P_1: 224.700791105717 ± 2.1077681059289045e-5
t01: 3503.7686129715244 ± 0.000352918593281655
ecos1: -0.0015981941594849377 ± 0.027321619985982003
esin1: -0.007996179605053865 ± 0.03055222095478975
mu_2: 2.992424116092052e-6 ± 3.6467327701337933e-7
P_2: 365.2640116925558 ± 0.022230658230014765
t02: 3624.3514894050395 ± 0.1664374873886591
ecos2: 0.012102654742742403 ± 0.020552506609542942
esin2: -0.004693353923909928 ± 0.024685205921213517
mu_3: 3.2109219026394168e-6 ± 4.03275433837466e-6
P_3: 734.9867230955631 ± 7.7236486699390285
t03: 106.15107845450372 ± 88.26204354178249
ecos3: 0.0895296912986304 ± 0.03390971810263957
esin3: -0.004676343873333791 ± 0.102316271637956
mu_4: 0.0009516302069395622 ± 0.0006614936253596731
P_4: 4247.3815972230595 ± 361.8763028076831
t04: 547.0227563583081 ± 640.4062031964015
ecos4: 0.014746504852524881 ± 0.07318675320712258
esin4: -0.042944643648519715 ± 0.055228506587415356
tsin: 6.058557368956589e-6 ± 0.0006621349510878287
tcos: -0.0014546128634024312 ± 0.0009435302275427162
dphi: 2.3067853844327972 ± 0.047457083972207915
Retrieved Earth masses:
[0.8916780573649312, 0.9962324952257714, 1.0689743883026326, 316.81502982595725]
 ± [0.528145164068171, 0.12140637643825958, 1.3425773758294213, 220.22327698275265]
Retrieved eccentricity:
[0.002260187855649068, 0.017115738477905366, 0.1266141036695996, 0.020854707160041345]
 ± [0.03863860553017956, 0.029065633587978305, 0.04795558323700133, 0.10350169897156536]
