Global Fit Results.
chi^2: 6.473070787882101
Δϕ range=[2.25 - 2.37, length=100]
mu_1: 2.373286796903698e-6 ± 9.125884357027507e-7
P_1: 224.70077474140612 ± 9.45005803914658e-6
t01: 3503.7688135646267 ± 0.00026313957005012203
ecos1: 0.004671468993293162 ± 0.01908979011500194
esin1: -0.004206128078569115 ± 0.024267262438402378
mu_2: 3.0787751196592497e-6 ± 2.800653612395554e-7
P_2: 365.25645031568644 ± 2.1296912751994782e-5
t02: 3624.4075949241774 ± 0.0003611967707474543
ecos2: 0.01669506738203858 ± 0.01490780726728372
esin2: -0.0010724600096894607 ± 0.01948822127280611
mu_3: 0.000866879645493756 ± 0.00039653600509850225
P_3: 4247.492812771257 ± 96.10721826764231
t03: 580.606137376935 ± 307.5322780559974
ecos3: 0.024237114374101643 ± 0.050203413671506346
esin3: -0.03441482958792018 ± 0.03465566044826759
tcos: 8.925268809232293e-5 ± 0.00047513077211948417
tsin: -0.0017726163591253368 ± 0.0004787264220800495
dphi: 2.3133612169849997 ± 0.018040666183984068
Retrieved Earth masses:
[0.790110404087192, 1.0249803171960554, 288.60002418992354]
 ± [0.30381731303570597, 0.09323886014471837, 132.0140589971064]
Retrieved eccentricity:
[0.006606454806520579, 0.02361039071641164, 0.03427645586064243]
 ± [0.02699704008349159, 0.021082823222636826, 0.07099834849167112]
