Global Fit Results.
chi^2: 414.27653042445445
Δϕ range=[2.25 - 2.37, length=100]
mu_1: 2.373286796903698e-6 ± 1.1407355446284383e-7
P_1: 224.70077474140612 ± 1.1812572548933224e-6
t01: 3503.7688135646267 ± 3.2892446256265254e-5
ecos1: 0.004671468993293162 ± 0.0023862237643752426
esin1: -0.004206128078569115 ± 0.0030334078048002973
mu_2: 3.0787751196592497e-6 ± 3.500817015494443e-8
P_2: 365.25645031568644 ± 2.6621140939993478e-6
t02: 3624.4075949241774 ± 4.5149596343431787e-5
ecos2: 0.01669506738203858 ± 0.001863475908410465
esin2: -0.0010724600096894607 ± 0.002436027659100764
mu_3: 0.000866879645493756 ± 4.956700063731278e-5
P_3: 4247.492812771257 ± 12.013402283455289
t03: 580.606137376935 ± 38.44153475699967
ecos3: 0.024237114374101643 ± 0.006275426708938293
esin3: -0.03441482958792018 ± 0.0043319575560334484
tcos: 8.925268809232293e-5 ± 5.939134651493552e-5
tsin: -0.0017726163591253368 ± 5.984080276000619e-5
dphi: 2.3133612169849997 ± 0.0022550832729980085
Retrieved Earth masses:
[0.790110404087192, 1.0249803171960554, 288.60002418992354]
 ± [0.037977164129463246, 0.011654857518089796, 16.5017573746383]
Retrieved eccentricity:
[0.006606454806520579, 0.02361039071641164, 0.03427645586064243]
 ± [0.0033746300104364486, 0.0026353529028296033, 0.00887479356145889]
