Global Fit Results.
chi^2: 3.4384705992255578
per 4 range=[657.45 - 730.5, length=100]
mu_1: 2.4598555995371315e-6 ± 8.927048063660561e-7
P_1: 224.70076630712956 ± 2.2583065080145676e-5
t01: 3503.7689188776785 ± 0.00039505673052167415
ecos1: -0.004244351592769762 ± 0.013362728679262977
esin1: 0.002124316863847787 ± 0.014823316112214756
mu_2: 2.9973167539822293e-6 ± 2.2878184662796287e-7
P_2: 365.2564574960627 ± 2.51813655850749e-5
t02: 3624.4074704898985 ± 0.0003318670731347836
ecos2: 0.009775348705436237 ± 0.010040247512959191
esin2: 0.004868686838935623 ± 0.011717976537247597
mu_3: 2.9943068415828184e-7 ± 3.9642710853186925e-7
P_3: 683.3780314353896 ± 6.849634741152635
t03: 399.74545188017805 ± 98.75954765881868
ecos3: 0.018900787743371797 ± 0.3551330788167574
esin3: -0.20046405094760728 ± 0.21907505066058577
mu_4: 0.0013083904039524828 ± 0.000551944141225975
P_4: 4384.434433451185 ± 120.39388467960192
t04: 248.7004254866524 ± 273.07837113629785
ecos4: 0.03333519368654422 ± 0.02832770115233139
esin4: -0.03126675776909279 ± 0.022800173711589
tsin: 0.00018403881510661125 ± 0.0004580249296278111
tcos: -0.0017341823837907458 ± 0.0005439162981259221
dphi: 2.318475993065887 ± 0.02353993216927231
Retrieved Earth masses:
[0.818930735333834, 0.9978613434987672, 0.09968592888354756, 435.58699779538216]
 ± [0.2971976906493884, 0.07616564400175553, 0.13197780534652426, 183.7522582717629]
Retrieved eccentricity:
[0.006002419585974845, 0.013824430716154204, 0.02672975036621156, 0.047143083015844814]
 ± [0.018897752128525618, 0.014199054202409625, 0.5022340165099716, 0.040061419160479006]
