Global Fit Results.
chi^2: 15.969572015269142
per 4 range=[657.45 - 1314.9, length=100]
mu_1: 1.8797132112594662e-6 ± 1.942706308295961e-7
P_1: 224.7008076446593 ± 2.3542003306041065e-5
t01: 3503.765902127178 ± 0.001547392255580343
ecos1: -0.002554595265509018 ± 0.0032985013581232994
esin1: -0.016339327937915767 ± 0.0038512472993689094
mu_2: 2.970629724190861e-6 ± 5.4488378498940734e-8
P_2: 365.25609919712923 ± 0.00010787106163621352
t02: 3624.410841488597 ± 0.0008327954871331621
ecos2: 0.009205511297576388 ± 0.0029856550790125134
esin2: -0.009229774574105185 ± 0.0030821308199848255
mu_3: 6.319908503159792e-7 ± 1.8005488733276425e-7
P_3: 672.026458135922 ± 0.9016071687794408
t03: 636.4543168711986 ± 16.083149799962104
ecos3: 0.17147304552844753 ± 0.09209837544225057
esin3: 0.19893277918588587 ± 0.10903365443589622
mu_4: 0.007307806387219045 ± 0.002248955185776839
P_4: 7519.3598512170765 ± 464.2018394260167
t04: -3139.6960587761737 ± 583.5532740534461
ecos4: 0.06142197050092354 ± 0.0038762445510386757
esin4: 0.018891460485317698 ± 0.009573934812189799
tsin: 0.0005406283443134677 ± 0.00014856614353954615
tcos: -0.0013878124541439182 ± 0.000166715681731993
dphi: 2.3253302140192815 ± 0.007379161239294888
Retrieved Earth masses:
[0.6257907669877435, 0.9889767451772098, 0.2104012657779213, 2432.901857933732]
 ± [0.06467623164098964, 0.018140173707628333, 0.05994355169125263, 748.718146043867]
Retrieved eccentricity:
[0.0036127432708569513, 0.013018558925611278, 0.24249950656774968, 0.08686378371008623]
 ± [0.004664785356164044, 0.004222353905307611, 0.13024677162295994, 0.005481837615153704]
