Global Fit Results.
chi^2: 343.39842044476654
Δϕ range=[2.25 - 2.37, length=100]
mu_1: 2.150695138181183e-6 ± 1.2701252869614709e-7
P_1: 224.7007771384792 ± 1.437711716323133e-6
t01: 3503.768779029339 ± 3.512494656082346e-5
ecos1: 0.002664234475648889 ± 0.0021111388744976156
esin1: -0.005513471904247688 ± 0.0027585365176725335
mu_2: 3.0602289604515282e-6 ± 3.663073015597989e-8
P_2: 365.25645836174596 ± 3.0324464168217242e-6
t02: 3624.407522676905 ± 4.655138044745375e-5
ecos2: 0.015058267504201146 ± 0.0016512892407336407
esin2: -0.00186916383116152 ± 0.002219464817085549
mu_3: 0.0010010106691284203 ± 5.260225075784486e-5
P_3: 4243.506561340643 ± 13.121631003831753
t03: 577.9145435598887 ± 36.762980036701535
ecos3: 0.040886189352430574 ± 0.00501314355845091
esin3: -0.035623818809350366 ± 0.0035979853843862908
tcos: 2.8672259799710458e-5 ± 6.16812595015692e-5
tsin: -0.0018642652905535519 ± 6.884869861633832e-5
dphi: 2.3099150525057195 ± 0.002614374045179886
Retrieved Earth masses:
[0.7160055863933777, 1.0188059629776796, 333.2546851533088]
 ± [0.04228478433503077, 0.012195037297350528, 17.51224742681745]
Retrieved eccentricity:
[0.00376779652880463, 0.021295606130283317, 0.05782180349596175]
 ± [0.002985601228367599, 0.0023352756396462855, 0.007089655610484595]
