Global Fit Results.
chi^2: 2.3997815426776756
Δϕ range=[2.2 - 2.38, length=100]
mu_1: 2.160550054987164e-6 ± 1.6912205983852545e-6
P_1: 224.7007874823998 ± 2.8624923275278932e-5
t01: 3503.7687044165214 ± 0.0005229659016933469
ecos1: -0.08157862869919032 ± 0.07870301562310611
esin1: -0.017286447954948696 ± 0.04852810037682268
mu_2: 2.609963403584468e-6 ± 5.188990728754432e-7
P_2: 365.2564280251587 ± 6.912667169308687e-5
t02: 3624.4077312030877 ± 0.0007666907111193836
ecos2: -0.05450891184912611 ± 0.062144326072401904
esin2: -0.011267411674963696 ± 0.038707836191365044
mu_3: 0.0007829841383434009 ± 0.0010279444341856048
P_3: 4446.313938261637 ± 427.4934609647543
t03: 1387.0884999942687 ± 635.1141075556857
ecos3: 0.02832019624162578 ± 0.1322074730278066
esin3: 0.09914168033601138 ± 0.14042509997989772
tcos: -7.598578065987596e-6 ± 0.0009068940992144103
tsin: -0.0013562135272767826 ± 0.0011163138244646262
dphi: 2.307073781376193 ± 0.06322042414064136
Retrieved Earth masses:
[0.7192864677053111, 0.8689043575135115, 260.6696817036518]
 ± [0.5630381427706471, 0.17275095310224406, 342.2214261391371]
Retrieved eccentricity:
[0.11536960310619394, 0.07708724240723365, 0.040050805613974734]
 ± [0.11130287209385825, 0.0878853487561267, 0.18696960140299926]
