Global Fit Results.
chi^2: 0.44725122169771286
per 4 range=[657.45 - 803.5500000000001, length=100]
mu_1: 1.794343532304699e-6 ± 1.3373589879357458e-6
P_1: 224.70077874871535 ± 3.721357575677243e-5
t01: 3503.7688365768845 ± 0.0006436016941896177
ecos1: -0.004564142209269937 ± 0.013899496256130392
esin1: -0.012869985108473777 ± 0.013028400085979698
mu_2: 2.9384038037015894e-6 ± 4.802433630195384e-7
P_2: 365.25618550612563 ± 0.00021911499815071555
t02: 3624.4104666539597 ± 0.0023949998435661085
ecos2: 0.008356559431817933 ± 0.013810669272865738
esin2: -0.005850471094613868 ± 0.011238042616458993
mu_3: 1.2045807200258762e-6 ± 3.9451382851024186e-6
P_3: 800.3343739556303 ± 7.119698557002243
t03: 601.4743622130329 ± 131.87799273790986
ecos3: 0.4880440726894609 ± 1.3786856145404542
esin3: 0.012635534086110825 ± 0.8843003622631181
mu_4: 0.008024506633980159 ± 0.006949158175149862
P_4: 7110.241158570822 ± 775.9922151491972
t04: -2737.0460059576944 ± 1037.098659284746
ecos4: 0.0593617024982581 ± 0.016127416774349198
esin4: 0.0035511583553241408 ± 0.014411387226958818
tsin: 0.0006233055292249093 ± 0.0010740816515977043
tcos: -0.0025305281750518075 ± 0.0009777663024909291
dphi: 2.3093369017993535 ± 0.033626088426598595
Retrieved Earth masses:
[0.5973696458557567, 0.9782481492514755, 0.401026863123743, 2671.5044247691435]
 ± [0.44523116706591065, 0.15988176317780128, 1.313408395769459, 2313.5013353619]
Retrieved eccentricity:
[0.006454671812949045, 0.011817959683253727, 0.6901985466332362, 0.08395012475859344]
 ± [0.01965685611557366, 0.0195312357911361, 1.9497558943317956, 0.02280761152832799]
