Global Fit Results.
chi^2: 367.00611755001967
Δϕ range=[2.2 - 2.38, length=200]
mu_1: 2.3987840107804778e-6 ± 1.3458685624095834e-7
P_1: 224.7007830837919 ± 1.7774751016906509e-6
t01: 3503.7694462080685 ± 3.795258848218213e-5
ecos1: 0.005391662215469388 ± 0.002678455906157439
esin1: -0.005976062380400804 ± 0.0035182681589329572
mu_2: 3.0733324470197244e-6 ± 3.941176286189698e-8
P_2: 365.25646416213897 ± 3.7778604166551222e-6
t02: 3624.408617323136 ± 5.0662853021921765e-5
ecos2: 0.01735138088952576 ± 0.002069839897149245
esin2: -0.002719034757003264 ± 0.002831096902215153
mu_3: 0.0008416458944176376 ± 5.256834902020009e-5
P_3: 4201.934644057951 ± 16.3862066385395
t03: 602.905404018043 ± 43.42391315903102
ecos3: 0.029765303325527015 ± 0.007060026615195082
esin3: -0.049223766016128746 ± 0.0051377321524699706
tcos: 0.00018516153792696107 ± 6.731267370632422e-5
tsin: -0.0016932471606772872 ± 7.678357497131065e-5
dphi: 2.3163447702736457 ± 0.0032876334844360927
Retrieved Earth masses:
[0.7985988910182966, 1.0231683523361237, 280.1992488241317]
 ± [0.044806415941007476, 0.013120893741636391, 17.500960920835652]
Retrieved eccentricity:
[0.007624961828851378, 0.02453855817986867, 0.042094495651109294]
