Global Fit Results.
chi^2: 11.202383382563
per 4 range=[657.45 - 730.5, length=100]
mu_1: 2.3673262403246848e-6 ± 4.507106944324242e-7
P_1: 224.70077137546826 ± 1.3068483633654635e-5
t01: 3503.768861602185 ± 0.00020844045995535294
ecos1: -0.0003899502467485388 ± 0.008274294987470041
esin1: 0.0014904220411887659 ± 0.009066729132895347
mu_2: 3.061042170179991e-6 ± 1.261901245726748e-7
P_2: 365.25645896776433 ± 1.4055982938492124e-5
t02: 3624.407455843633 ± 0.00017143256771461318
ecos2: 0.012292335861550974 ± 0.00617335001900379
esin2: 0.004045479637513329 ± 0.007217613764107656
mu_3: 3.0312015131105363e-7 ± 2.00554066933972e-7
P_3: 683.3852970781072 ± 4.8226602106196035
t03: 404.53179951682654 ± 51.23952509220312
ecos3: 0.013269769915347042 ± 0.1672915963875657
esin3: -0.18151415269132798 ± 0.10436413667651333
mu_4: 0.0011705285998248154 ± 0.0002824235326900085
P_4: 4364.011710791461 ± 69.6575067140086
t04: 296.98950092132264 ± 147.28672854803835
ecos4: 0.024103342843759232 ± 0.018198879618798836
esin4: -0.03387052330675011 ± 0.013955127305648402
tsin: 0.00022165437877205365 ± 0.0002345029105786419
tcos: -0.001790993396012194 ± 0.00026921895999345745
dphi: 2.3213173674166985 ± 0.012003571845034498
Retrieved Earth masses:
[0.7881260262305534, 1.0190766953088928, 0.10091421970231676, 389.6902920497425]
 ± [0.15004979986785463, 0.04201099102224303, 0.06676810197286925, 94.02393837464626]
Retrieved eccentricity:
[0.0005514729276025185, 0.01738398808865055, 0.018766288583854266, 0.03408727434817279]
 ± [0.01170162019035585, 0.008730435322151365, 0.23658604448234127, 0.025737102376900616]
