Global Fit Results.
chi^2: 357.41191663512086
Δϕ range=[2.2 - 2.38, length=200]
mu_1: 2.3583490643266392e-6 ± 1.35517110260363e-7
P_1: 224.70077945349473 ± 1.633218191056159e-6
t01: 3503.7695024050886 ± 3.680443706787035e-5
ecos1: -0.0023443474816532564 ± 0.002083562115230387
esin1: -0.0044172781349897435 ± 0.0026743802489710656
mu_2: 3.015178133580748e-6 ± 3.70398732606219e-8
P_2: 365.2564640062856 ± 3.5363884755740786e-6
t02: 3624.408620719127 ± 4.982066249157699e-5
ecos2: 0.01156954600882434 ± 0.001606350439077021
esin2: -0.0013160230876369879 ± 0.002151155859814985
mu_3: 0.0009574285087024453 ± 5.201340820990873e-5
P_3: 4197.738030082913 ± 14.207103596365924
t03: 618.6357784616991 ± 39.26062964664017
ecos3: 0.035290624703539566 ± 0.005851570449031435
esin3: -0.04541514374929679 ± 0.004272736244915032
tcos: 0.00025337899917403123 ± 6.583232512075031e-5
tsin: -0.00177563483406124 ± 7.889465370151856e-5
dphi: 2.316143576059251 ± 0.003009486122286846
Retrieved Earth masses:
[0.7851373608216228, 1.003807722111985, 318.74539009883625]
 ± [0.045116114448635995, 0.012331248489423874, 17.316211016847724]
Retrieved eccentricity:
[0.003315408003469246, 0.016361808876178895, 0.049908480080364644]
