Global Fit Results.
chi^2: 0.8536357846771918
per 4 range=[657.45 - 803.5500000000001, length=100]
mu_1: 2.6783725051093767e-6 ± 1.7846619712063133e-6
P_1: 224.70079110567278 ± 2.3711625399126045e-5
t01: 3503.7686129718463 ± 0.0003970279086946037
ecos1: -0.0015980993757617793 ± 0.030736689302743793
esin1: -0.00799601698269712 ± 0.0343718954965211
mu_2: 2.9924253296531037e-6 ± 4.1025973211192207e-7
P_2: 365.2640116161792 ± 0.025008844076421465
t02: 3624.3514901584513 ± 0.18723589496251478
ecos2: 0.012102741050184596 ± 0.02312107199733009
esin2: -0.0046932134196508764 ± 0.027771470748698453
mu_3: 3.2108894127164973e-6 ± 4.536665607909145e-6
P_3: 734.9867230955631 ± 8.689381202318346
t03: 106.15075743059701 ± 99.29882660431929
ecos3: 0.08952986034797689 ± 0.03814611610996237
esin3: -0.004675505934744967 ± 0.11510575614387268
mu_4: 0.0009516305697501844 ± 0.0007441847850570185
P_4: 4247.383820595411 ± 407.1103157801786
t04: 547.0180839097809 ± 720.4436383041304
ecos4: 0.014746661717574286 ± 0.08233487475850369
esin4: -0.04294482907569544 ± 0.062131049629381534
tsin: 6.056838855316196e-6 ± 0.0007448692684533895
tcos: -0.0014546126335015154 ± 0.001061468496248114
dphi: 2.306785248527931 ± 0.05338752066927852
Retrieved Earth masses:
[0.8916789934823309, 0.9962328992423505, 1.068963571815489, 316.815150612222]
 ± [0.5941464778165546, 0.13658293769743965, 1.5103386161967551, 247.75267026473924]
Retrieved eccentricity:
[0.0022600538112222852, 0.017115860535060652, 0.1266143427414781, 0.020854929000721677]
 ± [0.0434682428743883, 0.032698133595229, 0.053946754754567595, 0.11643909653976613]
