Global Fit Results.
chi^2: 1.0082145047584223
per 4 range=[657.45 - 730.5, length=100]
mu_1: 2.3673371057695527e-6 ± 1.5023206880514641e-6
P_1: 224.70077137498285 ± 4.3562578945414023e-5
t01: 3503.7688616081823 ± 0.0006948136613379449
ecos1: -0.0003902073287177318 ± 0.027580741498547157
esin1: 0.0014910064398276667 ± 0.030225111884157652
mu_2: 3.0610400673211934e-6 ± 4.2064393015845107e-7
P_2: 365.2564589673689 ± 4.685389105873032e-5
t02: 3624.407455847639 ± 0.0005714514266416755
ecos2: 0.012292154456281746 ± 0.020577640277258544
esin2: 0.004045957086062947 ± 0.024061058129538744
mu_3: 3.031115610115499e-7 ± 6.685187725013017e-7
P_3: 683.3852571927056 ± 16.075093603759232
t03: 404.5298195500017 ± 170.8033446471136
ecos3: 0.013272391129715616 ± 0.5576773525195475
esin3: -0.18152293844210557 ± 0.34791072218352936
mu_4: 0.0011705384078582886 ± 0.0009414403092828316
P_4: 4364.013721507492 ± 232.1982308077173
t04: 296.97920161578656 ± 490.9977105745916
ecos4: 0.02410424404675126 ± 0.06066461706677699
esin4: -0.03387037076035159 ± 0.04651585097491383
tsin: 0.00022165196109514903 ± 0.0007816844078957643
tcos: -0.0017909892674426956 ± 0.0008973665404672985
dphi: 2.3213171589074872 ± 0.04001265535108454
Retrieved Earth masses:
[0.7881296435350639, 1.0190759952288955, 0.10091135983513973, 389.69355732273897]
 ± [0.5001499218103374, 0.14004002637520446, 0.22256207642919365, 313.42262728713627]
Retrieved eccentricity:
[0.0005518364964099929, 0.017383731542858525, 0.018769995540764188, 0.034088548841666566]
 ± [0.03900505868755183, 0.02910117796173389, 0.7886748753614656, 0.08579272421200634]
