Global Fit Results.
chi^2: 76.97559169071597
per 4 range=[547.875 - 1826.25, length=500]
mu_1: 2.365139678040401e-6 ± 3.707362668730375e-7
P_1: 224.70077426580013 ± 4.588280231786797e-6
t01: 3503.7695236853224 ± 0.00011605030625669167
ecos1: -0.006223688970205234 ± 0.006318882055432263
esin1: 0.0032340428178538436 ± 0.006977428854264923
mu_2: 2.9726580821205808e-6 ± 1.01973280566387e-7
P_2: 365.2564545692067 ± 8.519158575299684e-6
t02: 3624.4086214103418 ± 0.00014488013901404987
ecos2: 0.008534308579979728 ± 0.004840100098743443
esin2: 0.006044644157588633 ± 0.005546897015615523
mu_3: 3.5811434572579003e-7 ± 1.2197801265391941e-7
P_3: 686.3528427123441 ± 2.1739898829123336
t03: 414.88137414068865 ± 22.572931973586165
ecos3: -0.09711149730553774 ± 0.047795373012349845
esin3: -0.10929879251961241 ± 0.06035394842451331
mu_4: 0.001058739001868554 ± 0.0001859436916258504
P_4: 4368.823782279631 ± 45.94200928835476
t04: 268.4250572391264 ± 133.47300933916696
ecos4: 0.025771171271121475 ± 0.01729462718833018
esin4: -0.039776603612575415 ± 0.011890181983699972
tsin: 2.7180735174843268e-5 ± 0.00017948189174247443
tcos: -0.0017959205284878606 ± 0.00021248593969115277
dphi: 2.3141129412130743 ± 0.006986031378761648
Retrieved Earth masses:
[0.7873980798179027, 0.9896520224785351, 0.11922278874174588, 352.4734986435681]
 ± [0.12342485619984629, 0.03394876254295109, 0.04060870224090813, 61.90404190493896]
Retrieved eccentricity:
[0.007013796215001282, 0.010458113880149996, 0.14620830672423762, 0.04739547935866272]
