Global Fit Results.
chi^2: 4.01355079248966
Δϕ range=[2.25 - 2.37, length=100]
mu_1: 2.4086452817386165e-6 ± 1.1708551895923988e-6
P_1: 224.70077635647488 ± 1.2978983278232187e-5
t01: 3503.768787629569 ± 0.0003397158078547105
ecos1: 0.003492466275555077 ± 0.02388203017568875
esin1: -0.0033211306044137723 ± 0.031135318572020367
mu_2: 3.063260853602431e-6 ± 3.601650900706744e-7
P_2: 365.25644901043836 ± 2.7406516945275023e-5
t02: 3624.4076063550606 ± 0.00045290166144900214
ecos2: 0.016089137882773445 ± 0.018629110904578815
esin2: -0.00022207955019660906 ± 0.024914831210192136
mu_3: 0.0008926272651320739 ± 0.0005076003082253121
P_3: 4244.281522749585 ± 130.88839809970685
t03: 572.5965848705446 ± 395.5765962446534
ecos3: 0.0281303770640206 ± 0.06078907924240504
esin3: -0.03521809249501232 ± 0.0420758579036012
tcos: 7.26157849917491e-5 ± 0.0006109191803871336
tsin: -0.0017368776117145342 ± 0.0006301260881940201
dphi: 2.31193779024449 ± 0.026652090846452127
Retrieved Earth masses:
[0.801881887743224, 1.019815335433522, 297.17187576018284]
 ± [0.3897990197322007, 0.11990551888844794, 168.98938854331755]
Retrieved eccentricity:
[0.004939093173020641, 0.02275347700070895, 0.03978236075860698]
 ± [0.03377429097146254, 0.026345541296207878, 0.085968740308782]
