Global Fit Results.
chi^2: 201.7946105707788
per 4 range=[657.45 - 730.5, length=300]
mu_1: 2.4612930907673574e-6 ± 1.5325364386990197e-7
P_1: 224.7007626021548 ± 4.051015484484607e-6
t01: 3503.769690825909 ± 7.266180400336379e-5
ecos1: -0.0010993139801471602 ± 0.0022859924055204806
esin1: -9.626114959015025e-5 ± 0.002726064991298228
mu_2: 3.0424456991239295e-6 ± 3.826358424453962e-8
P_2: 365.2564570647019 ± 4.178522189946789e-6
t02: 3624.4086438230115 ± 5.496705714539728e-5
ecos2: 0.012511132224736056 ± 0.0017203062778727472
esin2: 0.0023188974626774865 ± 0.002178343869998824
mu_3: 3.23733136792112e-7 ± 6.848318668985564e-8
P_3: 682.6829665898979 ± 1.0661488271172816
t03: 411.2639159202298 ± 15.90452153048132
ecos3: -0.014620435732376891 ± 0.05002257442606266
esin3: -0.2199469846668567 ± 0.04005415998823006
mu_4: 0.0012647244588981383 ± 9.040703698352767e-5
P_4: 4376.947791920629 ± 19.881880560857322
t04: 291.0996679846779 ± 46.37143860106722
ecos4: 0.03174457727147433 ± 0.00478598630876295
esin4: -0.02763459618936382 ± 0.003960906676759707
tsin: 0.0002537510171926445 ± 7.798138947089703e-5
tcos: -0.0017369031264306636 ± 9.41656562477345e-5
dphi: 2.3224872677503856 ± 0.003881272126982382
Retrieved Earth masses:
[0.8194093023482663, 1.0128855913597745, 0.10777665803430876, 421.04980931198907]
 ± [0.05102092955805387, 0.012738644165854799, 0.022799300269690948, 30.09814937519297]
Retrieved eccentricity:
[0.0011035204736965273, 0.012724217657178027, 0.2204323778510023, 0.042087873463668914]
