Global Fit Results.
chi^2: 0.249524562705419
per 4 range=[657.45 - 1314.9, length=100]
mu_1: 1.8797115676765395e-6 ± 1.55419106081405e-6
P_1: 224.70080764453493 ± 0.00018834373523725614
t01: 3503.765902136324 ± 0.012378508122110972
ecos1: -0.0025546564913470717 ± 0.026388410146294207
esin1: -0.01633952278993209 ± 0.030806927332633648
mu_2: 2.970629406223141e-6 ± 4.359230497521363e-7
P_2: 365.2560991991409 ± 0.0008629929479826455
t02: 3624.410841465834 ± 0.006662421804701103
ecos2: 0.00920546584795693 ± 0.02388569654335674
esin2: -0.009229926516977861 ± 0.024654162282193456
mu_3: 6.319789684038912e-7 ± 1.4403610250246728e-6
P_3: 672.0264364334386 ± 7.2123854976659345
t03: 636.4555835340379 ± 128.66144672832237
ecos3: 0.17147161343015396 ± 0.7367803386053089
esin3: 0.19894089401235818 ± 0.8722295392699044
mu_4: 0.007307746980219827 ± 0.017990629165757766
P_4: 7519.362457600532 ± 3713.800615863556
t04: -3139.6957641415256 ± 4668.5703561967275
ecos4: 0.061422044809804864 ± 0.03101209882278671
esin4: 0.018891605468372995 ± 0.07659522639247375
tsin: 0.000540636069515623 ± 0.0011885534702022733
tcos: -0.0013878107170078096 ± 0.001333808142706016
dphi: 2.3253304587713344 ± 0.05903268704150491
Retrieved Earth masses:
[0.6257902198090494, 0.9889766393199639, 0.21039731007295825, 2432.882080261594]
 ± [0.517418513721382, 0.14512672359697013, 0.4795224213940062, 5989.40814843141]
Retrieved eccentricity:
[0.003612829857267494, 0.013018494650143033, 0.2424974812749203, 0.08686388879871401]
 ± [0.03731884751835306, 0.03377947599834326, 1.0419647473454692, 0.043857730752839656]
