Global Fit Results.
chi^2: 524.9336589539962
Δϕ range=[2.25 - 2.37, length=200]
mu_1: 2.499077367905689e-6 ± 1.1521124691859556e-7
P_1: 224.7007763323615 ± 1.2218073286663913e-6
t01: 3503.7694908264357 ± 3.331921000029993e-5
ecos1: 0.005798725668432844 ± 0.002530064514264532
esin1: -0.00393078738690057 ± 0.003354977218416719
mu_2: 3.039858229404883e-6 ± 3.601535691256571e-8
P_2: 365.2564512194461 ± 2.7056701046964213e-6
t02: 3624.408726554284 ± 4.5296750233473024e-5
ecos2: 0.01756860440803755 ± 0.001982440625822726
esin2: -0.0011603199560112866 ± 0.0026911790747168986
mu_3: 0.0008394919491459905 ± 5.105674422046502e-5
P_3: 4241.8834253777295 ± 12.28312962833854
t03: 598.2888415086193 ± 41.02740762362135
ecos3: 0.017507421995096896 ± 0.007020699271300569
esin3: -0.03519641624835454 ± 0.004746177113549166
tcos: 7.307105398997448e-5 ± 6.14826020773321e-5
tsin: -0.0017356606558114331 ± 5.930721798551739e-5
dphi: 2.3122192279366756 ± 0.002551930052830636
Retrieved Earth masses:
[0.8319883764478897, 1.012024175559566, 279.4821612091064]
 ± [0.03835592267104099, 0.011990168335599778, 16.99772014913583]
Retrieved eccentricity:
[0.00820063648477872, 0.024845758625814444, 0.024759233627655062]
