Global Fit Results.
chi^2: 3.4339842048740263
Δϕ range=[2.25 - 2.37, length=100]
mu_1: 2.1507128888695426e-6 ± 1.2701136176565415e-6
P_1: 224.70077713850503 ± 1.4377154522274702e-5
t01: 3503.7687790285368 ± 0.00035124959506670905
ecos1: 0.0026641812325850617 ± 0.02111152485479304
esin1: -0.005512958918606086 ± 0.027584638910305184
mu_2: 3.0602283251361403e-6 ± 3.663073465209424e-7
P_2: 365.256458361636 ± 3.0324557384431504e-5
t02: 3624.407522678437 ± 0.0004655144087268462
ecos2: 0.015058242090370407 ± 0.016513022827150486
esin2: -0.0018687478187766494 ± 0.022194094865978994
mu_3: 0.0010010097340184129 ± 0.0005260227336877562
P_3: 4243.507393311496 ± 131.2177069578479
t03: 577.9071235905521 ± 367.62335927597235
ecos3: 0.04088625377669908 ± 0.05013139956939697
esin3: -0.03562432975188927 ± 0.03597972405382312
tcos: 2.8669798943712816e-5 ± 0.000616812381033196
tsin: -0.0018642573253602863 ± 0.0006884906296729943
dphi: 2.3099147450188684 ± 0.02614379224884754
Retrieved Earth masses:
[0.7160114959208614, 1.0188057514696145, 333.2543738381543]
 ± [0.4228439584261404, 0.12195038794188892, 175.12254954408155]
Retrieved eccentricity:
[0.0037677212317416635, 0.021295570189699214, 0.05782189460563601]
 ± [0.029856204772025007, 0.023352940837932726, 0.07089650517178593]
