Global Fit Results.
chi^2: 52.14610969013193
per 4 range=[657.45 - 730.5, length=300]
mu_1: 1.928696989420129e-6 ± 4.824461355963955e-7
P_1: 224.70076558156677 ± 1.3295407631490607e-5
t01: 3503.7693998429795 ± 0.0005156503500758482
ecos1: -0.010689548567620331 ± 0.004415111673374735
esin1: -0.006277226184463811 ± 0.0047645641364120715
mu_2: 2.9540230996189465e-6 ± 1.0929545458195276e-7
P_2: 365.2564588927882 ± 1.1912736212574423e-5
t02: 3624.408423988871 ± 0.00016057468530059985
ecos2: 0.004384877967675757 ± 0.0034855259143480393
esin2: -0.0002390530415575683 ± 0.0038749077620241134
mu_3: 6.607590595210467e-7 ± 2.5173311468582395e-7
P_3: 680.4229488180182 ± 2.3622825101044667
t03: 431.6762272546694 ± 31.583755566612822
ecos3: 0.047238465311093394 ± 0.07520394213495124
esin3: 0.09121994151258592 ± 0.03796899043394415
mu_4: 0.001675920479201209 ± 0.000276144481679882
P_4: 4319.438626200942 ± 61.14226727776386
t04: 459.16971143060226 ± 136.55536922054083
ecos4: 0.042919758943381944 ± 0.009114632811158645
esin4: -0.01446761597521898 ± 0.008552694429546422
tsin: -0.00013416651242175503 ± 0.0002528482456137794
tcos: -0.0018174916948219782 ± 0.0002564856091684504
dphi: 2.3074906875851293 ± 0.010766036162961977
Retrieved Earth masses:
[0.6420983589765128, 0.9834480973677002, 0.2199787266349637, 557.9444544027432]
 ± [0.16061510629211992, 0.03638644764606767, 0.08380653919536155, 91.93352792051671]
Retrieved eccentricity:
[0.012396371128295246, 0.004391389432524312, 0.10272560700481145, 0.045292577976578305]
