Global Fit Results.
chi^2: 7.957342450448017
per 4 range=[657.45 - 803.5500000000001, length=100]
mu_1: 2.740603144708083e-6 ± 5.824237523240516e-7
P_1: 224.70079010857967 ± 7.4492324847065105e-6
t01: 3503.768621025133 ± 0.0001298279999855818
ecos1: 0.00016092901375960164 ± 0.010119048554319375
esin1: -0.00815129666911303 ± 0.011829041914320958
mu_2: 3.0101818426022747e-6 ± 1.3270415101372174e-7
P_2: 365.26289102046815 ± 0.007678781031524463
t02: 3624.358831967497 ± 0.0588915123803733
ecos2: 0.013584794605028988 ± 0.007539047719153454
esin2: -0.00458573777404724 ± 0.009547528270254287
mu_3: 2.9706935599249577e-6 ± 1.4573588744290399e-6
P_3: 734.9867230955631 ± 3.1380580976858483
t03: 107.28013701842143 ± 33.58011160051812
ecos3: 0.09006874455466106 ± 0.0137160060500174
esin3: -0.006439614321760004 ± 0.038336507775844186
mu_4: 0.0009405837829666949 ± 0.00024862599269937554
P_4: 4272.651182571586 ± 115.70568238957011
t04: 503.9475290048 ± 206.88048024806307
ecos4: 0.013463220383775789 ± 0.028321280571468266
esin4: -0.04576181591749608 ± 0.01984440423645656
tsin: 1.1281053284723208e-5 ± 0.00024751184084372994
tcos: -0.001433394984261585 ± 0.00035488156748307256
dphi: 2.308834397608906 ± 0.017416105953194656
Retrieved Earth masses:
[0.9123967069352884, 1.0021443658378555, 0.9889979972558579, 313.13747407487506]
 ± [0.1938994759921584, 0.044179629077401396, 0.4851813150763961, 82.77212168987346]
Retrieved eccentricity:
[0.00022758799383815507, 0.019211800772484848, 0.12737644009511953, 0.019039868859953627]
 ± [0.014310495703830322, 0.010661823531804763, 0.01939736177752603, 0.04005233908794406]
