Global Fit Results.
chi^2: 1.9219658045333512
Δϕ range=[2.2 - 2.38, length=100]
mu_1: 2.3531801374720943e-6 ± 1.6937091394581046e-6
P_1: 224.70077867245854 ± 3.203763499756198e-5
t01: 3503.7687894923656 ± 0.0005397670270731088
ecos1: -0.08683182625228504 ± 0.0835472899079194
esin1: -0.030266817158190254 ± 0.06379671035421056
mu_2: 2.5471997465845833e-6 ± 5.412048021457345e-7
P_2: 365.25642099977745 ± 8.279968053998089e-5
t02: 3624.407775597516 ± 0.0008356760958222317
ecos2: -0.05746797756642582 ± 0.06535478011852643
esin2: -0.02182940504192264 ± 0.050021529579424934
mu_3: 0.0007417121071074245 ± 0.0009610634140982219
P_3: 4451.517873550388 ± 443.98162427450853
t03: 1300.782568658225 ± 695.5326039044721
ecos3: 0.005704723633349736 ± 0.16131140667239258
esin3: 0.0963470681262108 ± 0.13512074607791189
tcos: -0.00012660867378422555 ± 0.0009808289432475161
tsin: -0.0011843201648648813 ± 0.0012320347890557028
dphi: 2.302924499816403 ± 0.07869902703067844
Retrieved Earth masses:
[0.783416530919788, 0.8480091928587943, 246.9294707355125]
 ± [0.5638666234225524, 0.1801769366749848, 319.9555163148598]
Retrieved eccentricity:
[0.12279874633160566, 0.08127199327659217, 0.008067697531873516]
 ± [0.11815371048729643, 0.09242561640953158, 0.22812877908157936]
