Global Fit Results.
chi^2: 217.35982699906717
Δϕ range=[2.2 - 2.38, length=100]
mu_1: 2.3609169951884645e-6 ± 1.2478413666430365e-7
P_1: 224.70078893616625 ± 1.9363584670227212e-6
t01: 3503.7686251249925 ± 3.894729343826425e-5
ecos1: 0.012392365635507087 ± 0.0038306623809019414
esin1: -0.0027565759949162915 ± 0.00444221610979387
mu_2: 3.146680526909864e-6 ± 4.5860553980926684e-8
P_2: 365.25645931377943 ± 4.159743085789611e-6
t02: 3624.407481410897 ± 5.260623408112019e-5
ecos2: 0.021417291594484016 ± 0.0029501122340999902
esin2: 0.00010075918624967594 ± 0.0035366034482606696
mu_3: 0.0006954993456568166 ± 5.690630049127952e-5
P_3: 4198.93747697188 ± 16.464435604329925
t03: 567.2128717284982 ± 48.261715770140874
ecos3: 0.006971786263096696 ± 0.011144473869746286
esin3: -0.065079544130884 ± 0.007485641491384324
tcos: 9.564682246575532e-5 ± 6.918629379166448e-5
tsin: -0.001794365039796268 ± 7.149290981394814e-5
dphi: 2.3120619147383294 ± 0.0034303441876512636
Retrieved Earth masses:
[0.7859922717803622, 1.0475872641661754, 231.54440068356524]
 ± [0.041542912037489, 0.015267813769834403, 18.945143981305556]
Retrieved eccentricity:
[0.017525451551620403, 0.030288624242218586, 0.009859594687237787]
 ± [0.005417374691943936, 0.004172088731986997, 0.01576066609210777]
