Global Fit Results.
chi^2: 4.239486670872591
Δϕ range=[2.25 - 2.37, length=100]
mu_1: 2.150688375384903e-6 ± 1.1430946919411193e-6
P_1: 224.70077713846467 ± 1.2939450242883195e-5
t01: 3503.768779029662 ± 0.000316124869617089
ecos1: 0.0026642998245399855 ± 0.01900041761955939
esin1: -0.005513894537285353 ± 0.024825616294790683
mu_2: 3.0602293162326545e-6 ± 3.296767149768007e-7
P_2: 365.2564583618977 ± 2.72922331007636e-5
t02: 3624.407522674292 ± 0.0004189648192011072
ecos2: 0.015058322311944098 ± 0.014861763427997015
esin2: -0.0018695004879902147 ± 0.019974225436034238
mu_3: 0.0010010076584318589 ± 0.0004734203471998131
P_3: 4243.504840639137 ± 118.09723672396244
t03: 577.9210149008384 ± 330.85261027284656
ecos3: 0.040885811329942755 ± 0.04511832034799181
esin3: -0.03562368259034758 ± 0.03238149050851092
tcos: 2.8672306600399236e-5 ± 0.0005551332931127228
tsin: -0.0018642683396046533 ± 0.0006196294865982735
dphi: 2.30991513134622 ± 0.023529180906612362
Retrieved Earth masses:
[0.7160033349353121, 1.018806081423697, 333.2536828375837]
 ± [0.3805570444068713, 0.10975538347421553, 157.6102569302421]
Retrieved eccentricity:
[0.003767888946092705, 0.021295683640136724, 0.057821268891432596]
 ± [0.026870648288333604, 0.02101770740065384, 0.063806940547624]
