Global Fit Results.
chi^2: 245.34990345829632
Δϕ range=[2.1 - 2.52, length=200]
mu_1: 2.3253015265454158e-6 ± 1.5591781822615304e-7
P_1: 224.70078995445587 ± 2.9804135522642035e-6
t01: 3503.7694462714585 ± 4.6195588254111364e-5
ecos1: -0.10595522829288963 ± 0.009161474715499019
esin1: -0.024393893316488408 ± 0.005909910948754012
mu_2: 2.507762017658522e-6 ± 5.025208474908806e-8
P_2: 365.2564135873537 ± 6.90193348015773e-6
t02: 3624.4089536958377 ± 6.802364549675846e-5
ecos2: -0.07161213411067359 ± 0.007137630864527986
esin2: -0.017501216219363964 ± 0.004642079700379929
mu_3: 0.0006987274784948282 ± 7.61800421733872e-5
P_3: 4460.718739916011 ± 41.60876917744184
t03: 1343.0053742955822 ± 61.8899415708209
ecos3: -0.005463332309016516 ± 0.014502496455649081
esin3: 0.10926348632820487 ± 0.013159676529026887
tcos: -0.0001553355052600941 ± 8.773072916988253e-5
tsin: -0.0010931252060916831 ± 0.00012528262303973775
dphi: 2.2936661885854277 ± 0.00909264142610073
Retrieved Earth masses:
[0.774135233533646, 0.834879654541426, 232.61910490575033]
 ± [0.051907881729162116, 0.016729834354249306, 25.361723658312954]
Retrieved eccentricity:
[0.149843320856142, 0.10127485128979553, 0.007726318647162274]
