Global Fit Results.
chi^2: 3.416828097060025
Δϕ range=[2.2 - 2.38, length=100]
mu_1: 2.353193561092054e-6 ± 1.2702713342543067e-6
P_1: 224.70077867196756 ± 2.4028240521141484e-5
t01: 3503.7687895005647 ± 0.0004048250890119724
ecos1: -0.0868303622686632 ± 0.06265898904509047
esin1: -0.030267410994866368 ± 0.047847350105180625
mu_2: 2.547205192763926e-6 ± 4.059012239075952e-7
P_2: 365.2564209976562 ± 6.209967512726562e-5
t02: 3624.4077756174097 ± 0.000626759661198571
ecos2: -0.05746679773857145 ± 0.0490148243444937
esin2: -0.021829931915763 ± 0.03751597697042411
mu_3: 0.0007417278049640884 ± 0.0007208053615774746
P_3: 4451.534251027427 ± 332.9969204273087
t03: 1300.7520697332645 ± 521.6651024921773
ecos3: 0.005705658618861587 ± 0.12098034292578551
esin3: 0.0963446282316634 ± 0.10133684277476766
tcos: -0.00012661556636172676 ± 0.0007356205920803976
tsin: -0.0011843169002771772 ± 0.0009240215869051245
dphi: 2.3029242180908476 ± 0.05902404183089969
Retrieved Earth masses:
[0.7834209998873837, 0.8480110059910996, 246.93469683793222]
 ± [0.4228964651543429, 0.13513191092603097, 239.9692343324078]
Retrieved eccentricity:
[0.12279667594611256, 0.08127032474803925, 0.008069019801064998]
 ± [0.08861319211215413, 0.06931742934531794, 0.1710920417461938]
