Global Fit Results.
chi^2: 2.1020114713607443
per 4 range=[657.45 - 730.5, length=100]
mu_1: 2.4048865274754133e-6 ± 1.1927124826389066e-6
P_1: 224.70076439378096 ± 2.7463064629524976e-5
t01: 3503.7689560426766 ± 0.00047412929790982653
ecos1: -0.0040998764967236185 ± 0.016294926184113386
esin1: 0.0005368923036585377 ± 0.019203746746600626
mu_2: 3.025019743065909e-6 ± 2.9365142149321046e-7
P_2: 365.2564563718255 ± 3.249038987039832e-5
t02: 3624.4074869869023 ± 0.000441500836056348
ecos2: 0.01011987229296191 ± 0.012151859715295102
esin2: 0.003452185191937772 ± 0.015157734771184947
mu_3: 2.8218793202338846e-7 ± 5.14318302136089e-7
P_3: 684.0268521600964 ± 8.78012047924959
t03: 391.8277590671986 ± 137.2545236984351
ecos3: 0.006256280342017167 ± 0.47290820513830795
esin3: -0.2169866213572704 ± 0.3193326872452416
mu_4: 0.001311358872275266 ± 0.0007053401488069188
P_4: 4393.135851498785 ± 148.4403457260826
t04: 259.0964729985962 ± 360.9179749480178
ecos4: 0.0342819010768539 ± 0.03594370895843971
esin4: -0.02787547483719592 ± 0.029022714640263708
tsin: 0.00017506791562945433 ± 0.0005829743774794439
tcos: -0.0017538492995789092 ± 0.0007198972310300577
dphi: 2.3184214532121743 ± 0.028382657934192455
Retrieved Earth masses:
[0.8006305299833281, 1.0070841731744247, 0.09394550262126439, 436.5752549706608]
 ± [0.39707571071778214, 0.09776190707312714, 0.17122593108441464, 234.82058330237632]
Retrieved eccentricity:
[0.005798100945721234, 0.014311660646190445, 0.008847716509688863, 0.048481929446819595]
 ± [0.023044505607441614, 0.01718532481742559, 0.6687931974641129, 0.050832080691016746]
