Global Fit Results.
chi^2: 1.82685612577591
per 4 range=[657.45 - 712.2375, length=100]
mu_1: 2.3444659461652376e-6 ± 1.2403712974424343e-6
P_1: 224.7007664444591 ± 2.3809666707136078e-5
t01: 3503.7689399180113 ± 0.000444914899920415
ecos1: -0.002999034275205786 ± 0.01759324915918947
esin1: -0.002308031866334112 ± 0.021050836555859122
mu_2: 3.0243758515770373e-6 ± 3.238207907039617e-7
P_2: 365.2564591494444 ± 3.0891166341383436e-5
t02: 3624.4074656349508 ± 0.00045932794607151425
ecos2: 0.01059225404006184 ± 0.013414317017286747
esin2: 0.0013194889714867669 ± 0.016892599406949663
mu_3: 2.5005542483815485e-7 ± 5.141261664398986e-7
P_3: 685.1715273080644 ± 9.631663641785716
t03: 383.88660481017314 ± 141.79231771557698
ecos3: -0.004352071453200401 ± 0.5057574178591514
esin3: -0.21025764946777803 ± 0.360357046800336
mu_4: 0.001230807374377167 ± 0.0007253161526284935
P_4: 4386.471651661805 ± 173.19142054195692
t04: 299.46296742590147 ± 407.21488679108336
ecos4: 0.032106966682267875 ± 0.04211249042025481
esin4: -0.02839903945075204 ± 0.03294265152734075
tsin: 0.00016945524045790098 ± 0.0005992737793538228
tcos: -0.0017373190740863453 ± 0.0007027519367909567
dphi: 2.318045020103606 ± 0.026374757626267117
Retrieved Earth masses:
[0.780515417904818, 1.0068698099693014, 0.08324800568596681, 409.75819407556406]
 ± [0.41294219827076534, 0.10780583961817873, 0.17116196561140287, 241.470958837311]
Retrieved eccentricity:
[0.004241274946017787, 0.014979709319556663, 0.006154758473532792, 0.045406107728724325]
 ± [0.024880611567134798, 0.018970709055819122, 0.7152489996072084, 0.0595560550976314]
