Global Fit Results.
chi^2: 96.52124560903006
per 4 range=[657.45 - 803.5500000000001, length=100]
mu_1: 2.5424844236324013e-6 ± 1.511073115521749e-7
P_1: 224.70078771689978 ± 2.0856041456518847e-6
t01: 3503.768651053885 ± 4.056192614775844e-5
ecos1: 0.007567825333660329 ± 0.0035298927160989234
esin1: -0.004458775757895127 ± 0.004111576693430906
mu_2: 3.0777330850227126e-6 ± 4.571066876164609e-8
P_2: 365.26358120188826 ± 0.003012992472238775
t02: 3624.3637818829075 ± 0.020013271308881846
ecos2: 0.019031231891863534 ± 0.0026910839489206694
esin2: -0.0015906053835199004 ± 0.0033053149516274576
mu_3: 2.410769885110442e-6 ± 4.450082676770556e-7
P_3: 733.4984309932809 ± 0.7672123125863811
t03: 116.66747823190319 ± 10.367980121918158
ecos3: 0.09721610736722452 ± 0.005052672636049323
esin3: 0.006743971376048406 ± 0.013303272179861606
mu_4: 0.0008662394542690607 ± 7.40863884672179e-5
P_4: 4346.480939710154 ± 27.74462991916147
t04: 365.08847661223825 ± 57.389277449817854
ecos4: 0.010529343132082904 ± 0.00959569031519997
esin4: -0.05238107213933125 ± 0.006393311936029658
tsin: -6.116730093354514e-5 ± 7.376855147377131e-5
tcos: -0.0016487006899203033 ± 8.684098330331162e-5
dphi: 2.3035945303859107 ± 0.004658520362647346
Retrieved Earth masses:
[0.8464393759584472, 1.0246334048849006, 0.8025892069053363, 288.386892870145]
 ± [0.0503063764340584, 0.015217914250177956, 0.14815135813133964, 24.664708203645514]
Retrieved eccentricity:
[0.01070252122453313, 0.026914226250140786, 0.13748433751984787, 0.014890739860271646]
 ± [0.004992022152829099, 0.003805767418048156, 0.00714555816813237, 0.013570355384087959]
