Global Fit Results.
chi^2: 483.29947792107293
Δϕ range=[2.2 - 2.38, length=200]
mu_1: 2.1541840739178345e-6 ± 1.1478045409781837e-7
P_1: 224.70078974245808 ± 2.004491091182817e-6
t01: 3503.7693948531655 ± 3.9566173758114735e-5
ecos1: -0.08598832975530635 ± 0.007045342663116347
esin1: -0.03256574504402115 ± 0.005469760300342101
mu_2: 2.681602916066991e-6 ± 4.5731386849355364e-8
P_2: 365.256460113673 ± 4.409430530740176e-6
t02: 3624.4086458303505 ± 5.3759909184839934e-5
ecos2: -0.05853698030693888 ± 0.005600896994642686
esin2: -0.023322336615406315 ± 0.004287355932884283
mu_3: 0.0005496783219538426 ± 5.834492132933601e-5
P_3: 4186.079679382134 ± 19.382232757582887
t03: 1648.106106705614 ± 45.819179654172764
ecos3: -0.011480627471148619 ± 0.01630711196247368
esin3: 0.11231089553728482 ± 0.012821547093190234
tcos: 2.2932669186111777e-5 ± 7.932949190551662e-5
tsin: -0.0013460788242052847 ± 7.974201775965992e-5
dphi: 2.311733773528574 ± 0.005160483602618735
Retrieved Earth masses:
[0.7171671166510426, 0.8927544561320276, 182.9979257641921]
 ± [0.03821250389411685, 0.015224811678956156, 19.42408706276036]
Retrieved eccentricity:
[0.1216058621457642, 0.08278379145043974, 0.016236059074251505]
