Global Fit Results.
chi^2: 22.580312199037444
per 4 range=[657.45 - 1314.9, length=300]
mu_1: 1.9752111064944064e-6 ± 5.909075278902878e-7
P_1: 224.70084080675278 ± 3.534089469137041e-5
t01: 3503.7663272897785 ± 0.0018765476929878168
ecos1: -0.023633070443884886 ± 0.019077341371380813
esin1: -0.027937088500263902 ± 0.012683114358510373
mu_2: 2.89519753952705e-6 ± 1.6000934644922993e-7
P_2: 365.2564267210155 ± 9.25808434709896e-5
t02: 3624.4093488075514 ± 0.0007133813175897979
ecos2: -0.005424570218981773 ± 0.015183134284260283
esin2: -0.020831904454720242 ± 0.010271651758186394
mu_3: 6.933744645694987e-7 ± 3.963582123480017e-7
P_3: 670.5247328655463 ± 1.7350718311243218
t03: 581.4551551304172 ± 67.22775167566054
ecos3: -0.2698753210726634 ± 0.19900783412020603
esin3: 0.08155628250497825 ± 0.21668297666113676
mu_4: 0.003498875525513178 ± 0.002759094747852588
P_4: 6562.903798464138 ± 803.2869238988835
t04: -1896.6321963799521 ± 1143.255175416053
ecos4: 0.05513062852985323 ± 0.02033432015355176
esin4: -0.009250547929361506 ± 0.01823001010408958
tsin: 0.000810505453336423 ± 0.00036462724763679813
tcos: -0.0018044872092224447 ± 0.000323316639484381
dphi: 2.296185744021168 ± 0.016220221704437897
Retrieved Earth masses:
[0.6575837558047696, 0.9638639969060526, 0.230836989064907, 1164.8393944299937]
 ± [0.1967238794100551, 0.05327002600177469, 0.1319548685519714, 918.5528984464813]
Retrieved eccentricity:
[0.036592388996582376, 0.021526592978714888, 0.2819292750675335, 0.055901331281912076]
