Global Fit Results.
chi^2: 1.5907663601683273
per 4 range=[657.45 - 712.2375, length=100]
mu_1: 2.256347385493784e-6 ± 1.2901329340199847e-6
P_1: 224.7007713094751 ± 1.8756873073126156e-5
t01: 3503.7688743027834 ± 0.0004077429159298396
ecos1: -0.0022238202586102717 ± 0.020351341330671187
esin1: -0.0029376276569852205 ± 0.02474957826668802
mu_2: 3.0234636505643916e-6 ± 3.485989618300105e-7
P_2: 365.25645819527773 ± 2.9681116304169257e-5
t02: 3624.407471534036 ± 0.0004865504911180722
ecos2: 0.011050830469165556 ± 0.01565352602413291
esin2: 0.0007933970620189896 ± 0.019831681026253174
mu_3: 1.985273644121703e-7 ± 5.242717233882238e-7
P_3: 686.5159295764919 ± 11.336377000770483
t03: 371.3174795114348 ± 181.85144841221612
ecos3: -0.006796709525287649 ± 0.652541330192828
esin3: -0.20894629962392883 ± 0.4944415051107084
mu_4: 0.0011455942014843548 ± 0.00067442376117999
P_4: 4348.9284919148495 ± 157.43839720944996
t04: 360.1271858380163 ± 419.53616763788153
ecos4: 0.03263510580954432 ± 0.04790330886604167
esin4: -0.032103657533310744 ± 0.03610838573865974
tsin: 0.00011879986814372368 ± 0.0006238074961967354
tcos: -0.0017914855188843634 ± 0.0007088705535653598
dphi: 2.314541257221274 ± 0.02641615703897936
Retrieved Earth masses:
[0.7511791439784903, 1.0065661216364583, 0.06609337578699302, 381.38917666235864]
 ± [0.4295087534952007, 0.11605494412020763, 0.17453960632073015, 224.52795471964538]
Retrieved eccentricity:
[0.00314495677000669, 0.015628234324979763, 0.009611998790172193, 0.04615300924533856]
 ± [0.028781142922319303, 0.02213742880228895, 0.9228327991676774, 0.06774550908090345]
