Global Fit Results.
chi^2: 2.492871411064604
Δϕ range=[2.2 - 2.38, length=100]
mu_1: 2.283673565334306e-6 ± 1.5001212262676353e-6
P_1: 224.7007803646415 ± 1.8030287471827567e-5
t01: 3503.768729340923 ± 0.0004059537499361228
ecos1: 0.0005615031870496535 ± 0.024214152788988252
esin1: -0.005688865861287125 ± 0.03217442138018916
mu_2: 3.0502765354833356e-6 ± 4.123498446916156e-7
P_2: 365.25646731725493 ± 3.9042860569861204e-5
t02: 3624.407428106619 ± 0.000549975017803784
ecos2: 0.013533658884810118 ± 0.018776242155453326
esin2: -0.001884634482517236 ± 0.025828474981184454
mu_3: 0.000943989329332034 ± 0.0005818534884710568
P_3: 4227.4688552946145 ± 158.77419384251797
t03: 575.3309889631365 ± 449.52811135874737
ecos3: 0.0348690773848636 ± 0.06602154700913451
esin3: -0.04515813509367311 ± 0.04886817523170803
tcos: 9.554030631240629e-5 ± 0.0007181916079577655
tsin: -0.0017863105911829313 ± 0.0008707447647233838
dphi: 2.313081244794913 ± 0.033548359157920905
Retrieved Earth masses:
[0.7602765269935234, 1.0154926194224358, 314.2712424918933]
 ± [0.49941768091932387, 0.13727877424660173, 193.7096247681454]
Retrieved eccentricity:
[0.0007940854224413368, 0.019139483943429608, 0.049312322145111075]
 ± [0.03424398327556149, 0.02655361630664353, 0.09336856718917087]
