Global Fit Results.
chi^2: 4.277800888612444
per 4 range=[657.45 - 712.2375, length=100]
mu_1: 2.3185779256598916e-6 ± 8.108840910005786e-7
P_1: 224.7007682588545 ± 1.5126140674357643e-5
t01: 3503.7689047166346 ± 0.0002853848299685462
ecos1: -0.002929853968142982 ± 0.011849601585326826
esin1: -0.002621250370970726 ± 0.014176161440239116
mu_2: 3.012052171711364e-6 ± 2.121362742599147e-7
P_2: 365.25646126674616 ± 1.8966530972721633e-5
t02: 3624.407443171316 ± 0.0002946027731138766
ecos2: 0.0105422977351439 ± 0.009043543670116196
esin2: 0.0009825456455594436 ± 0.011356970828551778
mu_3: 2.2852705630524112e-7 ± 3.4066456180227224e-7
P_3: 684.915988042647 ± 6.91447953298668
t03: 386.13982679417893 ± 102.9963365060909
ecos3: 0.008690279540939627 ± 0.38579224565700676
esin3: -0.20704408532100174 ± 0.2501706809215473
mu_4: 0.0012130724718763001 ± 0.00047430938456581606
P_4: 4364.827709334648 ± 98.2841672961266
t04: 331.0012500328368 ± 254.24395827047945
ecos4: 0.03330344514951682 ± 0.027740735196130992
esin4: -0.03136961918082062 ± 0.02097711746976833
tsin: 0.00013412157805609847 ± 0.0003858740304986815
tcos: -0.0017590801090217626 ± 0.0004491737300195228
dphi: 2.3157658669913133 ± 0.016577055939432324
Retrieved Earth masses:
[0.7718968243285245, 1.0027670324662994, 0.07608081966231799, 403.85392199193376]
 ± [0.26995808414061645, 0.07062402976147929, 0.11341343782594746, 157.90623366319218]
Retrieved eccentricity:
[0.004143439217520435, 0.014909060435615667, 0.012289911187610254, 0.04709818380419515]
 ± [0.016757867270686927, 0.01278950211019168, 0.5455926260665117, 0.03923132394456911]
