Global Fit Results.
chi^2: 1.5081444626410947
per 4 range=[657.45 - 803.5500000000001, length=100]
mu_1: 2.5424844236324013e-6 ± 1.2088584924173992e-6
P_1: 224.70078771689978 ± 1.6684833165215078e-5
t01: 3503.768651053885 ± 0.0003244954091820675
ecos1: 0.007567825333660329 ± 0.028239141728791387
esin1: -0.004458775757895127 ± 0.03289261354744725
mu_2: 3.0777330850227126e-6 ± 3.656853500931687e-7
P_2: 365.26358120188826 ± 0.0241039397779102
t02: 3624.3637818829075 ± 0.16010617047105477
ecos2: 0.019031231891863534 ± 0.021528671591365355
esin2: -0.0015906053835199004 ± 0.02644251961301966
mu_3: 2.410769885110442e-6 ± 3.560066141416445e-6
P_3: 733.4984309932809 ± 6.137698500691049
t03: 116.66747823190319 ± 82.94384097534527
ecos3: 0.09721610736722452 ± 0.04042138108839458
esin3: 0.006743971376048406 ± 0.10642617743889285
mu_4: 0.0008662394542690607 ± 0.0005926911077377432
P_4: 4346.480939710154 ± 221.95703935329175
t04: 365.08847661223825 ± 459.11421959854283
ecos4: 0.010529343132082904 ± 0.07676552252159977
esin4: -0.05238107213933125 ± 0.05114649548823726
tsin: -6.116730093354514e-5 ± 0.0005901484117901705
tcos: -0.0016487006899203033 ± 0.000694727866426493
dphi: 2.3035945303859107 ± 0.03726816290117877
Retrieved Earth masses:
[0.8464393759584472, 1.0246334048849006, 0.8025892069053363, 288.386892870145]
 ± [0.4024510114724672, 0.12174331400142364, 1.1852108650507172, 197.3176656291641]
Retrieved eccentricity:
[0.01070252122453313, 0.026914226250140786, 0.13748433751984787, 0.014890739860271646]
 ± [0.03993617722263279, 0.030446139344385247, 0.05716446534505896, 0.10856284307270367]
