Global Fit Results.
chi^2: 154.00083161199848
per 4 range=[657.45 - 712.2375, length=100]
mu_1: 2.3185802428306423e-6 ± 1.351482968102979e-7
P_1: 224.70076825858925 ± 2.5212000017772493e-6
t01: 3503.7689047229674 ± 4.756596279853879e-5
ecos1: -0.0029298201364801523 ± 0.0019749937591535156
esin1: -0.0026211274499304974 ± 0.002362754747382238
mu_2: 3.0120522275282508e-6 ± 3.5356025085366773e-8
P_2: 365.25646126655676 ± 3.1610305506672044e-6
t02: 3624.407443173149 ± 4.9100481704650954e-5
ecos2: 0.010542313537106827 ± 0.0015073056662746917
esin2: 0.0009826572450720732 ± 0.0018929061852867117
mu_3: 2.2854639440997336e-7 ± 5.677857057102523e-8
P_3: 684.9159690547035 ± 1.1524682026384
t03: 386.1457946245413 ± 17.165038605560092
ecos3: 0.008671723597707461 ± 0.06428711145637259
esin3: -0.2070282435600868 ± 0.041688436744665824
mu_4: 0.0012130718772798877 ± 7.905617126255946e-5
P_4: 4364.826160510769 ± 16.38111168890059
t04: 331.0033515528782 ± 42.37577821566681
ecos4: 0.0333036303027764 ± 0.0046235294829187696
esin4: -0.031369829024053 ± 0.00349603279309047
tsin: 0.0001341296971901022 ± 6.431268243007215e-5
tcos: -0.001759079526260117 ± 7.48623466618267e-5
dphi: 2.315766178985542 ± 0.002762885287287547
Retrieved Earth masses:
[0.7718975957568747, 1.0027670510487576, 0.07608725766962675, 403.85372403995746]
 ± [0.0449933297331756, 0.011770664760601868, 0.01890262036425354, 26.31923942076424]
Retrieved eccentricity:
[0.004143391372324024, 0.01490908278296595, 0.0122636691210287, 0.04709844565044597]
 ± [0.002793062959797124, 0.002131652115887483, 0.09091570490739288, 0.006538658100775587]
