Global Fit Results.
chi^2: 38.15538006207652
Δϕ range=[2.25 - 2.37, length=100]
mu_1: 2.150696482325267e-6 ± 3.8103219148259916e-7
P_1: 224.70077713848514 ± 4.313156362303344e-6
t01: 3503.7687790289465 ± 0.00010537519265838894
ecos1: 0.00266436186123359 ± 0.006333459853005847
esin1: -0.005513543245985264 ± 0.008275403281562533
mu_2: 3.0602295649110564e-6 ± 1.0989221688670525e-7
P_2: 365.2564583619467 ± 9.097345082519407e-6
t02: 3624.4075226731384 ± 0.00013965340158177372
ecos2: 0.015058368610753924 ± 0.0049539018045820565
esin2: -0.0018692290258842008 ± 0.00665824261937293
mu_3: 0.0010010046745241683 ± 0.000157806600912731
P_3: 4243.503363907928 ± 39.364039529054146
t03: 577.9212285866306 ± 110.28463896460512
ecos3: 0.04088571919311495 ± 0.015039609690912118
esin3: -0.03562395121793705 ± 0.01079397841098858
tcos: 2.8672192255321983e-5 ± 0.00018504357663514935
tsin: -0.0018642651157466756 ± 0.0002065452844079569
dphi: 2.309915014501784 ± 0.007843020979950798
Retrieved Earth masses:
[0.7160060338834271, 1.0188061642132666, 333.2526894403617]
 ± [0.12685255704254478, 0.03658512068733986, 52.536691889683794]
Retrieved eccentricity:
[0.0037679766792261655, 0.0212957491165415, 0.05782113859028112]
 ± [0.008956864820866378, 0.007005875118704494, 0.02126921999768575]
