Global Fit Results.
chi^2: 2.312114783938253
per 4 range=[657.45 - 712.2375, length=100]
mu_1: 2.344464123634329e-6 ± 1.1025823014253186e-6
P_1: 224.70076644462796 ± 2.1165257074433723e-5
t01: 3503.768939918491 ± 0.0003954884278609917
ecos1: -0.002998938440886945 ± 0.015638709070518366
esin1: -0.002308029145236902 ± 0.01871267187195886
mu_2: 3.0243763316659187e-6 ± 2.878404429159199e-7
P_2: 365.2564591492611 ± 2.7458564534088375e-5
t02: 3624.40746563801 ± 0.00040829004768667336
ecos2: 0.010592321645771568 ± 0.011924028352260715
esin2: 0.001319489597867307 ± 0.015016176410905947
mu_3: 2.5005171849422756e-7 ± 4.5701087661246426e-7
P_3: 685.1716959284345 ± 8.561773788722652
t03: 383.8850373273414 ± 126.04023198673468
ecos3: -0.004357702706928325 ± 0.4495576626095938
esin3: -0.2102600018915995 ± 0.3203290399314275
mu_4: 0.0012308011329042216 ± 0.0006447308929409144
P_4: 4386.471734829365 ± 153.96013935563332
t04: 299.46162807142196 ± 361.99796092222095
ecos4: 0.032107049701601456 ± 0.03743328906477274
esin4: -0.0283990798282996 ± 0.029281560341814353
tsin: 0.0001694558166896844 ± 0.0005326851767202292
tcos: -0.0017373185331579818 ± 0.0006246783869279881
dphi: 2.3180449882623577 ± 0.023444262774215976
Retrieved Earth masses:
[0.7805148111510812, 1.0068699697996348, 0.0832467717765624, 409.75611617553216]
 ± [0.36706973167132745, 0.09582732645782387, 0.15214724527335247, 214.64265802752558]
Retrieved eccentricity:
[0.004241139415824342, 0.014979804928468255, 0.006162722268927986, 0.04540622513579181]
 ± [0.022116474465534212, 0.016863122613888414, 0.6357705435312355, 0.05293866507963407]
