Global Fit Results.
chi^2: 1.763472575975086
Δϕ range=[2.1 - 2.52, length=100]
mu_1: 2.453937773360071e-6 ± 1.6861683614999038e-6
P_1: 224.7007826088502 ± 3.375625028544704e-5
t01: 3503.7687691223173 ± 0.0005430057876627922
ecos1: -0.08175772994279619 ± 0.07504234997548259
esin1: -0.03633956913272798 ± 0.0677323252184888
mu_2: 2.6005801130978335e-6 ± 5.34330458056456e-7
P_2: 365.25641217947015 ± 8.53578853209309e-5
t02: 3624.407868880499 ± 0.0008607920945512825
ecos2: -0.05266473211311989 ± 0.05828362022850083
esin2: -0.02716047746651209 ± 0.052946545564430084
mu_3: 0.0007944662092006019 ± 0.0009550820479160963
P_3: 4535.636683576752 ± 519.2980502200282
t03: 1154.3439167495196 ± 805.4755255524587
ecos3: 0.006720500764418687 ± 0.1466671767223097
esin3: 0.08492831384875148 ± 0.11603487001254514
tcos: -0.0001857720505177829 ± 0.0010018791384032773
tsin: -0.0011394488436838805 ± 0.0013569737049739792
dphi: 2.3021126162955827 ± 0.09343056982666884
Retrieved Earth masses:
[0.8169605832063394, 0.8657804891939578, 264.4922722378328]
 ± [0.5613561610850638, 0.17788834231154738, 317.9642105622982]
Retrieved eccentricity:
[0.11562289051393926, 0.07447917841312002, 0.00950422332697966]
 ± [0.10612590908767577, 0.08242548619134875, 0.20741871047566188]
