Global Fit Results.
chi^2: 227.18401732510884
Δϕ range=[2.1 - 2.52, length=200]
mu_1: 2.21743311868429e-6 ± 1.4072923539235444e-7
P_1: 224.7008002119579 ± 3.455365362548279e-6
t01: 3503.7693299926887 ± 4.998786702122958e-5
ecos1: -0.08350770393616941 ± 0.007892009679485343
esin1: -0.039927937534394525 ± 0.006654702549419366
mu_2: 2.543690046484822e-6 ± 5.014965369710982e-8
P_2: 365.2564246330751 ± 8.04666837026754e-6
t02: 3624.408877831573 ± 7.803432289791692e-5
ecos2: -0.055469309613956914 ± 0.006203539957055107
esin2: -0.029435673484087425 ± 0.005173166638947987
mu_3: 0.0006665489450953997 ± 7.72745725621031e-5
P_3: 4432.649478940768 ± 57.4352747064512
t03: 1281.9613077731801 ± 81.90857311000595
ecos3: -0.013707073226689355 ± 0.01647515675388722
esin3: 0.09186312129735004 ± 0.012213355112974989
tcos: -2.9356252372771723e-5 ± 8.853220865905902e-5
tsin: -0.001325966031951601 ± 0.00011059372467137785
dphi: 2.3180589437405774 ± 0.0072526313273207094
Retrieved Earth masses:
[0.7382238757345851, 0.8468407497664278, 221.90628500538017]
 ± [0.046851325843888986, 0.016695733191265046, 25.7261127615778]
Retrieved eccentricity:
[0.11809772746916787, 0.07844544995153017, 0.019384728857625228]
