Global Fit Results.
chi^2: 17.111203554449776
per 4 range=[657.45 - 712.2375, length=100]
mu_1: 2.3185779256598916e-6 ± 4.054420455002893e-7
P_1: 224.7007682588545 ± 7.563070337178821e-6
t01: 3503.7689047166346 ± 0.0001426924149842731
ecos1: -0.002929853968142982 ± 0.005924800792663413
esin1: -0.002621250370970726 ± 0.007088080720119558
mu_2: 3.012052171711364e-6 ± 1.0606813712995735e-7
P_2: 365.25646126674616 ± 9.483265486360816e-6
t02: 3624.407443171316 ± 0.0001473013865569383
ecos2: 0.0105422977351439 ± 0.004521771835058098
esin2: 0.0009825456455594436 ± 0.005678485414275889
mu_3: 2.2852705630524112e-7 ± 1.7033228090113612e-7
P_3: 684.915988042647 ± 3.45723976649334
t03: 386.13982679417893 ± 51.49816825304545
ecos3: 0.008690279540939627 ± 0.19289612282850338
esin3: -0.20704408532100174 ± 0.12508534046077366
mu_4: 0.0012130724718763001 ± 0.00023715469228290803
P_4: 4364.827709334648 ± 49.1420836480633
t04: 331.0012500328368 ± 127.12197913523973
ecos4: 0.03330344514951682 ± 0.013870367598065496
esin4: -0.03136961918082062 ± 0.010488558734884164
tsin: 0.00013412157805609847 ± 0.00019293701524934076
tcos: -0.0017590801090217626 ± 0.0002245868650097614
dphi: 2.3157658669913133 ± 0.008288527969716162
Retrieved Earth masses:
[0.7718968243285245, 1.0027670324662994, 0.07608081966231799, 403.85392199193376]
 ± [0.13497904207030822, 0.035312014880739644, 0.05670671891297373, 78.95311683159609]
Retrieved eccentricity:
[0.004143439217520435, 0.014909060435615667, 0.012289911187610254, 0.04709818380419515]
 ± [0.008378933635343463, 0.00639475105509584, 0.27279631303325586, 0.019615661972284554]
