Global Fit Results.
chi^2: 346.4377637547561
Δϕ range=[2.2 - 2.38, length=200]
mu_1: 2.177686383244932e-6 ± 1.294209049378352e-7
P_1: 224.70077734015936 ± 2.6008382947486737e-6
t01: 3503.769585206257 ± 4.4750688655957865e-5
ecos1: -0.08536179607107632 ± 0.006630140293220622
esin1: -0.02484337266254079 ± 0.004816159023999341
mu_2: 2.5681752188300655e-6 ± 4.429256311672332e-8
P_2: 365.25641933538367 ± 6.5398371629557085e-6
t02: 3624.4089310289282 ± 6.79820170979814e-5
ecos2: -0.057024938179240724 ± 0.005190016610504295
esin2: -0.016765221611745637 ± 0.003785464429115761
mu_3: 0.0008050703385069001 ± 8.48426719047476e-5
P_3: 4508.553560757182 ± 35.1976230910045
t03: 1269.8727125725115 ± 54.12893276241182
ecos3: 0.01732961260120898 ± 0.011935858677908836
esin3: 0.09831830419638486 ± 0.010997033470297655
tcos: -3.4232651444224594e-5 ± 7.923725131425211e-5
tsin: -0.0013120767895740456 ± 8.963557799541194e-5
dphi: 2.3042909218571426 ± 0.005618510129720168
Retrieved Earth masses:
[0.7249914635203893, 0.8549923096373563, 268.02258003802075]
 ± [0.04308657665444062, 0.01474580105020142, 28.245670885606543]
Retrieved eccentricity:
[0.1207198097122425, 0.08064544096656955, 0.024507773171301428]
