Global Fit Results.
chi^2: 2.094704449464116
Δϕ range=[2.2 - 2.38, length=100]
mu_1: 2.2836921100392894e-6 ± 1.6365312238281316e-6
P_1: 224.7007803646937 ± 1.966953014033553e-5
t01: 3503.7687293400263 ± 0.00044286052236600223
ecos1: 0.0005614485541712387 ± 0.02641545569144518
esin1: -0.0056884299163156215 ± 0.03509879593676512
mu_2: 3.050275802293788e-6 ± 4.4983681776550915e-7
P_2: 365.25646731717234 ± 4.259207627755004e-5
t02: 3624.4074281090684 ± 0.0005999689009476617
ecos2: 0.013533615529159654 ± 0.020483185313797007
esin2: -0.0018842753948661599 ± 0.02817617901740814
mu_3: 0.0009439911509753769 ± 0.0006347480561960548
P_3: 4227.4721874104725 ± 173.20287675949
t03: 575.3175368424253 ± 490.3660038164414
ecos3: 0.03486947358270742 ± 0.07202323947070309
esin3: -0.04515886394197482 ± 0.05330930856992524
tcos: 9.553733390049044e-5 ± 0.0007834770562472441
tsin: -0.001786301357890692 ± 0.0009499147764815449
dphi: 2.3130809522351607 ± 0.036598112287832614
Retrieved Earth masses:
[0.760282700863604, 1.0154923753302803, 314.27184895014335]
 ± [0.5448310538141085, 0.14975887040778288, 211.3191898378791]
Retrieved eccentricity:
[0.0007940081598837312, 0.019139422629280714, 0.04931288245347519]
 ± [0.03735709569510734, 0.02896759847137313, 0.10185624206551352]
