Global Fit Results.
chi^2: 3.7369092725456983
per 4 range=[657.45 - 730.5, length=100]
mu_1: 2.4049542685944634e-6 ± 8.945065879871899e-7
P_1: 224.70076439323176 ± 2.0596343070614754e-5
t01: 3503.7689560564877 ± 0.00035559673613057454
ecos1: -0.004099997760484449 ± 0.012221259920980146
esin1: 0.0005381862429709754 ± 0.014403326993431241
mu_2: 3.025019556417524e-6 ± 2.2023742217651363e-7
P_2: 365.25645637065867 ± 2.4368046266345167e-5
t02: 3624.407487003379 ± 0.00033112948975895577
ecos2: 0.010119826317057035 ± 0.009114046732601945
esin2: 0.0034531869623823505 ± 0.011368452392544585
mu_3: 2.821965747775012e-7 ± 3.857289246497969e-7
P_3: 684.0269734984392 ± 6.584644937892822
t03: 391.825843408918 ± 102.93671320264615
ecos3: 0.006253614316915683 ± 0.35468734784244543
esin3: -0.21698737010138058 ± 0.23950145923930272
mu_4: 0.0013113696922571996 ± 0.0005290007448913725
P_4: 4393.150679340429 ± 111.342040817224
t04: 259.0535754120551 ± 270.7140540230592
ecos4: 0.03428173282982065 ± 0.026958064586794478
esin4: -0.027875934422344806 ± 0.021766662191013374
tsin: 0.00017507316431243942 ± 0.0004372323787632274
tcos: -0.0017538118732990744 ± 0.0005399481442386341
dphi: 2.3184211389232234 ± 0.021287514222117797
Retrieved Earth masses:
[0.8006530822357637, 1.0070841110357776, 0.09394837995153622, 436.57885713973235]
 ± [0.29779753657050007, 0.07332104946525249, 0.12841618506485789, 176.11398371821306]
Retrieved eccentricity:
[0.0057982724385764245, 0.01431159562644223, 0.008843946180832719, 0.04848169150958335]
 ± [0.017283471529536864, 0.012889208497347864, 0.5016036577209299, 0.038124460553974594]
