Global Fit Results.
chi^2: 0.4973339031530011
per 4 range=[657.45 - 803.5500000000001, length=100]
mu_1: 2.740603144708083e-6 ± 2.3296950092962065e-6
P_1: 224.70079010857967 ± 2.9796929938826042e-5
t01: 3503.768621025133 ± 0.0005193119999423272
ecos1: 0.00016092901375960164 ± 0.0404761942172775
esin1: -0.00815129666911303 ± 0.04731616765728383
mu_2: 3.0101818426022747e-6 ± 5.308166040548869e-7
P_2: 365.26289102046815 ± 0.03071512412609785
t02: 3624.358831967497 ± 0.2355660495214932
ecos2: 0.013584794605028988 ± 0.030156190876613816
esin2: -0.00458573777404724 ± 0.03819011308101715
mu_3: 2.9706935599249577e-6 ± 5.8294354977161595e-6
P_3: 734.9867230955631 ± 12.552232390743393
t03: 107.28013701842143 ± 134.3204464020725
ecos3: 0.09006874455466106 ± 0.0548640242000696
esin3: -0.006439614321760004 ± 0.15334603110337675
mu_4: 0.0009405837829666949 ± 0.0009945039707975022
P_4: 4272.651182571586 ± 462.82272955828046
t04: 503.9475290048 ± 827.5219209922523
ecos4: 0.013463220383775789 ± 0.11328512228587306
esin4: -0.04576181591749608 ± 0.07937761694582623
tsin: 1.1281053284723208e-5 ± 0.0009900473633749198
tcos: -0.001433394984261585 ± 0.0014195262699322902
dphi: 2.308834397608906 ± 0.06966442381277863
Retrieved Earth masses:
[0.9123967069352884, 1.0021443658378555, 0.9889979972558579, 313.13747407487506]
 ± [0.7755979039686336, 0.17671851630960558, 1.9407252603055845, 331.08848675949383]
Retrieved eccentricity:
[0.00022758799383815507, 0.019211800772484848, 0.12737644009511953, 0.019039868859953627]
 ± [0.057241982815321286, 0.04264729412721905, 0.07758944711010413, 0.16020935635177624]
