Global Fit Results.
chi^2: 6.066460064555124
Δϕ range=[2.1 - 2.52, length=100]
mu_1: 2.441040637179772e-6 ± 9.09208439270232e-7
P_1: 224.70078858651968 ± 1.791200088657609e-5
t01: 3503.7687132224123 ± 0.0002781255362331266
ecos1: -0.09445555817995442 ± 0.04641102635196084
esin1: -0.02884213799546059 ± 0.03367880045696789
mu_2: 2.5425593371059234e-6 ± 2.834639327007759e-7
P_2: 365.25641134955595 ± 4.203137285170986e-5
t02: 3624.407871225092 ± 0.000414264355239463
ecos2: -0.062111781189082546 ± 0.03590086374459304
esin2: -0.02089514185142203 ± 0.02641990260753563
mu_3: 0.0007617469779503164 ± 0.0004770390459933679
P_3: 4534.188395929092 ± 263.1375923131702
t03: 1234.182653729447 ± 386.45509987397264
ecos3: 0.00701053711704226 ± 0.07564805090619384
esin3: 0.09812909272288538 ± 0.06809650500662717
tcos: -0.00015548077847068163 ± 0.0005193905859800118
tsin: -0.001075005922931252 ± 0.0007381725686098175
dphi: 2.2998195283304708 ± 0.05243664904871791
Retrieved Earth masses:
[0.8126668916506966, 0.8464643160183309, 253.59944417410586]
 ± [0.3026920506567155, 0.0943703064891077, 158.81498767318288]
Retrieved eccentricity:
[0.13358033141961248, 0.08783932334075062, 0.009914396670441143]
 ± [0.06563510291059813, 0.05077148840851201, 0.10698249955862962]
