Global Fit Results.
chi^2: 94.51111477300725
per 4 range=[657.45 - 803.5500000000001, length=300]
mu_1: 1.7126920991147674e-6 ± 9.912662344730025e-8
P_1: 224.70081722368363 ± 6.135062151983496e-6
t01: 3503.766788883204 ± 0.00034934549513722477
ecos1: -0.07493777514846295 ± 0.007852596597669792
esin1: -0.006158635698338085 ± 0.005148858128465885
mu_2: 2.6224730279487434e-6 ± 5.012783427563613e-8
P_2: 365.2563460075922 ± 1.0097367971389445e-5
t02: 3624.4096128446704 ± 0.00010037312744639247
ecos2: -0.04823947215450719 ± 0.006097503293898374
esin2: -0.0008699903752528194 ± 0.0039899175441411965
mu_3: 5.920681424013894e-7 ± 5.0623983292127226e-8
P_3: 670.1603589993159 ± 0.36840925447020656
t03: 543.5687884012556 ± 6.111162243891488
ecos3: -0.38943233856717047 ± 0.02759821791533406
esin3: -0.00564476424048272 ± 0.02156461301717138
mu_4: 0.0009864833844655128 ± 0.00013097143756151682
P_4: 5256.301968144073 ± 71.74750980264986
t04: 533.6081794041335 ± 95.80187277212725
ecos4: 0.030761158790655524 ± 0.012080259622426991
esin4: 0.12271207980616376 ± 0.017718315445032315
tsin: 0.0010509947195243645 ± 9.465326476583595e-5
tcos: -0.0013215726238906722 ± 0.00010164634786917106
dphi: 2.310631218586558 ± 0.0044036995508187505
Retrieved Earth masses:
[0.5701863964666973, 0.8730690393270755, 0.19711026912138382, 328.41828747466565]
 ± [0.033001058536172946, 0.016688469108415892, 0.01685364615335571, 43.60277720780222]
Retrieved eccentricity:
[0.07519041785936846, 0.04824731657821507, 0.389473246430645, 0.12650890648684868]
