Global Fit Results.
chi^2: 1.4797534644487
per 4 range=[657.45 - 712.2375, length=100]
mu_1: 2.344459303372625e-6 ± 1.378200711887564e-6
P_1: 224.700766443753 ± 2.6454988254548146e-5
t01: 3503.768939929024 ± 0.0004943499336001757
ecos1: -0.002999142251493254 ± 0.01954731394337591
esin1: -0.002308100081323303 ± 0.023390712181163637
mu_2: 3.024375219707725e-6 ± 3.5979763856301193e-7
P_2: 365.25645914937496 ± 3.432258893197492e-5
t02: 3624.4074656371113 ± 0.0005103608567247394
ecos2: 0.010592165560417664 ± 0.014904276739133767
esin2: 0.001319445966266747 ± 0.018770122396907906
mu_3: 2.50072485229276e-7 ± 5.712340844302693e-7
P_3: 685.1713745782338 ± 10.701173765778293
t03: 383.8910635731766 ± 157.5345518094189
ecos3: -0.004362220138474341 ± 0.5618638892797575
esin3: -0.2102505736195578 ± 0.40034938760940275
mu_4: 0.0012308229171331814 ± 0.0008058725325353532
P_4: 4386.476780485279 ± 192.42643167669547
t04: 299.45656909178064 ± 452.4740345549499
ecos4: 0.032107235395630984 ± 0.04679077040784342
esin4: -0.028398396151528903 ± 0.036603899640367435
tsin: 0.0001694638563817187 ± 0.000665867872408296
tcos: -0.0017373238968559277 ± 0.0007808340826157392
dphi: 2.3180456621360146 ± 0.029305485981889305
Retrieved Earth masses:
[0.7805132063981589, 1.006869599608498, 0.08325368540092591, 409.7633685421524]
 ± [0.4588281209011104, 0.11978318758842116, 0.19017423173061684, 268.2896450420499]
Retrieved eccentricity:
[0.00424142764754794, 0.014979584190443875, 0.006169110881887454, 0.04540648774680682]
 ± [0.027644076486686917, 0.021077830301844822, 0.7945955324271281, 0.06617214210465784]
