Global Fit Results.
chi^2: 391.88974331055863
Δϕ range=[2.25 - 2.37, length=100]
mu_1: 2.4363680130745766e-6 ± 1.2028760168167227e-7
P_1: 224.70077685788584 ± 1.3933527915497195e-6
t01: 3503.7687823952906 ± 3.476022264985607e-5
ecos1: 0.004648255328994273 ± 0.0024140664681717595
esin1: -0.0037904431443209724 ± 0.003133155162506062
mu_2: 3.077225477486761e-6 ± 3.681577120581205e-8
P_2: 365.25645110722473 ± 2.8511833337697343e-6
t02: 3624.407593128992 ± 4.5615165442964764e-5
ecos2: 0.016921238290299727 ± 0.0018802663459096273
esin2: -0.000667393335004486 ± 0.0025145627008853508
mu_3: 0.0009140355433544023 ± 5.209263147392467e-5
P_3: 4258.686992619263 ± 13.313892839505389
t03: 550.1040803385816 ± 39.22117026005061
ecos3: 0.03120147530352973 ± 0.005895720819699985
esin3: -0.0350815308155822 ± 0.004133154432480146
tcos: 8.288364778611293e-5 ± 6.117478471266676e-5
tsin: -0.0017062982322355558 ± 6.475972321106271e-5
dphi: 2.3128072702779847 ± 0.0027259149482214686
Retrieved Earth masses:
[0.8111112899742704, 1.0244644130901155, 304.29908153199386]
 ± [0.040045933637426194, 0.012256640833360736, 17.342585884489683]
Retrieved eccentricity:
[0.006573625727636714, 0.023930244682288795, 0.04412554954030092]
 ± [0.00341400553975862, 0.0026590981672590963, 0.00833780834318514]
