Global Fit Results.
chi^2: 4.4699612514596705
Δϕ range=[2.2 - 2.38, length=100]
mu_1: 2.2149369345862816e-6 ± 1.0516987156620997e-6
P_1: 224.70077951307644 ± 2.0957065969153594e-5
t01: 3503.7687855947643 ± 0.0003595772929358076
ecos1: -0.08427128746446463 ± 0.05418560491726171
esin1: -0.028208361358736268 ± 0.041018124924518264
mu_2: 2.5425609217011595e-6 ± 3.5688504417270375e-7
P_2: 365.2564228227627 ± 5.344642710410979e-5
t02: 3624.4077782069717 ± 0.0005531904662731506
ecos2: -0.055921527621252534 ± 0.04256411860676728
esin2: -0.020371434482632657 ± 0.03223523403490767
mu_3: 0.0007568761948628884 ± 0.0006584204827845159
P_3: 4470.367274455724 ± 299.8961497712065
t03: 1293.7078984386262 ± 463.86385301876675
ecos3: 0.011713447280178943 ± 0.10295791387917158
esin3: 0.09587895480593721 ± 0.08997390635460054
tcos: -0.0001324514221369909 ± 0.0006395144722076356
tsin: -0.0013038434284884189 ± 0.0007373358189535572
dphi: 2.3001937701302007 ± 0.04669221884469082
Retrieved Earth masses:
[0.7373928505803867, 0.8464648435589485, 251.97787176303032]
 ± [0.35012965912668864, 0.11881353186300658, 219.20017184221805]
Retrieved eccentricity:
[0.11917759765088767, 0.07908498279059697, 0.016565316005771304]
 ± [0.07663001735938178, 0.060194753804147294, 0.14560447816156558]
