Global Fit Results.
chi^2: 5.136460036689724
Δϕ range=[2.2 - 2.38, length=100]
mu_1: 2.3088656177234836e-6 ± 1.0113411957285123e-6
P_1: 224.70079117144763 ± 1.8034102492649246e-5
t01: 3503.7686380364726 ± 0.00035646972061512133
ecos1: -0.07492676481904087 ± 0.0494072833213674
esin1: -0.03697901040688938 ± 0.04798883388997771
mu_2: 2.6342196871217212e-6 ± 3.738314696359304e-7
P_2: 365.2564590072834 ± 3.971390967035251e-5
t02: 3624.4074604208986 ± 0.0004850963320340174
ecos2: -0.04930782109590053 ± 0.03913396621994816
esin2: -0.027275006655053412 ± 0.03749053104488474
mu_3: 0.0006484609090647445 ± 0.0005615284065515283
P_3: 4214.002368344491 ± 168.19262974011835
t03: 1520.9655258762482 ± 401.02212370888066
ecos3: -0.0014035924827698572 ± 0.1253703213471121
esin3: 0.08668827866023578 ± 0.08197401860758424
tcos: -0.00010443927567415318 ± 0.0006890014965222788
tsin: -0.0013536437852968636 ± 0.0007428959256932198
dphi: 2.303712144643602 ± 0.04780497251559299
Retrieved Earth masses:
[0.7686634201068914, 0.8769797161310524, 215.88444833735926]
 ± [0.3366939056289298, 0.1244553055787042, 186.9430347759475]
Retrieved eccentricity:
[0.10596244699182687, 0.06973178932488874, 0.001984979525178057]
 ± [0.0698724501530878, 0.05534378577770126, 0.17730040876815908]
