Global Fit Results.
chi^2: 30.87187009489861
Δϕ range=[2.2 - 2.38, length=100]
mu_1: 2.289760592978402e-6 ± 3.972941132662988e-7
P_1: 224.7007831051365 ± 5.342167988135447e-6
t01: 3503.7686931195094 ± 0.00011398579952709152
ecos1: 0.0024547767398207924 ± 0.007490512916649182
esin1: -0.0032895341331550874 ± 0.009698183291487429
mu_2: 3.025390679013936e-6 ± 1.1686184801005998e-7
P_2: 365.2564648412164 ± 1.1348199190163423e-5
t02: 3624.4074385354606 ± 0.0001519793995556752
ecos2: 0.01459504268034834 ± 0.005780458172700606
esin2: 0.00026642951719758743 ± 0.007765524111012846
mu_3: 0.0008917689664364504 ± 0.00015855231403059787
P_3: 4210.476672284941 ± 48.561283897242646
t03: 567.9166926887493 ± 129.19761761079437
ecos3: 0.0328698214937404 ± 0.01997020404534542
esin3: -0.05119081896434396 ± 0.01462995768034811
tcos: 0.0001378826267889124 ± 0.00020025570745859104
tsin: -0.0017741238972136966 ± 0.00023388160455994114
dphi: 2.3153113662894427 ± 0.009504097920523757
Retrieved Earth masses:
[0.7623030093713975, 1.0072076645081178, 296.88613249050667]
 ± [0.13226644701509943, 0.03890543784007373, 52.7849533697795]
Retrieved eccentricity:
[0.0034715785580525754, 0.02064050730196279, 0.046484947349230345]
 ± [0.010593184955856122, 0.008174802344563595, 0.028242133404285538]
