Global Fit Results.
chi^2: 3.918897431502659
Δϕ range=[2.25 - 2.37, length=100]
mu_1: 2.4363759237055036e-6 ± 1.2028632894795395e-6
P_1: 224.70077685790818 ± 1.3933498553113413e-5
t01: 3503.7687823949896 ± 0.00034760203904704383
ecos1: 0.0046482342903810215 ± 0.024140601724476945
esin1: -0.003790215747797388 ± 0.03133075333886091
mu_2: 3.077225300052994e-6 ± 3.681574588273795e-7
P_2: 365.25645110715004 ± 2.8511626218757393e-5
t02: 3624.4075931304415 ± 0.00045614851768155954
ecos2: 0.016921222796566278 ± 0.01880262330773068
esin2: -0.000667192186916996 ± 0.025144914895637634
mu_3: 0.0009140386490504067 ± 0.0005209239858685766
P_3: 4258.689170862724 ± 133.1379243047388
t03: 550.0957409917226 ± 392.1964278744631
ecos3: 0.03120196495546932 ± 0.05895682763243533
esin3: -0.035082018272642804 ± 0.04133063944545924
tcos: 8.288372061990587e-5 ± 0.0006117443885863462
tsin: -0.0017062945949061772 ± 0.0006475911801560963
dphi: 2.3128071699618737 ± 0.027258668139638353
Retrieved Earth masses:
[0.8111139235673982, 1.0244643540191827, 304.30011547476397]
 ± [0.4004550992118854, 0.12256632402848106, 173.42508352143037]
Retrieved eccentricity:
[0.00657359597454452, 0.02393022277084082, 0.044126242012714735]
 ± [0.03413996636260262, 0.02659092488998519, 0.0833775452322829]
