Global Fit Results.
chi^2: 1.3262530761179028
per 4 range=[657.45 - 1314.9, length=100]
mu_1: 1.7611598066621592e-6 ± 1.1125211479783536e-6
P_1: 224.7008542795552 ± 4.358496526163605e-5
t01: 3503.766206630306 ± 0.0030507117629968933
ecos1: -0.013139067745131815 ± 0.028531918696174132
esin1: -0.022462109615712295 ± 0.01585119290194005
mu_2: 2.868326944703993e-6 ± 3.120930903703858e-7
P_2: 365.2563267573541 ± 0.00018787058779477518
t02: 3624.4090831846643 ± 0.0018343412150339754
ecos2: 0.0001145608881051745 ± 0.024439518608195224
esin2: -0.014350168156660298 ± 0.013085055080419376
mu_3: 3.0822292131595356e-7 ± 8.468578678807847e-7
P_3: 671.4054473316705 ± 2.9629302918953555
t03: 681.1031527639656 ± 272.29405742010533
ecos3: 0.3083317433122053 ± 1.2630354345205272
esin3: 0.38879883833573076 ± 1.5752260114045447
mu_4: 0.005013278445576478 ± 0.004681037065347885
P_4: 6865.016409116365 ± 1324.9046420741279
t04: -2221.1601359760252 ± 2003.843078456826
ecos4: 0.05709206754766585 ± 0.014498792080661512
esin4: 0.0008404411929129737 ± 0.014933479407851204
tsin: 0.00037452950933197435 ± 0.0007267085392545272
tcos: -0.0015093180290168193 ± 0.0008285980139321241
dphi: 2.311383590330084 ± 0.036895732407535034
Retrieved Earth masses:
[0.586322179148087, 0.9549182864418106, 0.10261302478385831, 1669.0117113548204]
 ± [0.3703785547248346, 0.1039014745571738, 0.2819344097260638, 1558.4025041029283]
Retrieved eccentricity:
[0.018581447802104294, 0.00016201356167584437, 0.4360469331022606, 0.0807403762298299]
 ± [0.04035022638065593, 0.03456269867357931, 1.7862018412567249, 0.020504388398499135]
