Global Fit Results.
chi^2: 1.6608485656472258
per 4 range=[657.45 - 730.5, length=100]
mu_1: 2.40493000281087e-6 ± 1.3417449465608027e-6
P_1: 224.70076439345323 ± 3.089729559855768e-5
t01: 3503.7689560488525 ± 0.0005334202436264346
ecos1: -0.0041000213089783764 ± 0.01833194189172354
esin1: 0.0005376002134240119 ± 0.021603043533204063
mu_2: 3.0250190313083437e-6 ± 3.303605157012517e-7
P_2: 365.2564563713222 ± 3.6551832952532946e-5
t02: 3624.4074869948295 ± 0.0004966936796299297
ecos2: 0.010119788174875934 ± 0.013671076163063203
esin2: 0.003452737809794508 ± 0.01705139292152544
mu_3: 2.8219366404461287e-7 ± 5.786590336686533e-7
P_3: 684.0268672945805 ± 9.877353365449853
t03: 391.82729584740576 ± 154.4154633972291
ecos3: 0.006254715447312955 ± 0.5320313750336834
esin3: -0.2169872294906228 ± 0.3592654828561285
mu_4: 0.0013113673436043703 ± 0.0007935138957105522
P_4: 4393.1447816399605 ± 167.01864502988553
t04: 259.0697175903945 ± 406.06730653899365
ecos4: 0.03428182428220506 ± 0.04043647483513616
esin4: -0.027875974277000906 ± 0.03265060643341812
tsin: 0.00017506989346015742 ± 0.0006558699982001744
tcos: -0.0017538260871199204 ± 0.0008098919626281165
dphi: 2.3184212478543342 ± 0.0319313023672793
Retrieved Earth masses:
[0.8006450037144044, 1.0070839362173665, 0.09394741091553872, 436.5780752304248]
 ± [0.4466913325823895, 0.1099830331908094, 0.1926461325774594, 264.1752297306135]
Retrieved eccentricity:
[0.00579830574117591, 0.014311541685252416, 0.008845503414374482, 0.04848182084278569]
 ± [0.02592528084791092, 0.019333821322039514, 0.7524059861806415, 0.05718581112640792]
