Global Fit Results.
chi^2: 3.4384567214386417
Δϕ range=[2.2 - 2.38, length=100]
mu_1: 2.308865003466979e-6 ± 1.2360880797417188e-6
P_1: 224.70079117150698 ± 2.2041598709439662e-5
t01: 3503.768638035578 ± 0.0004356847865876815
ecos1: -0.07492729934896923 ± 0.060386294614765
esin1: -0.036978132394111005 ± 0.0586526487371033
mu_2: 2.634217068802168e-6 ± 4.569013511483394e-7
P_2: 365.25645900745826 ± 4.853920120890915e-5
t02: 3624.40746041815 ± 0.0005928954354919854
ecos2: -0.049308273037541095 ± 0.0478301295116842
esin2: -0.027274271448432353 ± 0.04582154576948723
mu_3: 0.0006484646507245676 ± 0.0006863157338486132
P_3: 4214.000187584314 ± 205.5640006705551
t03: 1520.9762400174625 ± 490.1225054457133
ecos3: -0.0014018239255503312 ± 0.1532290082537919
esin3: 0.08668897069265556 ± 0.1001896567824528
tcos: -0.00010443139684977155 ± 0.0008421143149883707
tsin: -0.0013536428602152501 ± 0.0009079759317811097
dphi: 2.303711788425772 ± 0.05842844931188313
Retrieved Earth masses:
[0.7686632156097123, 0.8769788444447805, 215.88569400406865]
 ± [0.4115162370794247, 0.15211078225133995, 228.48700903320676]
Retrieved eccentricity:
[0.10596320293130107, 0.06973242846688622, 0.00198247840757237]
 ± [0.08539911682565807, 0.06764201784548542, 0.21669854162149144]
