Global Fit Results.
chi^2: 1.0141243455667113
per 4 range=[657.45 - 730.5, length=100]
mu_1: 2.3912048248052295e-6 ± 1.7074459286366502e-6
P_1: 224.70076739499294 ± 3.266363669217038e-5
t01: 3503.768925351237 ± 0.0006064600427063046
ecos1: -0.0032897032025133084 ± 0.02420132113994521
esin1: -0.001598475338309512 ± 0.029397777012760692
mu_2: 3.032442964326265e-6 ± 4.3863547331486904e-7
P_2: 365.25645812578813 ± 4.7859027132942124e-5
t02: 3624.4074753050063 ± 0.000662079546583994
ecos2: 0.010536346589369012 ± 0.01831987524510561
esin2: 0.0017273702666127625 ± 0.023269270840461976
mu_3: 2.39519071443396e-7 ± 7.269187396235237e-7
P_3: 685.2080724757793 ± 13.889150994893027
t03: 379.4068502006957 ± 225.1814244998784
ecos3: 0.014247908931421136 ± 0.7964932875496216
esin3: -0.2155644327252083 ± 0.5346142030724553
mu_4: 0.001233181915463592 ± 0.0009700273054987356
P_4: 4389.42137698123 ± 234.9580439050588
t04: 289.18962528901847 ± 556.4315891350873
ecos4: 0.03190134416576789 ± 0.05724429178762496
esin4: -0.028485207611889503 ± 0.04558681182765708
tsin: 0.00014896789582197198 ± 0.0008427133131010385
tcos: -0.0017100146329642955 ± 0.00096826278438858
dphi: 2.3164960351519723 ± 0.041315815580239466
Retrieved Earth masses:
[0.7960756419523312, 1.0095554987459066, 0.07974026172126798, 410.54872205547974]
 ± [0.5684398507555833, 0.14602973880777498, 0.24200448923906442, 322.93975903929316]
Retrieved eccentricity:
[0.004652342885176525, 0.014900644244549162, 0.020149586046272525, 0.04511531357716076]
 ± [0.03422583658345721, 0.02590821603261148, 1.1264116095918082, 0.08095565381450201]
