Global Fit Results.
chi^2: 308.6718322004029
Δϕ range=[2.2 - 2.38, length=100]
mu_1: 2.186167136842513e-6 ± 1.2663395537034786e-7
P_1: 224.7007792367979 ± 1.5590751452768734e-6
t01: 3503.7687463408374 ± 3.615574728646435e-5
ecos1: 0.001477888825641757 ± 0.0021546884968280653
esin1: -0.006835069838479267 ± 0.0028532358669023606
mu_2: 3.06128538297129e-6 ± 3.7229136017045134e-8
P_2: 365.25646519860743 ± 3.3305782089604656e-6
t02: 3624.4074476107844 ± 4.884538512283444e-5
ecos2: 0.014203319848401126 ± 0.0016799899543004629
esin2: -0.002876459324901069 ± 0.0022933947164746372
mu_3: 0.0009544136159496981 ± 5.21059570998052e-5
P_3: 4224.311567134591 ± 14.066334711863698
t03: 596.4975794816598 ± 38.463717918621654
ecos3: 0.03638114687925676 ± 0.005621427173971896
esin3: -0.042459691769948515 ± 0.004123613689893241
tcos: 0.00010389927563242357 ± 6.492255974504056e-5
tsin: -0.0018548890953282622 ± 7.004449583669144e-5
dphi: 2.314383751933343 ± 0.0027999129543460027
Retrieved Earth masses:
[0.7278148608698756, 1.0191576652772352, 317.74167738520197]
 ± [0.04215875037916244, 0.012394257508456597, 17.347022228071467]
Retrieved eccentricity:
[0.002090050420902219, 0.020086527560331843, 0.05145071133133251]
 ± [0.0030471896949035475, 0.0023758645780222708, 0.007949898549323715]
