Global Fit Results.
chi^2: 97.18809953266229
Δϕ range=[2.25 - 2.37, length=200]
mu_1: 2.296416966346199e-6 ± 3.1972927640172336e-7
P_1: 224.7007873196245 ± 4.167354256256011e-6
t01: 3503.7693075577918 ± 0.0001039791072737459
ecos1: -0.004463908801351321 ± 0.007878206148690621
esin1: 0.01222908131239135 ± 0.0072549672772872316
mu_2: 2.878920789388698e-6 ± 1.1058423321491789e-7
P_2: 365.25645976410493 ± 8.641959050118878e-6
t02: 3624.4086708131003 ± 0.00013788309377724586
ecos2: 0.008687148192801565 ± 0.006144119097856904
esin2: 0.014224264465680063 ± 0.005609301940651938
mu_3: 0.000967391351887977 ± 0.0001516670902144954
P_3: 4192.075341064203 ± 37.30204592047902
t03: 552.3311962795683 ± 109.9029862712904
ecos3: 0.03700001261792463 ± 0.016884318852013344
esin3: -0.039313780664420366 ± 0.010025110105088044
tcos: 0.0002964780730902563 ± 0.00018220334790607488
tsin: -0.0018230198391161968 ± 0.0002001417007337154
dphi: 2.323930368153377 ± 0.007303467386498768
Retrieved Earth masses:
[0.764519037311319, 0.9584451703041358, 322.0622020684]
 ± [0.10644369998006688, 0.036815505528073125, 50.49273694710826]
Retrieved eccentricity:
[0.0063129203680676645, 0.012285482792604897, 0.05232591965224465]
