Global Fit Results.
chi^2: 17.67518178728501
per 4 range=[657.45 - 712.2375, length=100]
mu_1: 2.2563552836233034e-6 ± 3.8702517111728516e-7
P_1: 224.70077130984757 ± 5.626603157611998e-6
t01: 3503.768874293727 ± 0.00012231916552837916
ecos1: -0.002223836410613615 ± 0.006105319209307194
esin1: -0.0029373697054817117 ± 0.007424841721362914
mu_2: 3.0234639399250588e-6 ± 1.0457925007174726e-7
P_2: 365.25645819554956 ± 8.904301517409518e-6
t02: 3624.407471530766 ± 0.00014596251136236076
ecos2: 0.011050850051838836 ± 0.004696029784714232
esin2: 0.0007935770888913945 ± 0.005949388734223174
mu_3: 1.9849781753437136e-7 ± 1.5729073810882603e-7
P_3: 686.5158993423915 ± 3.400617827741742
t03: 371.3074080651985 ± 54.56732067108654
ecos3: -0.006763600851724798 ± 0.1958178734385524
esin3: -0.20897368793829912 ± 0.14837786479998594
mu_4: 0.0011455943162429184 ± 0.00020232260014440282
P_4: 4348.929531546002 ± 47.227532858571784
t04: 360.1228401508336 ± 125.84877845254745
ecos4: 0.03263489045598228 ± 0.01437105581424856
esin4: -0.03210366203771897 ± 0.010832362552700248
tsin: 0.00011878868853574058 ± 0.0001871422302195591
tcos: -0.0017914829556643478 ± 0.00021265220832564105
dphi: 2.3145407329040175 ± 0.007924952815430748
Retrieved Earth masses:
[0.7511817734096716, 1.006566217969895, 0.06608353909317764, 381.3892148675747]
 ± [0.12884772912500264, 0.034816337258996945, 0.05236495176582743, 67.35687889243842]
Retrieved eccentricity:
[0.0031449796123888775, 0.015628262019061902, 0.009565176054987428, 0.04615270468941042]
 ± [0.008634225228419215, 0.006641189010850873, 0.276928292371859, 0.020323742038131035]
