Global Fit Results.
chi^2: 0.34327301233248464
per 4 range=[657.45 - 1314.9, length=100]
mu_1: 1.4503395703704743e-6 ± 1.9478301150251593e-6
P_1: 224.7007795728868 ± 3.361288600106872e-5
t01: 3503.768873516148 ± 0.0004876431028261147
ecos1: -0.05548653848328113 ± 0.06593552568640101
esin1: 0.0157219940094342 ± 0.04977189346803402
mu_2: 2.6869471079372245e-6 ± 4.430807837665425e-7
P_2: 365.2564003355878 ± 0.00014744149815585034
t02: 3624.408148749706 ± 0.001143055078420038
ecos2: -0.032985852843237205 ± 0.05121292867456017
esin2: 0.015136835689074382 ± 0.039363221544894904
mu_3: 4.146180186706747e-6 ± 9.411317026800748e-6
P_3: 932.9202959597678 ± 28.415031622770066
t03: 867.5982364937037 ± 153.92297312433428
ecos3: 0.07877941945220956 ± 0.3613909530654808
esin3: 0.16649652899771475 ± 0.4998470630603281
mu_4: 0.0015644243060643898 ± 0.002102015904440937
P_4: 5390.694089282668 ± 1050.2605309398425
t04: 453.8327851525916 ± 1240.4830400902779
ecos4: 0.062491869667646874 ± 0.070447771903584
esin4: 0.07542396041356418 ± 0.09472514014183533
tsin: 0.00037086576013141783 ± 0.0009624284115809816
tcos: -0.0019684487271390684 ± 0.0016664350458059742
dphi: 2.3235727185671635 ± 0.05203936395517899
Retrieved Earth masses:
[0.4828444608987385, 0.8945336349500359, 1.380338906789994, 520.8253474636915]
 ± [0.6484681250001406, 0.14750966362842752, 3.1331988652781195, 699.7993827894394]
Retrieved eccentricity:
[0.07846981525219283, 0.046649040457349175, 0.1114109234251936, 0.08837684962203805]
 ± [0.0932469146679079, 0.07242601830040897, 0.5110839871441416, 0.09962819446501477]
