Global Fit Results.
chi^2: 8.574217569243658
Δϕ range=[2.2 - 2.38, length=100]
mu_1: 2.1861260984604413e-6 ± 7.597972168598646e-7
P_1: 224.7007792367329 ± 9.354444043448286e-6
t01: 3503.7687463423936 ± 0.0002169344850914388
ecos1: 0.0014776549881522789 ± 0.012927967956431679
esin1: -0.006836310629868746 ± 0.017119049260457597
mu_2: 3.061284008149263e-6 ± 2.2337386473227503e-7
P_2: 365.2564651991397 ± 1.9983270599638212e-5
t02: 3624.407447602253 ± 0.00029306966672916913
ecos2: 0.014203106349139237 ± 0.010079820365671151
esin2: -0.0028774433748575564 ± 0.013760146341592984
mu_3: 0.000954413378039145 ± 0.00031263655091809677
P_3: 4224.305810398207 ± 84.40096285806474
t03: 596.5213263812898 ± 230.7847355315269
ecos3: 0.036380530220328944 ± 0.03372861390319677
esin3: -0.04245856606640991 ± 0.024741595766261473
tcos: 0.00010390834879800526 ± 0.0003895362227176322
tsin: -0.00185490676607928 ± 0.0004202692247664793
dphi: 2.3143844989795346 ± 0.016799108228130598
Retrieved Earth masses:
[0.7278011984449702, 1.0191572075739401, 317.7415981804453]
 ± [0.2529503331922135, 0.0743652283223388, 104.08240247263583]
Retrieved eccentricity:
[0.002089719724753208, 0.020086225626780124, 0.051449839243913435]
 ± [0.018282907617910467, 0.014255018667416672, 0.047699463221946604]
