Global Fit Results.
chi^2: 3.4556854258314558
Δϕ range=[2.2 - 2.38, length=100]
mu_1: 2.1605727719986808e-6 ± 1.4093615372588568e-6
P_1: 224.70078748241932 ± 2.3854279473813936e-5
t01: 3503.7687044168233 ± 0.00043580790909195555
ecos1: -0.08157702499183533 ± 0.06558305844598322
esin1: -0.01728604965419886 ± 0.04043870852039465
mu_2: 2.6099699934012e-6 ± 4.32408756988025e-7
P_2: 365.25642802555024 ± 5.760541445616492e-5
t02: 3624.407731198255 ± 0.0006389114833752384
ecos2: -0.054507639104358685 ± 0.051784595604738054
esin2: -0.011267100623020103 ± 0.03225553134783103
mu_3: 0.0007830060091781017 ± 0.0008566246313972983
P_3: 4446.310014491514 ± 356.2490812176619
t03: 1387.090254766264 ± 529.2680211500217
ecos3: 0.028323065643342457 ± 0.11016756517372317
esin3: 0.09913870225141876 ± 0.11701480221186457
tcos: -7.598364153887153e-6 ± 0.0007557440140629168
tsin: -0.0013562048147366182 ± 0.0009302650432021493
dphi: 2.3070735178252373 ± 0.05268432087319532
Retrieved Earth masses:
[0.7192940306122353, 0.8689065513835349, 260.6769629029008]
 ± [0.46920212726137145, 0.14395675152298595, 285.185943202222]
Retrieved eccentricity:
[0.11536733512150246, 0.07708544247432211, 0.040054863560798355]
 ± [0.09274845071621683, 0.07323447742622673, 0.15580046480230117]
