Global Fit Results.
chi^2: 1.7743968921601236
per 4 range=[657.45 - 1314.9, length=100]
mu_1: 1.8797029709226156e-6 ± 5.828157117253287e-7
P_1: 224.70080764683138 ± 7.062008925182849e-5
t01: 3503.7659021713484 ± 0.00464208116758738
ecos1: -0.0025548297357826286 ± 0.009895359680458234
esin1: -0.016339602139207 ± 0.011552996363354814
mu_2: 2.9706270410417394e-6 ± 1.634678358899365e-7
P_2: 365.2560992061606 ± 0.00032359265468095456
t02: 3624.4108414212496 ± 0.002498214631362198
ecos2: 0.009205303504128615 ± 0.008956904557832074
esin2: -0.009229987968992171 ± 0.009245749844779225
mu_3: 6.319790338714752e-7 ± 5.401210423855666e-7
P_3: 672.0264467857559 ± 2.7047936826662156
t03: 636.4544886123733 ± 48.24916484341212
ecos3: 0.1714771983447224 ± 0.2763015062023294
esin3: 0.19893160761526843 ± 0.3270983244255014
mu_4: 0.0073076357926078195 ± 0.006746246721701052
P_4: 7519.311778176297 ± 1392.5530599070669
t04: -3139.634831917014 ± 1750.5788179558097
ecos4: 0.061421705468894264 ± 0.011628715446880444
esin4: 0.018890728290886855 ± 0.028721033288786172
tsin: 0.0005406138613922582 ± 0.00044568610833895753
tcos: -0.0013878216412226145 ± 0.0005001807653161859
dphi: 2.3253300464302855 ± 0.022136942165950656
Retrieved Earth masses:
[0.6257873577930783, 0.9889758519079938, 0.21039733186830947, 2432.8450638802756]
 ± [0.19402996641638054, 0.054421420132940386, 0.17981613331015048, 2245.9484164784667]
Retrieved eccentricity:
[0.0036130748618978643, 0.013018265061299264, 0.24250537953684764, 0.08686340889819598]
 ± [0.01399415186466393, 0.012666975902567509, 0.3907493373754481, 0.01644548709795583]
