Global Fit Results.
chi^2: 2.8892587700351013
Δϕ range=[2.2 - 2.38, length=100]
mu_1: 2.308871185605393e-6 ± 1.3484738812883551e-6
P_1: 224.7007911714764 ± 2.4045483822953995e-5
t01: 3503.7686380360874 ± 0.0004752936666239906
ecos1: -0.07492647680905516 ± 0.06587458880806303
esin1: -0.03697758181577297 ± 0.06398252537077466
mu_2: 2.6342209410668137e-6 ± 4.984408571826887e-7
P_2: 365.25645900755416 ± 5.295172583175945e-5
t02: 3624.4074604165316 ± 0.0006467940578617303
ecos2: -0.04930762480385992 ± 0.05217729042693161
esin2: -0.02727386410421195 ± 0.049985375785713146
mu_3: 0.0006484758456729715 ± 0.0007487167908136463
P_3: 4213.997567300772 ± 224.25168165144558
t03: 1520.9790004280578 ± 534.6776663151954
ecos3: -0.0013992024928847937 ± 0.16715375152318432
esin3: 0.08668739959890615 ± 0.1092957068436266
tcos: -0.00010442902643696266 ± 0.0009186676350394665
tsin: -0.0013536426385421406 ± 0.0009905216059287573
dphi: 2.303711725636505 ± 0.06374062164834858
Retrieved Earth masses:
[0.768665273756198, 0.8769801335922144, 215.88942100630817]
 ± [0.4489315175206781, 0.16594004045190874, 249.26145753156527]
Retrieved eccentricity:
[0.105962039684199, 0.06973151172602272, 0.0019787711419439196]
 ± [0.09316073690811363, 0.07378983176964654, 0.23639110240562966]
