Global Fit Results.
chi^2: 7.717967523724653
Δϕ range=[2.2 - 2.38, length=100]
mu_1: 2.289760592978402e-6 ± 7.945882265325976e-7
P_1: 224.7007831051365 ± 1.0684335976270894e-5
t01: 3503.7686931195094 ± 0.00022797159905418304
ecos1: 0.0024547767398207924 ± 0.014981025833298365
esin1: -0.0032895341331550874 ± 0.019396366582974858
mu_2: 3.025390679013936e-6 ± 2.3372369602011996e-7
P_2: 365.2564648412164 ± 2.2696398380326846e-5
t02: 3624.4074385354606 ± 0.0003039587991113504
ecos2: 0.01459504268034834 ± 0.011560916345401212
esin2: 0.00026642951719758743 ± 0.015531048222025692
mu_3: 0.0008917689664364504 ± 0.00031710462806119573
P_3: 4210.476672284941 ± 97.12256779448529
t03: 567.9166926887493 ± 258.39523522158873
ecos3: 0.0328698214937404 ± 0.03994040809069084
esin3: -0.05119081896434396 ± 0.02925991536069622
tcos: 0.0001378826267889124 ± 0.0004005114149171821
tsin: -0.0017741238972136966 ± 0.00046776320911988227
dphi: 2.3153113662894427 ± 0.019008195841047515
Retrieved Earth masses:
[0.7623030093713975, 1.0072076645081178, 296.88613249050667]
 ± [0.26453289403019886, 0.07781087568014745, 105.569906739559]
Retrieved eccentricity:
[0.0034715785580525754, 0.02064050730196279, 0.046484947349230345]
 ± [0.021186369911712244, 0.01634960468912719, 0.056484266808571076]
