Global Fit Results.
chi^2: 2.4062629939374762
per 4 range=[657.45 - 712.2375, length=100]
mu_1: 2.3185802428306423e-6 ± 1.0811863744823832e-6
P_1: 224.70076825858925 ± 2.0169600014217994e-5
t01: 3503.7689047229674 ± 0.0003805277023883103
ecos1: -0.0029298201364801523 ± 0.015799950073228125
esin1: -0.0026211274499304974 ± 0.018902037979057904
mu_2: 3.0120522275282508e-6 ± 2.828482006829342e-7
P_2: 365.25646126655676 ± 2.5288244405337635e-5
t02: 3624.407443173149 ± 0.00039280385363720763
ecos2: 0.010542313537106827 ± 0.012058445330197533
esin2: 0.0009826572450720732 ± 0.015143249482293694
mu_3: 2.2854639440997336e-7 ± 4.542285645682018e-7
P_3: 684.9159690547035 ± 9.2197456211072
t03: 386.1457946245413 ± 137.32030884448073
ecos3: 0.008671723597707461 ± 0.5142968916509807
esin3: -0.2070282435600868 ± 0.3335074939573266
mu_4: 0.0012130718772798877 ± 0.0006324493701004756
P_4: 4364.826160510769 ± 131.0488935112047
t04: 331.0033515528782 ± 339.0062257253345
ecos4: 0.0333036303027764 ± 0.036988235863350157
esin4: -0.031369829024053 ± 0.02796826234472376
tsin: 0.0001341296971901022 ± 0.0005145014594405772
tcos: -0.001759079526260117 ± 0.0005988987732946136
dphi: 2.315766178985542 ± 0.022103082298300377
Retrieved Earth masses:
[0.7718975957568747, 1.0027670510487576, 0.07608725766962675, 403.85372403995746]
 ± [0.3599466378654048, 0.09416531808481494, 0.1512209629140283, 210.55391536611393]
Retrieved eccentricity:
[0.004143391372324024, 0.01490908278296595, 0.0122636691210287, 0.04709844565044597]
 ± [0.02234450367837699, 0.017053216927099865, 0.7273256392591431, 0.052309264806204694]
