Global Fit Results.
chi^2: 88.91685258444875
Δϕ range=[2.2 - 2.38, length=200]
mu_1: 1.9463443846310666e-6 ± 3.7778061768622676e-7
P_1: 224.70077123938952 ± 5.3263383334977955e-6
t01: 3503.7697233338454 ± 0.00011386481006169805
ecos1: -0.000841205612650064 ± 0.0061342196652917355
esin1: -0.013053984409994593 ± 0.007591775885860131
mu_2: 3.006715856297358e-6 ± 1.1214251099364053e-7
P_2: 365.2564616627316 ± 1.1210208511924421e-5
t02: 3624.4085102104227 ± 0.00014978495170688062
ecos2: 0.011901664313774896 ± 0.00468895600891807
esin2: -0.006175631375333014 ± 0.00615517030873401
mu_3: 0.0009654845778368149 ± 0.00015048553166462596
P_3: 4132.330813421493 ± 49.32959447091389
t03: 778.8708937059637 ± 107.36012352345267
ecos3: 0.0507466546444604 ± 0.013908747766115675
esin3: -0.034651253530399134 ± 0.011032231752876067
tcos: 0.00018691704076027814 ± 0.00020297857733499216
tsin: -0.0018684929880529043 ± 0.00022600969971989308
dphi: 2.3170892753332226 ± 0.008636445487690594
Retrieved Earth masses:
[0.6479734982893811, 1.0009904758640389, 321.4274022548957]
 ± [0.12577004889834456, 0.03733428458462581, 50.09937458377822]
Retrieved eccentricity:
[0.0011896443861540889, 0.016831495087352332, 0.0717666072432595]
