Global Fit Results.
chi^2: 5.100126351962796
Δϕ range=[2.25 - 2.37, length=100]
mu_1: 2.3835811823946298e-6 ± 1.0466691988662548e-6
P_1: 224.70077506548884 ± 1.099255291874285e-5
t01: 3503.7688081537895 ± 0.00029978963254996565
ecos1: 0.004646058255573985 ± 0.02159116223112195
esin1: -0.0034432197413661043 ± 0.028800851785164755
mu_2: 3.0719539469812144e-6 ± 3.218237313168477e-7
P_2: 365.25645028209516 ± 2.430798245850961e-5
t02: 3624.4075962906436 ± 0.00040699666266784694
ecos2: 0.01670860767017524 ± 0.016924358003216025
esin2: -0.0004763321907690813 ± 0.023066273490151803
mu_3: 0.000867934612597004 ± 0.0004553564875506241
P_3: 4248.973909601329 ± 110.72027444524313
t03: 572.050356937655 ± 364.7769291523706
ecos3: 0.024761749061275887 ± 0.0569738494160026
esin3: -0.03489050439408934 ± 0.039788725454095224
tcos: 8.899341949044589e-5 ± 0.0005476742969627678
tsin: -0.001768714392154116 ± 0.0005450407421526478
dphi: 2.313123072342675 ± 0.022568638880985124
Retrieved Earth masses:
[0.7935375925292637, 1.0227094245639377, 288.9512419548112]
 ± [0.3484552413727481, 0.10714098217178948, 151.5964690199838]
Retrieved eccentricity:
[0.006570518596608213, 0.023629539575532942, 0.03501840135053561]
 ± [0.030534514454650396, 0.023934656622605736, 0.08057319054471332]
