Global Fit Results.
chi^2: 0.4435992230400309
per 4 range=[657.45 - 1314.9, length=100]
mu_1: 1.8797029709226156e-6 ± 1.1656314234506574e-6
P_1: 224.70080764683138 ± 0.00014124017850365697
t01: 3503.7659021713484 ± 0.00928416233517476
ecos1: -0.0025548297357826286 ± 0.01979071936091647
esin1: -0.016339602139207 ± 0.02310599272670963
mu_2: 2.9706270410417394e-6 ± 3.26935671779873e-7
P_2: 365.2560992061606 ± 0.0006471853093619091
t02: 3624.4108414212496 ± 0.004996429262724396
ecos2: 0.009205303504128615 ± 0.017913809115664148
esin2: -0.009229987968992171 ± 0.01849149968955845
mu_3: 6.319790338714752e-7 ± 1.0802420847711331e-6
P_3: 672.0264467857559 ± 5.409587365332431
t03: 636.4544886123733 ± 96.49832968682423
ecos3: 0.1714771983447224 ± 0.5526030124046588
esin3: 0.19893160761526843 ± 0.6541966488510028
mu_4: 0.0073076357926078195 ± 0.013492493443402104
P_4: 7519.311778176297 ± 2785.1061198141338
t04: -3139.634831917014 ± 3501.1576359116193
ecos4: 0.061421705468894264 ± 0.023257430893760887
esin4: 0.018890728290886855 ± 0.057442066577572344
tsin: 0.0005406138613922582 ± 0.0008913722166779151
tcos: -0.0013878216412226145 ± 0.0010003615306323718
dphi: 2.3253300464302855 ± 0.04427388433190131
Retrieved Earth masses:
[0.6257873577930783, 0.9889758519079938, 0.21039733186830947, 2432.8450638802756]
 ± [0.3880599328327611, 0.10884284026588077, 0.35963226662030096, 4491.896832956933]
Retrieved eccentricity:
[0.0036130748618978643, 0.013018265061299264, 0.24250537953684764, 0.08686340889819598]
 ± [0.02798830372932786, 0.025333951805135018, 0.7814986747508962, 0.03289097419591166]
