Global Fit Results.
chi^2: 9.599126170710703
Δϕ range=[2.2 - 2.38, length=100]
mu_1: 2.160550054987164e-6 ± 8.456102991926272e-7
P_1: 224.7007874823998 ± 1.4312461637639466e-5
t01: 3503.7687044165214 ± 0.0002614829508466734
ecos1: -0.08157862869919032 ± 0.039351507811553055
esin1: -0.017286447954948696 ± 0.02426405018841134
mu_2: 2.609963403584468e-6 ± 2.594495364377216e-7
P_2: 365.2564280251587 ± 3.4563335846543434e-5
t02: 3624.4077312030877 ± 0.0003833453555596918
ecos2: -0.05450891184912611 ± 0.031072163036200952
esin2: -0.011267411674963696 ± 0.019353918095682522
mu_3: 0.0007829841383434009 ± 0.0005139722170928024
P_3: 4446.313938261637 ± 213.74673048237716
t03: 1387.0884999942687 ± 317.55705377784284
ecos3: 0.02832019624162578 ± 0.0661037365139033
esin3: 0.09914168033601138 ± 0.07021254998994886
tcos: -7.598578065987596e-6 ± 0.00045344704960720517
tsin: -0.0013562135272767826 ± 0.0005581569122323131
dphi: 2.307073781376193 ± 0.03161021207032068
Retrieved Earth masses:
[0.7192864677053111, 0.8689043575135115, 260.6696817036518]
 ± [0.28151907138532356, 0.08637547655112203, 171.11071306956856]
Retrieved eccentricity:
[0.11536960310619394, 0.07708724240723365, 0.040050805613974734]
 ± [0.055651436046929126, 0.04394267437806335, 0.09348480070149963]
