Global Fit Results.
chi^2: 2.767630758502882
Δϕ range=[2.2 - 2.38, length=100]
mu_1: 2.3531807508118625e-6 ± 1.4114268611134172e-6
P_1: 224.70077867263288 ± 2.6698033903682607e-5
t01: 3503.7687894901205 ± 0.00044980484438204106
ecos1: -0.08683160314448726 ± 0.06962291282949593
esin1: -0.03026610361725279 ± 0.053163017626275955
mu_2: 2.5472010352824783e-6 ± 4.510058094500633e-7
P_2: 365.2564210005462 ± 6.899802763585081e-5
t02: 3624.407775590536 ± 0.0006963858994521024
ecos2: -0.05746781523044888 ± 0.05446235919454848
esin2: -0.02182883397461543 ± 0.041683905728467446
mu_3: 0.000741716963265695 ± 0.0008008884049199736
P_3: 4451.511978880465 ± 369.98299056745105
t03: 1300.794430426454 ± 579.6075359926766
ecos3: 0.005706609217449251 ± 0.13442357854843792
esin3: 0.09634692152831241 ± 0.11260013143304926
tcos: -0.00012660405286186164 ± 0.0008173533015986409
tsin: -0.0011843216600080707 ± 0.0010266969983576339
dphi: 2.3029245525765134 ± 0.06558250692106857
Retrieved Earth masses:
[0.7834167351117688, 0.8480096218897972, 246.93108743905557]
 ± [0.46988971119241024, 0.1501480490327441, 266.6303381730498]
Retrieved eccentricity:
[0.12279843080953218, 0.08127176369885192, 0.008070364150480045]
 ± [0.09846166757539289, 0.0770214070117655, 0.19010364788592596]
