Global Fit Results.
chi^2: 1.3211314361592275
per 4 range=[657.45 - 712.2375, length=100]
mu_1: 2.257037190574242e-6 ± 1.415569782789648e-6
P_1: 224.70077098546707 ± 1.696333273371407e-5
t01: 3503.7688782366254 ± 0.00042931670353458444
ecos1: -0.0022721064997358446 ± 0.022049260923298838
esin1: -0.0026855050303696243 ± 0.02686246764435688
mu_2: 3.0201575965554273e-6 ± 3.8013905690972475e-7
P_2: 365.2564583448876 ± 3.1204452899554775e-5
t02: 3624.407469806009 ± 0.0005266462686097512
ecos2: 0.010962670314197901 ± 0.016816594349036765
esin2: 0.0009573448771064763 ± 0.02162397400568269
mu_3: 2.0000437626106483e-7 ± 5.531942676954971e-7
P_3: 686.4284639066574 ± 10.062820554145198
t03: 372.3334992556831 ± 184.8528664114242
ecos3: -0.008261187093788421 ± 0.7094942397254227
esin3: -0.21020430967189574 ± 0.5435631336464611
mu_4: 0.0011453294906943424 ± 0.0007157194328716125
P_4: 4349.589521610334 ± 147.94170562594343
t04: 357.1681300626094 ± 449.41644660086064
ecos4: 0.03230824286223775 ± 0.0522402581264311
esin4: -0.032217504838511865 ± 0.039178346527723784
tsin: 0.00012022936676815059 ± 0.0006787948604784939
tcos: -0.0017924655886086091 ± 0.0007650897069272389
dphi: 2.3145821003009956 ± 0.027823700254156505
Retrieved Earth masses:
[0.7514087926545681, 1.0054654760371295, 0.06658509993524774, 381.3010496186588]
 ± [0.47126896528170914, 0.12655521627479657, 0.1841684481445094, 238.27603602608005]
Retrieved eccentricity:
[0.0032132438270824925, 0.015503557038163591, 0.011683082829337159, 0.04569075523222037]
 ± [0.03118236383803233, 0.023782255801334543, 1.0033763762452808, 0.07387888154427015]
