Global Fit Results.
chi^2: 34.87867718619847
per 4 range=[657.45 - 803.5500000000001, length=100]
mu_1: 2.807345354017392e-6 ± 2.571000405124267e-7
P_1: 224.70089677675344 ± 1.897382515791449e-5
t01: 3503.768500078558 ± 0.0006643842058096427
ecos1: -0.043807709133876556 ± 0.009763950954798288
esin1: 0.0067293399690417635 ± 0.009470720641243132
mu_2: 2.784448832705046e-6 ± 1.1238977921690552e-7
P_2: 365.25646136032015 ± 1.3312716712055334e-5
t02: 3624.4074071337195 ± 0.00015938497502882124
ecos2: -0.023809037138166015 ± 0.007253040898826889
esin2: 0.007868795734587547 ± 0.007625145954843183
mu_3: 6.869701620324319e-7 ± 2.3375948254317745e-7
P_3: 671.3271835305866 ± 0.828479066305509
t03: 693.0053185470304 ± 29.146863433321265
ecos3: -0.36352928834055337 ± 0.08901389866014311
esin3: -0.042526447645677375 ± 0.09971269960653793
mu_4: 0.0007992006437087017 ± 0.0002856026143565338
P_4: 4185.000578959078 ± 69.0454198279631
t04: 1674.6699970920267 ± 149.8488937823956
ecos4: 0.016776946899711237 ± 0.038970302444971835
esin4: 0.09869172334592798 ± 0.03621062275135476
Retrieved Earth masses:
[0.9346164041231078, 0.9269937351182953, 0.2287048800960035, 266.06845172326183]
 ± [0.08559328656154391, 0.03741660468013922, 0.0778227896655245, 95.08231256837688]
Retrieved eccentricity:
[0.061953456393623936, 0.03367106322783908, 0.5141080498910501, 0.02372618584078488]
 ± [0.01380831186262147, 0.010257348807567731, 0.12588466272487867, 0.05511233024746055]
