Global Fit Results.
chi^2: 0.6115877059640108
per 4 range=[657.45 - 1314.9, length=100]
mu_1: 2.7103906996959284e-6 ± 9.158817183447645e-7
P_1: 224.7008790040642 ± 8.234903467239993e-5
t01: 3503.7681639602224 ± 0.0015422633722522179
ecos1: -0.07502333738521985 ± 0.08333886798288685
esin1: 0.0046205793932309475 ± 0.05231458378293834
mu_2: 2.599036601225181e-6 ± 5.565720482356926e-7
P_2: 365.2564028356097 ± 0.00013143065983951623
t02: 3624.4081082682387 ± 0.001099505962823787
ecos2: -0.04818003568027702 ± 0.06288103322244543
esin2: 0.0059157657316424184 ± 0.040899143409953896
mu_3: 4.903643113469414e-7 ± 8.747861617142608e-7
P_3: 669.7732338849246 ± 7.52193215557453
t03: 47.86943102199383 ± 147.64570795423208
ecos3: -0.460559705835221 ± 0.5932365177158971
esin3: -0.015171595291474738 ± 0.4719705882656288
mu_4: 0.0012346484380144761 ± 0.0018980469107479322
P_4: 5151.949857815062 ± 1024.4628372099287
t04: 640.6283108756796 ± 1177.9083989042322
ecos4: 0.038243907138045215 ± 0.1293884036011573
esin4: 0.09075300795523847 ± 0.13621097214178038
Retrieved Earth masses:
[0.9023384336713243, 0.8652666259764967, 0.16325121122897773, 411.03695412536433]
 ± [0.30491370681434654, 0.18529297281258303, 0.2912322474568524, 631.8943894956274]
Retrieved eccentricity:
[0.10609902122467037, 0.06813685989466739, 0.6513297822747326, 0.054085052152760764]
 ± [0.11785895737421949, 0.08892720999921548, 0.8389631290488087, 0.18298283518656047]
