Global Fit Results.
chi^2: 84.53417624475084
per 4 range=[657.45 - 712.2375, length=100]
mu_1: 2.624350779661682e-6 ± 1.9351097050655626e-7
P_1: 224.70088341008756 ± 1.3994331232328514e-5
t01: 3503.7704176675416 ± 0.0012372093757709176
ecos1: -0.03755856397661915 ± 0.010757489003677519
esin1: 0.006718810910431501 ± 0.00944529757826469
mu_2: 2.8484980574877525e-6 ± 1.0535019850448433e-7
P_2: 365.2564600758275 ± 7.364408508128828e-6
t02: 3624.4074506227034 ± 0.0001278184444629458
ecos2: -0.01664680026342038 ± 0.008274696890151197
esin2: 0.007951110134073253 ± 0.007518841312274539
mu_3: 1.1480858053034715e-6 ± 2.000202953657838e-7
P_3: 672.5033161880697 ± 0.3743842017554926
t03: 697.4819098021355 ± 13.816385564574478
ecos3: -0.24514034357833944 ± 0.03223245812327666
esin3: 0.010297964313735053 ± 0.04240307517321613
mu_4: 0.0004286822116598062 ± 0.00020385386235703912
P_4: 4067.74432765459 ± 44.79977905506402
t04: 2019.8434581458005 ± 146.4281696806007
ecos4: 0.004980939190716247 ± 0.0704344793019029
esin4: 0.15367354377571502 ± 0.06629554808340497
Retrieved Earth masses:
[0.8736941770755435, 0.9483168887045195, 0.38221867695828404, 142.7161167042318]
 ± [0.06442332688224361, 0.03507300003507398, 0.06659039969517502, 67.86666397495266]
Retrieved eccentricity:
[0.05311583055899237, 0.02354213070264511, 0.34668079857328793, 0.007044111756866585]
 ± [0.01521338684608018, 0.011702188566578297, 0.04558357942656069, 0.09960939588743813]
