Global Fit Results.
chi^2: 6.71159505821888
per 4 range=[657.45 - 712.2375, length=100]
mu_1: 2.697924279530621e-6 ± 8.594921727611896e-7
P_1: 224.70087436527194 ± 5.1286989511612476e-5
t01: 3503.7717051259133 ± 0.008273258400377069
ecos1: -0.046225417984329345 ± 0.05984582705905202
esin1: 0.004234342821436864 ± 0.04285574174243793
mu_2: 2.779154538399877e-6 ± 4.300428453202725e-7
P_2: 365.2564607227369 ± 3.101702882716895e-5
t02: 3624.4074409357763 ± 0.000464514484400431
ecos2: -0.023556902831128282 ± 0.04686032362783146
esin2: 0.005544267424908076 ± 0.03397242011808865
mu_3: 1.0231925609375265e-6 ± 6.910306098883581e-7
P_3: 672.8769580198381 ± 1.7943862191469653
t03: 697.4047621052181 ± 54.7786774653015
ecos3: -0.2567037111755001 ± 0.13809176504332657
esin3: 0.023067732616945967 ± 0.16949295640688614
mu_4: 0.0002688520739370223 ± 0.0008071382904276335
P_4: 4073.4277259442483 ± 187.2773423156601
t04: 1969.0686360066668 ± 840.8659536654751
ecos4: -0.08509659442063607 ± 0.7102395059206581
esin4: 0.20668994316406522 ± 0.5107632837538578
Retrieved Earth masses:
[0.8981881353225607, 0.9252311681085807, 0.34063944097952276, 89.50575255177635]
 ± [0.28614059995450186, 0.14316909643373107, 0.23005667714826306, 268.7110389001588]
Retrieved eccentricity:
[0.06537261303980374, 0.033314491471286775, 0.36303386985589814, 0.12034475794142618]
 ± [0.08463478027834612, 0.06627050521167165, 0.1952912469763113, 1.0044303418061609]
