Global Fit Results.
chi^2: 0.9094668472624243
per 4 range=[657.45 - 1314.9, length=100]
mu_1: 4.36303214110024e-6 ± 8.036126770167727e-7
P_1: 224.70077456199104 ± 3.916504604772653e-5
t01: 3503.7689392938964 ± 0.0005658461772819375
ecos1: -0.036942507104053196 ± 0.03868711491811495
esin1: -0.023461653916753502 ± 0.03390857338544225
mu_2: 2.6800731940058165e-6 ± 4.2819391954799077e-7
P_2: 365.2563257030685 ± 0.0001816510092935156
t02: 3624.40871649244 ± 0.0016002266094129556
ecos2: -0.018704395453770863 ± 0.029436774619953424
esin2: -0.015957658636668724 ± 0.025121328809012695
mu_3: 8.91112948748352e-9 ± 7.599286690852593e-6
P_3: 876.5955437916041 ± 15.031656519792065
t03: -19844.02685043211 ± 1.732267874833629e7
ecos3: 9.665688078284253 ± 7965.335579618437
esin3: -72.79126057085212 ± 62082.66754828819
mu_4: 0.0017087609312726115 ± 0.0017557498633784972
P_4: 5392.003025384051 ± 1371.3884602530168
t04: 43.09008227012157 ± 1829.706365988651
ecos4: 0.04973736340934149 ± 0.06037213542610526
esin4: 0.05513705789489319 ± 0.05977984129742845
Retrieved Earth masses:
[1.4525328723640134, 0.8922451837939889, 0.002966677322527823, 568.8776390858562]
 ± [0.26753729797666626, 0.14255355536597197, 2.5299409603244847, 584.521110486887]
Retrieved eccentricity:
[0.05224459457461644, 0.026452009726712414, 13.669347169977529, 0.07033925389017005]
 ± [0.05471184260628465, 0.04162988590005824, 11264.685605549352, 0.08537909270902326]
