Global Fit Results.
chi^2: 551.3540577924084
per 4 range=[657.45 - 730.5, length=100]
mu_1: 2.792489661795512e-6 ± 9.442047832730889e-8
P_1: 224.70087042815223 ± 5.738802390697301e-6
t01: 3503.7697234493257 ± 0.00039834307603940064
ecos1: -0.05593094562972769 ± 0.007015500340446807
esin1: -0.0019194470954088034 ± 0.004817962088769551
mu_2: 2.736504932178266e-6 ± 4.70782477638053e-8
P_2: 365.2564760269799 ± 3.616938737518428e-6
t02: 3624.407307237649 ± 4.874743724369853e-5
ecos2: -0.031011544628944863 ± 0.005537794380761465
esin2: 0.0008309435443876389 ± 0.003795385074101748
mu_3: 8.59885126287256e-7 ± 6.595285866485148e-8
P_3: 672.2707168042995 ± 0.19307824768545173
t03: 20.192462100777362 ± 6.661935485668737
ecos3: -0.27577866999774525 ± 0.015230824723514528
esin3: -0.014117461863209228 ± 0.019479704182534224
mu_4: 0.00032733732361120687 ± 8.124193128599883e-5
P_4: 4163.253948210279 ± 21.08384937194768
t04: 1435.0695437636227 ± 117.22428743397569
ecos4: -0.1513398423167104 ± 0.06144614190386518
esin4: 0.0797781305736298 ± 0.030498748389120353
Retrieved Earth masses:
[0.9296706735861421, 0.9110323373352074, 0.2862714213409744, 108.97655747661636]
 ± [0.031434297103336215, 0.015673206210436146, 0.021956907980264537, 27.046918746166646]
Retrieved eccentricity:
[0.07909830186591309, 0.043856947004392334, 0.3900099353240255, 0.2140268575316975]
 ± [0.009921415728292941, 0.00783162391890638, 0.02153963889012169, 0.08689796723594789]
