Global Fit Results.
chi^2: 25.04636599809404
per 4 range=[657.45 - 803.5500000000001, length=100]
mu_1: 2.571879913828721e-6 ± 2.069069469537703e-7
P_1: 224.700873375204 ± 1.4896322656754243e-5
t01: 3503.7687721152433 ± 0.0004688205453886847
ecos1: -0.07240203844605578 ± 0.020887542513563118
esin1: 0.02380012252353872 ± 0.012274334332446067
mu_2: 2.6003640807210807e-6 ± 1.4101801651371673e-7
P_2: 365.25632307833285 ± 2.680734940221437e-5
t02: 3624.4087672188903 ± 0.00027533425646258605
ecos2: -0.04589076989672326 ± 0.01665760607632757
esin2: 0.01997863182099954 ± 0.009432112309709391
mu_3: 7.688391387022092e-7 ± 2.2151737524486827e-7
P_3: 670.3906684041199 ± 0.8152082476732242
t03: 71.39802544618126 ± 16.516746275473444
ecos3: -0.36172186688055097 ± 0.09378926688262461
esin3: 0.09932483169190287 ± 0.05252816012685714
mu_4: 0.0012710736526330463 ± 0.0003942244337041636
P_4: 6074.443815337663 ± 263.21908927256464
t04: -132.13081833512177 ± 367.43132478766944
ecos4: 0.08863199662127945 ± 0.017980817033132625
esin4: 0.11282399372923622 ± 0.04024327105659025
Retrieved Earth masses:
[0.8562256700833951, 0.865708568080709, 0.25596055367205617, 423.1635715568475]
 ± [0.06888309144911332, 0.04694746633933605, 0.07374716915604154, 131.24449477467863]
Retrieved eccentricity:
[0.10239194471387032, 0.064899349175689, 0.5115519699493905, 0.12534457168201973]
 ± [0.02953944590732557, 0.02355741242981093, 0.1326380532304375, 0.025428715310805317]
