Global Fit Results.
chi^2: 1.4211137475066928
per 4 range=[657.45 - 1314.9, length=100]
mu_1: 4.36333410268131e-6 ± 6.482326496586853e-7
P_1: 224.70077455931772 ± 3.1320480645429766e-5
t01: 3503.7689393342093 ± 0.0004522617167264215
ecos1: -0.036919500635149906 ± 0.03135106810176074
esin1: -0.023463449159530317 ± 0.027152960047061556
mu_2: 2.680151804552385e-6 ± 3.4165003827498414e-7
P_2: 365.25632568295043 ± 0.00014419047093660413
t02: 3624.408716606933 ± 0.001276403251346355
ecos2: -0.018687316380354944 ± 0.023740328550868172
esin2: -0.0159589049605508 ± 0.02011872947692706
mu_3: 1.0848879109821826e-8 ± 6.181185491940968e-6
P_3: 876.5955213500997 ± 12.068829592611152
t03: -16215.072137289393 ± 9.50560379256477e6
ecos3: 8.073139033575778 ± 4412.8256627066885
esin3: -59.785268397513235 ± 34067.30133158409
mu_4: 0.00170936456751314 ± 0.0014239581680597214
P_4: 5391.889410124131 ± 1111.8101311597252
t04: 43.04925094396975 ± 1496.7315182065067
ecos4: 0.049755392780115405 ± 0.04828550385869468
esin4: 0.055110873243345855 ± 0.04844806072822829
Retrieved Earth masses:
[1.452633400874579, 0.892271354676832, 0.003611789467896426, 569.078600585557]
 ± [0.21580845662333906, 0.11374152089415844, 2.057829240506048, 474.0616115324798]
Retrieved eccentricity:
[0.05221205851427109, 0.026427856269454857, 11.417142712206488, 0.07036475127083958]
 ± [0.04433710570439257, 0.033573894611830975, 6240.67790058784, 0.06828601442298443]
