Global Fit Results.
chi^2: 10.270911364423611
per 4 range=[657.45 - 730.5, length=100]
mu_1: 2.7285327703787316e-6 ± 5.112905619475411e-7
P_1: 224.70089404268148 ± 3.6501297392012236e-5
t01: 3503.7687044505906 ± 0.0014773565847004757
ecos1: -0.0446087400741921 ± 0.021683181123956105
esin1: 0.004507284036156005 ± 0.018812501189254403
mu_2: 2.8392957464885467e-6 ± 2.2497341118569868e-7
P_2: 365.2564660144671 ± 2.4904716738316908e-5
t02: 3624.4073698983716 ± 0.0003067006258203816
ecos2: -0.024120942469753444 ± 0.016279430533106817
esin2: 0.0062617967747752275 ± 0.015160207979985912
mu_3: 7.340482150061648e-7 ± 4.2950480148930057e-7
P_3: 671.4889747757468 ± 1.5174090265569198
t03: 689.3555995311148 ± 54.40654859843848
ecos3: -0.34433632119896257 ± 0.14525217864683085
esin3: -0.04784821057235827 ± 0.1820733680898556
mu_4: 0.0006734246796054912 ± 0.0005712544563116853
P_4: 4151.105670914306 ± 104.00856456791553
t04: 1719.7594985969624 ± 342.14806988050583
ecos4: -0.005909554769114256 ± 0.11201298719542364
esin4: 0.10856338946896021 ± 0.09130683342530094
Retrieved Earth masses:
[0.908378259459286, 0.9452532717528708, 0.2443780214572765, 224.19534226523274]
 ± [0.1702179412253864, 0.07489774647240799, 0.14298997184193693, 190.18101390101384]
Retrieved eccentricity:
[0.06308628521329865, 0.0341121639779465, 0.48696509545723116, 0.008357372502067984]
 ± [0.030664648820891014, 0.023022591447630324, 0.20541760100658785, 0.15841028565369195]
