Global Fit Results.
chi^2: 1.4388067362515224
per 4 range=[657.45 - 1314.9, length=100]
mu_1: 4.384119786347102e-6 ± 5.819765538065521e-7
P_1: 224.70077207738265 ± 2.5796639325986796e-5
t01: 3503.768969586513 ± 0.00039759397690718905
ecos1: -0.03491527469229441 ± 0.023481388791386414
esin1: -0.023856829882667692 ± 0.021403342530711657
mu_2: 2.686208421741595e-6 ± 3.2978745159832365e-7
P_2: 365.2563155060906 ± 9.447809010848508e-5
t02: 3624.4088059994397 ± 0.0009506587491658414
ecos2: -0.01725411593698868 ± 0.016765527521439467
esin2: -0.016200500147236122 ± 0.015018889997345432
mu_3: 6.910513896616925e-8 ± 6.366374471598057e-6
P_3: 877.0263669785072 ± 7.790305738186919
t03: -2206.4811790670688 ± 246160.93119738353
ecos3: 2.2364543539610064 ± 176.99089437260278
esin3: -9.551842523113011 ± 882.3196673706094
mu_4: 0.001786529791825844 ± 0.0014001078514642637
P_4: 5447.77901272061 ± 1095.2909762117185
t04: -32.64361633519827 ± 1522.8608632410217
ecos4: 0.05161521889225357 ± 0.04350515270119324
esin4: 0.05451043065969182 ± 0.04792442961275
Retrieved Earth masses:
[1.459553333577965, 0.8942877128603484, 0.023006359511330947, 594.7683093231325]
 ± [0.19375059545996579, 0.10979224971258711, 2.119482025049514, 466.12140670454676]
Retrieved eccentricity:
[0.04937765500382485, 0.02440100476484716, 3.1628240790000137, 0.072994942582281]
 ± [0.033207698492134244, 0.023710036401159075, 250.30292323827877, 0.06152557698313997]
