Global Fit Results.
chi^2: 62.497310573979796
per 4 range=[657.45 - 730.5, length=300]
mu_1: 2.8364565282183386e-6 ± 3.174939474348044e-7
P_1: 224.70087534513152 ± 2.0034187534951068e-5
t01: 3503.772428270929 ± 0.002898845691009813
ecos1: -0.05045736670352756 ± 0.03084970195356897
esin1: 0.0115008395195955 ± 0.01660690018740722
mu_2: 2.6829151180171064e-6 ± 1.8103753247903954e-7
P_2: 365.2564850084389 ± 1.2487666342602832e-5
t02: 3624.4083210380645 ± 0.00015552265658034847
ecos2: -0.030129453890459006 ± 0.024686889641252527
esin2: 0.012774366500020014 ± 0.013119294276741841
mu_3: 5.19537776136872e-7 ± 2.2767002603035675e-7
P_3: 672.6823049859042 ± 0.8109530307333443
t03: 84.1061713397119 ± 41.138545496580086
ecos3: -0.3683570551734482 ± 0.12270278356546716
esin3: 0.2375293884652349 ± 0.1468620857223764
mu_4: 0.0001396092930445043 ± 0.00024241829562303015
P_4: 4119.011836377829 ± 54.95062073924402
t04: 2316.971844542002 ± 1158.8211845519502
ecos4: -0.2950204066893082 ± 0.8045527220538592
esin4: 0.6056135519436796 ± 0.9525569884926628
Retrieved Earth masses:
[0.9443080442743828, 0.8931913120629679, 0.17296358905194795, 46.47847663654974]
 ± [0.10569951825048225, 0.060270692159320294, 0.07579549867301014, 80.7054662600109]
Retrieved eccentricity:
[0.05175147499646499, 0.03272565402271021, 0.43830027433338803, 0.673650365294167]
