Global Fit Results.
chi^2: 5.283386015296927
per 4 range=[657.45 - 712.2375, length=100]
mu_1: 2.624350779661682e-6 ± 7.740438820262251e-7
P_1: 224.70088341008756 ± 5.5977324929314056e-5
t01: 3503.7704176675416 ± 0.00494883750308367
ecos1: -0.03755856397661915 ± 0.043029956014710075
esin1: 0.006718810910431501 ± 0.03778119031305876
mu_2: 2.8484980574877525e-6 ± 4.214007940179373e-7
P_2: 365.2564600758275 ± 2.945763403251531e-5
t02: 3624.4074506227034 ± 0.0005112737778517832
ecos2: -0.01664680026342038 ± 0.03309878756060479
esin2: 0.007951110134073253 ± 0.030075365249098155
mu_3: 1.1480858053034715e-6 ± 8.000811814631352e-7
P_3: 672.5033161880697 ± 1.4975368070219703
t03: 697.4819098021355 ± 55.26554225829791
ecos3: -0.24514034357833944 ± 0.12892983249310663
esin3: 0.010297964313735053 ± 0.1696123006928645
mu_4: 0.0004286822116598062 ± 0.0008154154494281565
P_4: 4067.74432765459 ± 179.1991162202561
t04: 2019.8434581458005 ± 585.7126787224028
ecos4: 0.004980939190716247 ± 0.2817379172076116
esin4: 0.15367354377571502 ± 0.2651821923336199
Retrieved Earth masses:
[0.8736941770755435, 0.9483168887045195, 0.38221867695828404, 142.7161167042318]
 ± [0.25769330752897446, 0.1402920001402959, 0.2663615987807001, 271.46665589981063]
Retrieved eccentricity:
[0.05311583055899237, 0.02354213070264511, 0.34668079857328793, 0.007044111756866585]
 ± [0.06085354738432072, 0.04680875426631319, 0.18233431770624275, 0.3984375835497525]
