Global Fit Results.
chi^2: 477.96603951181135
per 4 range=[657.45 - 730.5, length=100]
mu_1: 2.7119188898136773e-6 ± 9.77938207032913e-8
P_1: 224.70087431790358 ± 5.691371928614094e-6
t01: 3503.7694757460013 ± 0.0003542885432148331
ecos1: -0.06353819854413395 ± 0.008792255675372177
esin1: -0.0010573847812882903 ± 0.0053478011739610115
mu_2: 2.6562762266953673e-6 ± 5.336448729391175e-8
P_2: 365.2564675371285 ± 3.933522855003919e-6
t02: 3624.4073692366173 ± 5.056834593334923e-5
ecos2: -0.03746131325419338 ± 0.006988107319858056
esin2: 0.0020397935004540448 ± 0.004217555441619239
mu_3: 7.512125791389397e-7 ± 6.484796075542618e-8
P_3: 672.073518646934 ± 0.1978822221176132
t03: 694.2898266296221 ± 7.070169264302775
ecos3: -0.3177980050561036 ± 0.021029121246404183
esin3: -0.013776101459181797 ± 0.022629262026946022
mu_4: 0.0002521950187821608 ± 6.975004371479046e-5
P_4: 4137.146485608135 ± 20.286997364772162
t04: 1471.162282114513 ± 118.20218187543993
ecos4: -0.24616119672473147 ± 0.09335632220148467
esin4: 0.10350953136738424 ± 0.04121684106512678
Retrieved Earth masses:
[0.9028471959974923, 0.8843227399147918, 0.25009235092581766, 83.9603154826111]
 ± [0.0325573442257022, 0.017766009853805855, 0.021589067340511237, 23.22106004908122]
Retrieved eccentricity:
[0.08985658210986867, 0.05297829726838726, 0.4494342488454552, 0.34812450293810676]
 ± [0.01243412721996315, 0.009882676147061963, 0.029739668471453, 0.1320257769906121]
