Global Fit Results.
chi^2: 681.3697750746946
per 4 range=[657.45 - 712.2375, length=100]
mu_1: 2.5729238039314584e-6 ± 7.224529622335998e-8
P_1: 224.7008776891435 ± 4.641586601043677e-6
t01: 3503.771060758268 ± 0.0005652159858557782
ecos1: -0.05056449031716488 ± 0.006905931153184316
esin1: 0.004753745619465519 ± 0.004482859441115381
mu_2: 2.766010535369609e-6 ± 4.6061043753276394e-8
P_2: 365.2564637849342 ± 2.921566806163827e-6
t02: 3624.4074154293053 ± 4.548548271167007e-5
ecos2: -0.026962658503710622 ± 0.0054223745435597265
esin2: 0.0059560185256442 ± 0.003547515266834404
mu_3: 1.0510748162436477e-6 ± 7.086183251692628e-8
P_3: 672.6752089967617 ± 0.14636155382860946
t03: 30.01760011308345 ± 5.119913580526992
ecos3: -0.26040500730833277 ± 0.014866357474262161
esin3: 0.03153991612108078 ± 0.016634379022325153
mu_4: 0.00022626413201828603 ± 7.800075058611163e-5
P_4: 4085.5649301657418 ± 17.8228723898977
t04: 2060.207842559337 ± 90.60237254703144
ecos4: -0.09471419085752512 ± 0.08601965881949207
esin4: 0.25248460740773765 ± 0.07330079446598302
Retrieved Earth masses:
[0.8565732001130454, 0.9208552900819059, 0.34992195164596357, 75.32745094804483]
 ± [0.024051775060186322, 0.015334560466969047, 0.0235911947925354, 25.9678706530965]
Retrieved eccentricity:
[0.07150898798101762, 0.03813095733358182, 0.3682682930453091, 0.13394609325990584]
 ± [0.009766461497648126, 0.007668395619768786, 0.02102420436318818, 0.12165016813323211]
