Global Fit Results.
chi^2: 11.54774667604366
per 4 range=[657.45 - 712.2375, length=100]
mu_1: 2.5479645245679653e-6 ± 5.333453922563907e-7
P_1: 224.70088812599425 ± 3.819203950221436e-5
t01: 3503.7696999247187 ± 0.0027184483607691316
ecos1: -0.0366520622224675 ± 0.0301518967918932
esin1: 0.009257888615246469 ± 0.025648916667638286
mu_2: 2.8416170550778412e-6 ± 2.8947128344294884e-7
P_2: 365.2564560050998 ± 2.1910704611238596e-5
t02: 3624.40749434479 ± 0.0003541505280964449
ecos2: -0.015749748429882856 ± 0.023376955384999263
esin2: 0.009891908956773526 ± 0.020307688221819387
mu_3: 1.241942273593447e-6 ± 5.724612329017176e-7
P_3: 672.266537533494 ± 1.012941941060265
t03: 699.8634771255623 ± 36.499122570738955
ecos3: -0.2325764390383304 ± 0.08235594544932265
esin3: 0.008328894254693736 ± 0.11081370287862306
mu_4: 0.00046272118267166775 ± 0.000543839346179584
P_4: 4068.2652892300707 ± 120.09949277924487
t04: 2064.040580667273 ± 363.2011746915574
ecos4: 0.023042628321960072 ± 0.1529173384911029
esin4: 0.14346292854463547 ± 0.15595064422836136
Retrieved Earth masses:
[0.8482638013798863, 0.9460260776648622, 0.41346520484675414, 154.0483101736355]
 ± [0.17756039596374082, 0.09637026297501754, 0.1905827718092605, 181.0540243720495]
Retrieved eccentricity:
[0.0518338434839561, 0.022273507833504694, 0.3289127543764462, 0.032587197485638326]
 ± [0.04264122137436918, 0.03306000735245671, 0.11646889499649087, 0.21625777401611504]
