Global Fit Results.
chi^2: 32.05045862371697
per 4 range=[657.45 - 1314.9, length=300]
mu_1: 2.7024001752192596e-6 ± 2.7371333771693373e-7
P_1: 224.70089055032315 ± 2.253443809742084e-5
t01: 3503.7691055944374 ± 0.00042593837324719595
ecos1: -0.08148693848382033 ± 0.01818132928570642
esin1: -0.00502202999631633 ± 0.01701595157724331
mu_2: 2.638398456923484e-6 ± 1.3682183121664673e-7
P_2: 365.2564047933216 ± 4.93776561840097e-5
t02: 3624.409264208335 ± 0.0003837615329704878
ecos2: -0.05105950022706655 ± 0.01413117060140035
esin2: -0.0042582134770716455 ± 0.013437443607544492
mu_3: 7.486775171162463e-7 ± 2.158122201604507e-7
P_3: 669.1885456694446 ± 1.674458925987926
t03: 85.32627776752243 ± 27.210638727587614
ecos3: -0.3268714245030848 ± 0.0761676762997069
esin3: 0.08984694494381532 ± 0.07940447248382142
mu_4: 0.0011917866385068939 ± 0.00041102864046484253
P_4: 5609.639110887986 ± 464.27209690444346
t04: -99.95348716949289 ± 612.9198393359975
ecos4: 0.044374325954946725 ± 0.02713722691029349
esin4: 0.06403158224531223 ± 0.04024075730432428
Retrieved Earth masses:
[0.8996782425257088, 0.878370904714314, 0.24924838260233073, 396.76748034199244]
 ± [0.0911241558119855, 0.045550479820463494, 0.07184781910908969, 136.8389212937857]
Retrieved eccentricity:
[0.08164154535988291, 0.051236753853597355, 0.3389946926906273, 0.07790458477390173]
