Global Fit Results.
chi^2: 4.660829912067159
per 4 range=[657.45 - 712.2375, length=100]
mu_1: 2.697942692046117e-6 ± 1.031410431895875e-6
P_1: 224.70087436538444 ± 6.154634704907018e-5
t01: 3503.771705390326 ± 0.00992863624251074
ecos1: -0.04622338241622606 ± 0.07180955476366536
esin1: 0.0042367360795506305 ± 0.05142718291118619
mu_2: 2.7791637451105303e-6 ± 5.160324105111761e-7
P_2: 365.2564607228212 ± 3.7220391624199174e-5
t02: 3624.4074409338486 ± 0.0005574189519414487
ecos2: -0.0235553540054407 ± 0.05622806836216694
esin2: 0.005546127331737175 ± 0.04076716544673081
mu_3: 1.0232023062198213e-6 ± 8.292400725789879e-7
P_3: 672.8769963278085 ± 2.153245721480684
t03: 697.4066527431287 ± 65.73490867234223
ecos3: -0.2567012981022018 ± 0.1657061132466581
esin3: 0.02307632154844983 ± 0.20339591328509868
mu_4: 0.00026885928360487264 ± 0.0009685350346780513
P_4: 4073.428782951314 ± 224.73728057700922
t04: 1969.033827064442 ± 1009.0552694441043
ecos4: -0.08509523321129782 ± 0.852226938534973
esin4: 0.20668217078791554 ± 0.6128584870024738
Retrieved Earth masses:
[0.8981942651843532, 0.9252342331902573, 0.34064268536150893, 89.50815278152778]
 ± [0.34337531991000364, 0.17179658898494998, 0.2760691247621105, 322.44295490138757]
Retrieved eccentricity:
[0.06536973431178494, 0.033312301100993646, 0.3630304572549127, 0.1203428329007188]
 ± [0.10155404625474905, 0.07951849686381803, 0.23434383272155587, 1.2052308946958608]
