Global Fit Results.
chi^2: 753.24322463908
per 4 range=[657.45 - 712.2375, length=100]
mu_1: 2.636614819113213e-6 ± 6.491406259833147e-8
P_1: 224.70088290151196 ± 4.690122392309079e-6
t01: 3503.7703685820534 ± 0.0004030841858323482
ecos1: -0.038798378149751 ± 0.004124904139195612
esin1: 0.006700643486560939 ± 0.003346957643741286
mu_2: 2.827576867598272e-6 ± 3.6752963191729716e-8
P_2: 365.2564594843456 ± 2.5649742545017467e-6
t02: 3624.4074557676145 ± 4.312472670003115e-5
ecos2: -0.017565378352426587 ± 0.0032017549239785285
esin2: 0.007856260747947371 ± 0.002664414278608775
mu_3: 1.1505080445263255e-6 ± 6.861917316008256e-8
P_3: 672.4728972731433 ± 0.12715922478146927
t03: 698.9550159830065 ± 4.767234535478868
ecos3: -0.24353386094073085 ± 0.011134856626101947
esin3: 0.013817386884478191 ± 0.014518422065869927
mu_4: 0.0003962350342652584 ± 6.951225327216734e-5
P_4: 4064.030752170871 ± 15.404894586953306
t04: 2024.0208434478827 ± 53.04651145044657
ecos4: -0.003676206318744354 ± 0.02798255252702082
esin4: 0.16037637478464445 ± 0.024912133764114393
Retrieved Earth masses:
[0.8777770991983281, 0.9413518435110232, 0.3830250845166381, 131.9138603245385]
 ± [0.02161107384805889, 0.012235730901425306, 0.02284457264262184, 23.14189527938118]
Retrieved eccentricity:
[0.054869192577457815, 0.024841196294216453, 0.3444088890394649, 0.005198940834049934]
 ± [0.005833495377139352, 0.004527965236885273, 0.015747065255713295, 0.03957330529353037]
