Global Fit Results.
chi^2: 6.287662377415548
per 4 range=[657.45 - 712.2375, length=100]
mu_1: 2.624150616387294e-6 ± 7.095350700474541e-7
P_1: 224.70088345433996 ± 5.1317909475497026e-5
t01: 3503.770407988862 ± 0.004521437907910165
ecos1: -0.03752773616330956 ± 0.03938752117322294
esin1: 0.006731042098491255 ± 0.034608142280209184
mu_2: 2.8486669129137514e-6 ± 3.8615102045301397e-7
P_2: 365.25646007690216 ± 2.700229778733592e-5
t02: 3624.4074506240204 ± 0.00046865738333594115
ecos2: -0.01662449718880782 ± 0.03029633674358
esin2: 0.00795969521719989 ± 0.027549157787105188
mu_3: 1.1485979654423238e-6 ± 7.334001512366705e-7
P_3: 672.5004509937484 ± 1.3721399371294143
t03: 25.00377290112872 ± 51.130492689854
ecos3: -0.2450876736471846 ± 0.11810133811785255
esin3: 0.010243844347831163 ± 0.15547131013330034
mu_4: 0.0004293175354124506 ± 0.0007473045768199497
P_4: 4067.733118082859 ± 164.209239004517
t04: 2019.8758102919887 ± 536.2406983016676
ecos4: 0.005177831334561518 ± 0.25737788379588067
esin4: 0.1534759690318751 ± 0.24245684069763312
Retrieved Earth masses:
[0.8736275390755275, 0.9483731037515346, 0.38238918439750036, 142.92762755390365]
 ± [0.23621714899380372, 0.12855670844622016, 0.24416226922393602, 248.79130576959832]
Retrieved eccentricity:
[0.053072233447311636, 0.023510589392045412, 0.34660631204231945, 0.007322559297017282]
 ± [0.05570236663142932, 0.042845490312993166, 0.16702051410067764, 0.3639872939190209]
