Global Fit Results.
chi^2: 1.3274181958152487
per 4 range=[657.45 - 803.5500000000001, length=100]
mu_1: 2.5908781861587318e-6 ± 8.358859110555294e-7
P_1: 224.70087538903917 ± 6.396770660396514e-5
t01: 3503.7684948924893 ± 0.001582066617487856
ecos1: -0.07502636582257936 ± 0.08130407851890596
esin1: 0.018972157180880588 ± 0.05152706545980209
mu_2: 2.594780911988938e-6 ± 5.733475328400141e-7
P_2: 365.25632819239405 ± 0.00012461664615890947
t02: 3624.408709267025 ± 0.0011708750140149743
ecos2: -0.04796790651503858 ± 0.06461666485990684
esin2: 0.016320230705945352 ± 0.039858565928696
mu_3: 7.039748011977668e-7 ± 8.811291822945008e-7
P_3: 669.4374207694254 ± 4.256152357692412
t03: 77.24860145718758 ± 77.79311318110949
ecos3: -0.38885927567067513 ± 0.4218661004340824
esin3: 0.08847310054740637 ± 0.28552353711790207
mu_4: 0.0012213273078058625 ± 0.001534404041084399
P_4: 5780.9571522437045 ± 1104.7910136800363
t04: 141.48031066868876 ± 1462.7832636058458
ecos4: 0.07994391333749393 ± 0.08650710158992092
esin4: 0.11497959385585753 ± 0.16505713124473104
Retrieved Earth masses:
[0.8625505409954177, 0.8638498295124096, 0.23436603421349506, 406.6021072346483]
 ± [0.27828164544484, 0.19087783720266494, 0.29334395454607787, 510.8310544329923]
Retrieved eccentricity:
[0.10610330408185699, 0.0678368639522123, 0.5499300615080469, 0.11305776647106328]
 ± [0.11498133051768383, 0.09138176380019725, 0.5966087607393296, 0.1223395163100533]
