Global Fit Results.
chi^2: 5.777387642647096
per 4 range=[657.45 - 730.5, length=100]
mu_1: 2.728536791728548e-6 ± 6.817244211107622e-7
P_1: 224.70089404272375 ± 4.866836975681051e-5
t01: 3503.7687044538798 ± 0.001969811597310309
ecos1: -0.04460879098972671 ± 0.028910474964687963
esin1: 0.004506632171152685 ± 0.025082682580963942
mu_2: 2.839295162491986e-6 ± 2.9996373316337395e-7
P_2: 365.2564660143958 ± 3.320634631085989e-5
t02: 3624.407369899662 ± 0.00040893417849052093
ecos2: -0.02412097244537424 ± 0.021705486348228234
esin2: 0.0062612777510672925 ± 0.020213104167847547
mu_3: 7.340403649622075e-7 ± 5.72667920677623e-7
P_3: 671.4889898371796 ± 2.023173777340835
t03: 689.3521710461414 ± 72.54360058749259
ecos3: -0.34433756481479216 ± 0.19366976664073113
esin3: -0.04785895460725604 ± 0.24276999734492236
mu_4: 0.0006734332854585336 ± 0.0007616630601448548
P_4: 4151.1081845013405 ± 138.67750384147666
t04: 1719.747141433765 ± 456.2042370710129
ecos4: -0.0059117919598962974 ± 0.1493478567208085
esin4: 0.10856098822082781 ± 0.12173819022208235
Retrieved Earth masses:
[0.9083795982398886, 0.9452530773297781, 0.2443754080346546, 224.1982073104661]
 ± [0.22695847739205535, 0.09986339060682563, 0.1906515819346754, 253.57150640810562]
Retrieved eccentricity:
[0.06308635721873823, 0.03411220636987597, 0.4869668541956037, 0.008360536367613565]
 ± [0.04088558578970954, 0.030696193171568433, 0.2738904106049544, 0.21120976448592116]
