Global Fit Results.
chi^2: 24.493766434909244
per 4 range=[657.45 - 1314.9, length=300]
mu_1: 8.187405741155781e-6 ± 8.643265878951346e-7
P_1: 224.7007736440216 ± 9.695311492080643e-6
t01: 3503.769722599694 ± 0.00015593685400456183
ecos1: 0.1067398956227386 ± 0.016930980954265967
esin1: -0.012519502892994552 ± 0.007627258524445602
mu_2: 3.5646725191822034e-6 ± 1.8145199206458605e-7
P_2: 365.25631984277805 ± 2.9469584803840118e-5
t02: 3624.4098901024795 ± 0.0003040203031815827
ecos2: 0.09649629262543113 ± 0.01305996993639439
esin2: -0.0077002369505082945 ± 0.005904493590411707
mu_3: 2.2504422881090696e-6 ± 6.329737091848803e-7
P_3: 878.4015638059292 ± 1.3423483244686847
t03: 348.8024871808338 ± 25.685108751219033
ecos3: 0.5995096480011606 ± 0.09372816862466744
esin3: -0.18747690076835166 ± 0.11511649143386676
mu_4: 0.0004447466468554496 ± 8.012252550419241e-5
P_4: 5255.256886092594 ± 359.0201845185524
t04: 4501.469763865773 ± 198.89462472067345
ecos4: -0.2045139303262452 ± 0.062160856524357176
esin4: -0.05362267232855982 ± 0.03389347895844376
Retrieved Earth masses:
[2.7257365047537, 1.1867444121140684, 0.7492132294978224, 148.0642597944061]
 ± [0.28775006481142096, 0.06040867330472641, 0.21072847739814402, 26.674248171436908]
Retrieved eccentricity:
[0.10747159285244091, 0.09680303786321381, 0.6281396392269651, 0.21142691097668806]
