Global Fit Results.
chi^2: 10.646402735542104
per 4 range=[657.45 - 712.2375, length=100]
mu_1: 2.5729238039314584e-6 ± 5.779623697868798e-7
P_1: 224.7008776891435 ± 3.7132692808349416e-5
t01: 3503.771060758268 ± 0.0045217278868462255
ecos1: -0.05056449031716488 ± 0.055247449225474525
esin1: 0.004753745619465519 ± 0.03586287552892305
mu_2: 2.766010535369609e-6 ± 3.6848835002621115e-7
P_2: 365.2564637849342 ± 2.3372534449310616e-5
t02: 3624.4074154293053 ± 0.00036388386169336056
ecos2: -0.026962658503710622 ± 0.04337899634847781
esin2: 0.0059560185256442 ± 0.028380122134675233
mu_3: 1.0510748162436477e-6 ± 5.668946601354102e-7
P_3: 672.6752089967617 ± 1.1708924306288757
t03: 30.01760011308345 ± 40.95930864421594
ecos3: -0.26040500730833277 ± 0.11893085979409729
esin3: 0.03153991612108078 ± 0.13307503217860123
mu_4: 0.00022626413201828603 ± 0.000624006004688893
P_4: 4085.5649301657418 ± 142.5829791191816
t04: 2060.207842559337 ± 724.8189803762515
ecos4: -0.09471419085752512 ± 0.6881572705559366
esin4: 0.25248460740773765 ± 0.5864063557278641
Retrieved Earth masses:
[0.8565732001130454, 0.9208552900819059, 0.34992195164596357, 75.32745094804483]
 ± [0.19241420048149058, 0.12267648373575238, 0.1887295583402832, 207.742965224772]
Retrieved eccentricity:
[0.07150898798101762, 0.03813095733358182, 0.3682682930453091, 0.13394609325990584]
 ± [0.07813169198118501, 0.06134716495815029, 0.16819363490550543, 0.9732013450658569]
