Global Fit Results.
chi^2: 827.4168638658894
per 4 range=[657.45 - 712.2375, length=300]
mu_1: 2.5184323984197877e-6 ± 6.280977606945546e-8
P_1: 224.7008921995804 ± 4.63762480579909e-6
t01: 3503.7711518362667 ± 0.0004255461162073153
ecos1: -0.03447826641079308 ± 0.0030608630391176323
esin1: 0.008548950448299624 ± 0.0026800423556348277
mu_2: 2.8499018755279067e-6 ± 3.382982021868789e-8
P_2: 365.2564618402701 ± 2.441586953528639e-6
t02: 3624.4086211507197 ± 4.249141170724911e-5
ecos2: -0.014450657817459972 ± 0.002352206090409269
esin2: 0.009449719870486133 ± 0.002126601477505157
mu_3: 1.2615585042232467e-6 ± 6.775770511663512e-8
P_3: 672.5633783691729 ± 0.11815816219333163
t03: 699.2217684202917 ± 4.220093609457421
ecos3: -0.2345876408561978 ± 0.009560927259119403
esin3: 0.015435298462831142 ± 0.012620194208539015
mu_4: 0.0005468269028777308 ± 6.446791547538787e-5
P_4: 4075.9554073921004 ± 14.020717948670805
t04: 2081.6551020051515 ± 37.07589189061942
ecos4: 0.051535382530834756 ± 0.011857301594876182
esin4: 0.1329678895885834 ± 0.015634046334218766
Retrieved Earth masses:
[0.8384320186577422, 0.9487842453006199, 0.41999580533288133, 182.04863641518136]
 ± [0.02091051853303561, 0.01126256336067636, 0.022557774239325416, 21.46254334426508]
Retrieved eccentricity:
[0.035522322678297726, 0.017266114704471803, 0.23509489505540762, 0.14260559355874222]
