Global Fit Results.
chi^2: 3.055808342166945
per 4 range=[657.45 - 730.5, length=100]
mu_1: 2.7285260425749194e-6 ± 9.37378603548069e-7
P_1: 224.70089404197762 ± 6.69206119159105e-5
t01: 3503.768704552097 ± 0.0027086432499803218
ecos1: -0.044609958073942885 ± 0.03975821945213212
esin1: 0.00450777476630482 ± 0.034492454414788806
mu_2: 2.839289859992636e-6 ± 4.124655658761076e-7
P_2: 365.2564660144363 ± 4.5658840063534844e-5
t02: 3624.4073698990746 ± 0.0005622845660434888
ecos2: -0.024121763568899054 ± 0.029850070057109993
esin2: 0.0062621719144040685 ± 0.02779602918905834
mu_3: 7.34039921960487e-7 ± 7.874464588160829e-7
P_3: 671.4890364676355 ± 2.7819104079004027
t03: 689.3578900172099 ± 99.74897339733837
ecos3: -0.34434152038037374 ± 0.26630563304609706
esin3: -0.04783785246404952 ± 0.3338126600804262
mu_4: 0.0006733548279596807 ± 0.0010473388476407665
P_4: 4151.101952990272 ± 190.6873862574979
t04: 1719.7549958343877 ± 627.3462776480216
ecos4: -0.005923961069003114 ± 0.20540958490348166
esin4: 0.10857200677198287 ± 0.16742488019968643
Retrieved Earth masses:
[0.90837601965085, 0.9452513120311594, 0.2443752605513126, 224.17208737999533]
 ± [0.31207041146409986, 0.13731729993677946, 0.2621552694701355, 348.6781796474295]
Retrieved eccentricity:
[0.06308800772506518, 0.03411332518749428, 0.48697244821009605, 0.008377746086754422]
 ± [0.05622661316501105, 0.04221437391255198, 0.3766130379901431, 0.2904930208119315]
