Global Fit Results.
chi^2: 27.094531120150194
per 4 range=[657.45 - 803.5500000000001, length=100]
mu_1: 4.251092850154894e-6 ± 3.606270316329745e-7
P_1: 224.70083282104963 ± 1.6331002083976495e-5
t01: 3503.7629376489976 ± 0.013119826084495183
ecos1: -0.022944955403523454 ± 0.011142645674840163
esin1: 0.006168235272965127 ± 0.011774334524105349
mu_2: 2.8700251069860402e-6 ± 1.3001675196394805e-7
P_2: 365.25651377872657 ± 1.649067971753543e-5
t02: 3624.4069167380007 ± 0.00017257836124291972
ecos2: -0.0032060188439848613 ± 0.008963241453407607
esin2: 0.005355002356552151 ± 0.009278330676168001
mu_3: 1.3831016184999416e-9 ± 2.896101680840416e-7
P_3: 675.0045338997858 ± 2.250814023468362
t03: 17240.596097362402 ± 3.4557864175809873e6
ecos3: 18.723089125489466 ± 3990.0178619579115
esin3: 76.90704325172234 ± 16083.673746435692
mu_4: 0.00046684218958339594 ± 0.00014792026620668046
P_4: 3698.286570523443 ± 64.68583536519567
t04: 1391.4044242478928 ± 196.16739576565087
ecos4: -0.09101878017395915 ± 0.06766989885361661
esin4: -0.022564387458628408 ± 0.04609705037094424
Retrieved Earth masses:
[1.4152662434351164, 0.955483635597515, 0.00046045972198234135, 155.42026843865418]
 ± [0.1200593076487991, 0.04328494498278188, 0.09641650020181981, 49.2453509865406]
Retrieved eccentricity:
[0.0324490671197087, 0.004533995330387103, 26.478446570787415, 0.1287199933526684]
 ± [0.015758080634076865, 0.01267593762623377, 5642.737374491779, 0.09569968872320017]
