Global Fit Results.
chi^2: 120.49907189118466
per 4 range=[657.45 - 730.5, length=300]
mu_1: 2.8555961220938643e-6 ± 2.527497476631221e-7
P_1: 224.70087428581556 ± 1.631741238744355e-5
t01: 3503.7778542106494 ± 0.007824519946518033
ecos1: -0.041716676164735636 ± 0.012861641506633707
esin1: 0.00868329298782853 ± 0.010948480736869874
mu_2: 2.7991138671081805e-6 ± 1.1533804318544346e-7
P_2: 365.2564604180699 ± 1.0005082093921769e-5
t02: 3624.4086145752112 ± 0.00014316154288192523
ecos2: -0.020396811781153067 ± 0.010003872565692486
esin2: 0.008455986606773333 ± 0.008727495120271362
mu_3: 9.441717947100611e-7 ± 2.001469483856257e-7
P_3: 673.3938036363 ± 0.5154503318465585
t03: 2.267678627970102 ± 19.921111526600885
ecos3: -0.2926174315497572 ± 0.044691506978204246
esin3: -0.01219693121605686 ± 0.06234579022001113
mu_4: 0.0004423788510503476 ± 0.0002469992452606392
P_4: 4116.321598228432 ± 55.593185486710745
t04: 1609.573907310205 ± 248.66220821647767
ecos4: -0.07558205295371768 ± 0.1115011899328931
esin4: 0.11771106615901453 ± 0.06130658929360034
Retrieved Earth masses:
[0.9506799637030778, 0.9318759921945703, 0.31433198853984373, 147.27597744150805]
 ± [0.08414499483146476, 0.03839813545786753, 0.06663256479246403, 82.23054783632794]
Retrieved eccentricity:
[0.042610804349905135, 0.022080163956132992, 0.2928715185501418, 0.13988760425781294]
