Global Fit Results.
chi^2: 8.411972533529628
per 4 range=[657.45 - 712.2375, length=100]
mu_1: 2.572936798331339e-6 ± 6.501774205304105e-7
P_1: 224.70087769133406 ± 4.177735090951383e-5
t01: 3503.7710604501126 ± 0.005086715828645336
ecos1: -0.05055995524861076 ± 0.06214065506732649
esin1: 0.0047518083823505025 ± 0.040343968716522044
mu_2: 2.7660335096699588e-6 ± 4.145156577630352e-7
P_2: 365.25646378405105 ± 2.6294410881961737e-5
t02: 3624.407415441343 ± 0.0004093716921617746
ecos2: -0.026959176822263085 ± 0.048790983710264454
esin2: 0.0059544733801764945 ± 0.0319261901077947
mu_3: 1.0511052540346174e-6 ± 6.377585135904285e-7
P_3: 672.6751750180476 ± 1.3172884450914788
t03: 702.6867958236277 ± 45.724157187284966
ecos3: -0.26039992721751787 ± 0.13377357792180414
esin3: 0.0315186661762355 ± 0.14971539079841079
mu_4: 0.00022636233732709779 ± 0.0007021502703311412
P_4: 4085.5748964899813 ± 160.39891130892104
t04: 2060.0672593325303 ± 815.0414195918688
ecos4: -0.09464014903985364 ± 0.7737359661708282
esin4: 0.2523775477485108 ± 0.6592598171187132
Retrieved Earth masses:
[0.8565775261854586, 0.920862938644969, 0.3499320849410015, 75.3601452841571]
 ± [0.21645590627052055, 0.13799981286834317, 0.21232142593992082, 233.75861465418186]
Retrieved eccentricity:
[0.07150257442556208, 0.038126033492458855, 0.36826110871198064, 0.13384138231717208]
 ± [0.08788015717096151, 0.06900087088458075, 0.18918440818418944, 1.0942278970546355]
