Global Fit Results.
chi^2: 7.532432245184491
per 4 range=[657.45 - 712.2375, length=100]
mu_1: 2.6366075045598075e-6 ± 6.491394259235586e-7
P_1: 224.70088290308476 ± 4.6901426807676296e-5
t01: 3503.7703684898333 ± 0.004030692764520106
ecos1: -0.03879638291883641 ± 0.04124613463990667
esin1: 0.006700903021630185 ± 0.03346838626918751
mu_2: 2.8275870688853344e-6 ± 3.675230698720106e-7
P_2: 365.2564594843954 ± 2.5649350959085904e-5
t02: 3624.4074557683 ± 0.00043124144324707973
ecos2: -0.017563853811540752 ± 0.032015239583370485
esin2: 0.007856467484342208 ± 0.026643216567407042
mu_3: 1.1505401227002569e-6 ± 6.861905846974881e-7
P_3: 672.472875924229 ± 1.2716007254305806
t03: 26.48253297137021 ± 48.15103862022605
ecos3: -0.24352901754161269 ± 0.11134478123751552
esin3: 0.013817204920337141 ± 0.14518529937193528
mu_4: 0.00039626414861027715 ± 0.0006951451214861233
P_4: 4064.027431543186 ± 154.0560580721498
t04: 2024.040913564326 ± 530.4190013082441
ecos4: -0.003659299349180033 ± 0.27976598590907686
esin4: 0.16036826135540325 ± 0.24910004638386046
Retrieved Earth masses:
[0.8777746640502647, 0.9413552397053025, 0.3830357639250435, 131.92355302031274]
 ± [0.21611033895883702, 0.12235512438984956, 0.22844534460120655, 231.42647300495133]
Retrieved eccentricity:
[0.05486637089483833, 0.02483904026781931, 0.34440203943874403, 0.005175030768393442]
 ± [0.058330843003222735, 0.045276386021426494, 0.15746529972555978, 0.3956488515632967]
