Global Fit Results.
chi^2: 9.299299074600858
per 4 range=[657.45 - 712.2375, length=100]
mu_1: 2.6366167250230955e-6 ± 5.842287215714804e-7
P_1: 224.70088290138807 ± 4.221075806242365e-5
t01: 3503.770368563672 ± 0.003627715041789588
ecos1: -0.03879743636870964 ± 0.03712571794331936
esin1: 0.006701465864666312 ± 0.030123770156051798
mu_2: 2.8275829311877566e-6 ± 3.3078689463928475e-7
P_2: 365.25645948466575 ± 2.3084738684123304e-5
t02: 3624.407455762892 ± 0.00038812220834709
ecos2: -0.017564612882887864 ± 0.02881703576299182
esin2: 0.007856914971819255 ± 0.023980509730263513
mu_3: 1.1505264975903582e-6 ± 6.17578047135212e-7
P_3: 672.4728682200245 ± 1.14444599623256
t03: 26.485669744961424 ± 43.33216699923503
ecos3: -0.24352975663463516 ± 0.10021196767613753
esin3: 0.013826931316660239 ± 0.13065898506976692
mu_4: 0.0003962158968353769 ± 0.0006255963146194805
P_4: 4064.020978122174 ± 138.64473533870145
t04: 2024.0612635575635 ± 477.40965438405084
ecos4: -0.003670460096429294 ± 0.2518487949076958
esin4: 0.16038566802822748 ± 0.22423341578895106
Retrieved Earth masses:
[0.877777733710444, 0.9413538621904107, 0.38303122787777694, 131.9074891255428]
 ± [0.19450038313212625, 0.11012498250576916, 0.2056029810699618, 208.27240836814585]
Retrieved eccentricity:
[0.05486786069793633, 0.024840113756813206, 0.3444030846741203, 0.005190814448519566]
 ± [0.05250369382828041, 0.040753442803413545, 0.1417211237996879, 0.3561679814257835]
