Global Fit Results.
chi^2: 6.813697751727207
per 4 range=[657.45 - 712.2375, length=100]
mu_1: 2.5729444499416132e-6 ± 7.224520387373043e-7
P_1: 224.70087769048354 ± 4.6418953994462036e-5
t01: 3503.7710605560533 ± 0.005651930427490259
ecos1: -0.050560790418447896 ± 0.0690476482298206
esin1: 0.004751679069858675 ± 0.044827069541539664
mu_2: 2.7660283578882006e-6 ± 4.605788815760975e-7
P_2: 365.2564637842105 ± 2.9216055588800926e-5
t02: 3624.407415439445 ± 0.00045486526142218657
ecos2: -0.02695987604682079 ± 0.05421441504668641
esin2: 0.005954370204957727 ± 0.03547395127599978
mu_3: 1.0510870736130915e-6 ± 7.085852590640856e-7
P_3: 672.6752033558564 ± 1.4635887807782504
t03: 30.010535655243842 ± 51.19944257141813
ecos3: -0.26040324764610356 ± 0.14863916197844287
esin3: 0.0315170426466998 ± 0.16634754997900375
mu_4: 0.00022633624368913506 ± 0.0007801395089029517
P_4: 4085.5748744098846 ± 178.22410696581173
t04: 2060.035094018721 ± 905.683632800998
ecos4: -0.09469074426222804 ± 0.8599452047667139
esin4: 0.25239157378612115 ± 0.7325776557868628
Retrieved Earth masses:
[0.8565800735458928, 0.9208612235229819, 0.34992603234751934, 75.35145823678393]
 ± [0.24051744315312498, 0.15333509911692475, 0.23590093961664177, 259.72265274802623]
Retrieved eccentricity:
[0.07150375553407265, 0.038127022345311505, 0.3682658045071194, 0.1339129347668452]
 ± [0.09764812057657891, 0.0766707610351479, 0.2102075187696852, 1.2161461714787951]
