Global Fit Results.
chi^2: 827.416863781537
per 4 range=[657.45 - 712.2375, length=200]
mu_1: 2.518426356851196e-6 ± 6.280943608192836e-8
P_1: 224.70089220023232 ± 4.637624616301851e-6
t01: 3503.771151875112 ± 0.00042555216843361796
ecos1: -0.03447796155985229 ± 0.0030607841130059757
esin1: 0.008549314874436208 ± 0.0026801755174270577
mu_2: 2.8499030784096103e-6 ± 3.382971981552917e-8
P_2: 365.25646184018547 ± 2.441586397207265e-6
t02: 3624.408621152369 ± 4.2491372044178794e-5
ecos2: -0.014450423314470343 ± 0.002352142016601673
esin2: 0.00945003279485624 ± 0.0021266886960825027
mu_3: 1.2615635349506477e-6 ± 6.775795089751018e-8
P_3: 672.5633974544841 ± 0.11815454530294901
t03: 26.6583132546337 ± 4.26379724477101
ecos3: -0.23458745005808998 ± 0.009560891047802696
esin3: 0.015435745016290353 ± 0.012620766919695346
mu_4: 0.0005468400212400604 ± 6.446828120196364e-5
P_4: 4075.9563890446284 ± 14.021069929252793
t04: 2081.659160767656 ± 37.07533216547999
ecos4: 0.05153890567807431 ± 0.011856594700768644
esin4: 0.1329662062088546 ± 0.015633722798688486
Retrieved Earth masses:
[0.8384300073095109, 0.9487846457618496, 0.4199974801536678, 182.0530037569517]
 ± [0.020910405344994967, 0.01126252993463598, 0.022557856064255623, 21.46266510130386]
Retrieved eccentricity:
[0.03552211449428241, 0.017266089707610306, 0.2350947339881623, 0.14260529720900653]
