Global Fit Results.
chi^2: 4.556645096386761
per 4 range=[657.45 - 730.5, length=100]
mu_1: 2.7925296903077223e-6 ± 1.038660777542965e-6
P_1: 224.70087042733672 ± 6.31272593472403e-5
t01: 3503.7697234443426 ± 0.004381934213493874
ecos1: -0.05592899594587039 ± 0.07715978035507791
esin1: -0.0019212295844828196 ± 0.05300059602959323
mu_2: 2.73651442886953e-6 ± 5.178285578428262e-7
P_2: 365.25647602666595 ± 3.978777117278234e-5
t02: 3624.407307241779 ± 0.0005362459273060027
ecos2: -0.03100997123538794 ± 0.06090701798055331
esin2: 0.0008294676965473011 ± 0.04175183100822607
mu_3: 8.598686145033762e-7 ± 7.254658710184353e-7
P_3: 672.2707539060352 ± 2.1239797332680515
t03: 20.187132582099796 ± 73.29263277855596
ecos3: -0.275777053491421 ± 0.16752988721624923
esin3: -0.014132730385195575 ± 0.21430942358711083
mu_4: 0.0003273587877583131 ± 0.0008935965031886255
P_4: 4163.257575125098 ± 231.9124902644125
t04: 1434.9735472798309 ± 1289.5975003569492
ecos4: -0.15133958011183013 ± 0.675774824906923
esin4: 0.07974879774747383 ± 0.3355330974685655
Retrieved Earth masses:
[0.9296839998069757, 0.9110354989567113, 0.2862659242673588, 108.98370328215728]
 ± [0.3457890920409015, 0.17239455914846405, 0.24152080281644173, 297.49455276387147]
Retrieved eccentricity:
[0.07909554459655975, 0.043854721889885186, 0.3900076492388581, 0.2140264867179997]
 ± [0.10912040784788028, 0.08613553087180045, 0.23692303860405467, 0.9556899224936741]
