Global Fit Results.
chi^2: 5.802791361941446
per 4 range=[657.45 - 730.5, length=100]
mu_1: 5.224591760838904e-6 ± 7.082369815010735e-7
P_1: 224.70072635241095 ± 4.098978026804858e-5
t01: 3503.769317306289 ± 0.0007327909787713221
ecos1: -0.019214828966002188 ± 0.009398001573147467
esin1: -4.344678371877906e-5 ± 0.01045222954819625
mu_2: 2.946690883423262e-6 ± 3.4417674781849345e-7
P_2: 365.25645950756103 ± 3.499644518731404e-5
t02: 3624.4075066427345 ± 0.0005040135472592451
ecos2: 0.0010812378261933746 ± 0.007454291821195631
esin2: 0.0033484759298980688 ± 0.007861522187429231
mu_3: 5.673224611299988e-7 ± 5.207854277264715e-7
P_3: 680.2144411923144 ± 3.6281846008078498
t03: 384.07460980591276 ± 130.9642807501379
ecos3: -0.19060877358725076 ± 0.16127967296879928
esin3: 0.21435331574984265 ± 0.33083196144427807
mu_4: 0.0019727668073244342 ± 0.000961935451325852
P_4: 4349.836014686523 ± 136.2606929070116
t04: 92.55280528120056 ± 280.5169628835285
ecos4: 0.06334509888287693 ± 0.026342014625994187
esin4: -0.03964205330514526 ± 0.021824204845949487
Retrieved Earth masses:
[1.7393617630758447, 0.981007069039904, 0.1888719810837731, 656.7700040881982]
 ± [0.23578499167204228, 0.11458270852518462, 0.17337895499208825, 320.24583339208823]
Retrieved eccentricity:
[0.027173871722399687, 0.0015291011979534739, 0.2695615127143926, 0.08958349795002934]
 ± [0.01329078128394883, 0.0105419605914217, 0.22808390084757338, 0.03725323434431141]
