Global Fit Results.
chi^2: 0.6390632858822177
per 4 range=[657.45 - 1314.9, length=100]
mu_1: 4.38398737134538e-6 ± 8.796507665860666e-7
P_1: 224.70077208359615 ± 3.873245552021991e-5
t01: 3503.768969456759 ± 0.000596178610224898
ecos1: -0.035017880599645904 ± 0.03513270705767087
esin1: -0.023821630004178976 ± 0.031649530045227005
mu_2: 2.6860733892948767e-6 ± 4.95084997716165e-7
P_2: 365.25631555608174 ± 0.00014189322919850567
t02: 3624.4088053466385 ± 0.0014258085123184418
ecos2: -0.017322026068597743 ± 0.025114748694114578
esin2: -0.016182634149912414 ± 0.022272408635701374
mu_3: 3.228661714606484e-8 ± 9.728314866366094e-6
P_3: 877.0203309850637 ± 11.701430440689542
t03: -5257.558449760469 ± 1.7246147424823658e6
ecos3: 4.350502889770401 ± 1212.8781563840619
esin3: -20.484518932588532 ± 6178.687164013632
mu_4: 0.0017821134058976216 ± 0.0021070066956298005
P_4: 5445.791174783549 ± 1629.5559732013905
t04: -28.66102809175728 ± 2257.886092595674
ecos4: 0.05158691524915243 ± 0.06518209814925206
esin4: 0.05472725087732708 ± 0.07218774782746783
Retrieved Earth masses:
[1.4595092502119535, 0.8942427580992209, 0.01074880294836987, 593.2980140031966]
 ± [0.2928517630274111, 0.1648228137085526, 3.238733220182259, 701.4609080834292]
Retrieved eccentricity:
[0.049522761669580924, 0.024497044193991232, 6.152540189856643, 0.0729549151863428]
 ± [0.0496851508038391, 0.03551761821880881, 1715.268738264416, 0.09218140722660648]
