Global Fit Results.
chi^2: 8.719669296549618
per 4 range=[657.45 - 803.5500000000001, length=100]
mu_1: 2.807345354017392e-6 ± 5.142000810248534e-7
P_1: 224.70089677675344 ± 3.794765031582898e-5
t01: 3503.768500078558 ± 0.0013287684116192855
ecos1: -0.043807709133876556 ± 0.019527901909596575
esin1: 0.0067293399690417635 ± 0.018941441282486263
mu_2: 2.784448832705046e-6 ± 2.2477955843381104e-7
P_2: 365.25646136032015 ± 2.662543342411067e-5
t02: 3624.4074071337195 ± 0.00031876995005764247
ecos2: -0.023809037138166015 ± 0.014506081797653779
esin2: 0.007868795734587547 ± 0.015250291909686365
mu_3: 6.869701620324319e-7 ± 4.675189650863549e-7
P_3: 671.3271835305866 ± 1.656958132611018
t03: 693.0053185470304 ± 58.29372686664253
ecos3: -0.36352928834055337 ± 0.17802779732028623
esin3: -0.042526447645677375 ± 0.19942539921307587
mu_4: 0.0007992006437087017 ± 0.0005712052287130676
P_4: 4185.000578959078 ± 138.0908396559262
t04: 1674.6699970920267 ± 299.6977875647912
ecos4: 0.016776946899711237 ± 0.07794060488994367
esin4: 0.09869172334592798 ± 0.07242124550270952
Retrieved Earth masses:
[0.9346164041231078, 0.9269937351182953, 0.2287048800960035, 266.06845172326183]
 ± [0.17118657312308783, 0.07483320936027844, 0.155645579331049, 190.16462513675376]
Retrieved eccentricity:
[0.061953456393623936, 0.03367106322783908, 0.5141080498910501, 0.02372618584078488]
 ± [0.02761662372524294, 0.020514697615135462, 0.25176932544975733, 0.1102246604949211]
