Global Fit Results.
chi^2: 72.56401336642178
per 4 range=[657.45 - 1314.9, length=300]
mu_1: 2.5281749392764678e-6 ± 7.84438558314039e-8
P_1: 224.70087928281407 ± 6.571007989374691e-6
t01: 3503.7689762715554 ± 0.0001219130888880678
ecos1: -0.09213239570078836 ± 0.009342255825538624
esin1: 0.014153647601452988 ± 0.005301017518318532
mu_2: 2.553146892071987e-6 ± 5.273476126667909e-8
P_2: 365.2563772721356 ± 1.0797232734291794e-5
t02: 3624.409417751935 ± 9.590142401897277e-5
ecos2: -0.06171592258009408 ± 0.007265241824261739
esin2: 0.013143945738202358 ± 0.004163644069585211
mu_3: 4.839308324942312e-7 ± 7.353398913190677e-8
P_3: 669.2170806135309 ± 0.6399061080200886
t03: 67.27477208346495 ± 12.524066829201557
ecos3: -0.4919995860057709 ± 0.05763930459802043
esin3: 0.04515176996010569 ± 0.041316874011251226
mu_4: 0.0009589639114141428 ± 0.00011854621104132496
P_4: 5241.750474297622 ± 89.22741519702338
t04: 636.5342209097792 ± 106.70333452827082
ecos4: 0.029803986382535695 ± 0.013829154852902486
esin4: 0.12754547187206955 ± 0.01582590169656923
Retrieved Earth masses:
[0.8416754879692263, 0.8499891059187533, 0.16110938893315024, 319.25655362890706]
 ± [0.026115388460412413, 0.017556362588886106, 0.024480804402971446, 39.46619297383951]
Retrieved eccentricity:
[0.09321321836516944, 0.06310006663610566, 0.4940670753656635, 0.13098139180570367]
