Global Fit Results.
chi^2: 0.9221976860188945
per 4 range=[657.45 - 1314.9, length=100]
mu_1: 4.384421662386744e-6 ± 7.279140647883249e-7
P_1: 224.7007720558217 ± 3.2270276131443375e-5
t01: 3503.7689699864986 ± 0.000496921508420501
ecos1: -0.034675984440615086 ± 0.029422783265796084
esin1: -0.023936824923844524 ± 0.027049272138273513
mu_2: 2.6864306913517536e-6 ± 4.121937112868628e-7
P_2: 365.2563153664626 ± 0.00011873494464941512
t02: 3624.408807774173 ± 0.0011949955523067133
ecos2: -0.01709774149591749 ± 0.020875520073786763
esin2: -0.016238614451762667 ± 0.018892316191722252
mu_3: 1.525863565769961e-7 ± 7.957786079594165e-6
P_3: 877.0415101307769 ± 9.77967979982002
t03: -743.7819808967281 ± 62954.332834003406
ecos3: 1.2121568416032562 ± 48.017536442670576
esin3: -4.305199644482413 ± 226.13328200458827
mu_4: 0.0017971251995537178 ± 0.001762902238611844
P_4: 5452.899407441851 ± 1395.2538632307335
t04: -42.48008197203025 ± 1957.2317820820006
ecos4: 0.05168766051786172 ± 0.054093757698148975
esin4: 0.054007607153433106 ± 0.060742754121685144
Retrieved Earth masses:
[1.459653833610231, 0.894361710462209, 0.05079877746361338, 598.2957135509993]
 ± [0.24233585111626577, 0.13722679459219095, 2.64929193689974, 586.9022664825196]
Retrieved eccentricity:
[0.04903924748455628, 0.024179857909475768, 1.7142486451186605, 0.0730973905116964]
 ± [0.041610099137252964, 0.029522443609941034, 67.90705126896907, 0.0765001257764463]
