Global Fit Results.
chi^2: 550.3323908268216
per 4 range=[657.45 - 730.5, length=200]
mu_1: 2.9424585364981487e-6 ± 9.398524887877912e-8
P_1: 224.7008680469334 ± 5.4724713406963106e-6
t01: 3503.7699560874566 ± 0.0003432513770176524
ecos1: -0.04626456916576295 ± 0.004410269229123652
esin1: -0.008679668427980047 ± 0.004682387976501779
mu_2: 2.7711151258858725e-6 ± 4.0779636789542335e-8
P_2: 365.256465252718 ± 3.916253943076838e-6
t02: 3624.4085723038465 ± 5.032183854971651e-5
ecos2: -0.023192687228468154 ± 0.0035738331851695717
esin2: -0.005235550324813392 ± 0.0036532246045350688
mu_3: 7.059742565402501e-7 ± 5.987912817818272e-8
P_3: 672.0041127378933 ± 0.21447250407223645
t03: 675.2727417831437 ± 7.775958191478177
ecos3: -0.29004662308004575 ± 0.019251127448809354
esin3: -0.07779733067744245 ± 0.023405608334533843
mu_4: 0.00044773005410668525 ± 8.306995487833064e-5
P_4: 4140.493468445902 ± 20.02880323050438
t04: 1108.5480494640371 ± 107.70635843418111
ecos4: -0.10442343393769524 ± 0.034284800323705775
esin4: -0.015568663245108774 ± 0.024834640022500135
Retrieved Earth masses:
[0.979598043656372, 0.922554701244841, 0.2350316893170691, 149.05749041107902]
 ± [0.03128940129222011, 0.013576283887960987, 0.01993485246830557, 27.655501097487424]
Retrieved eccentricity:
[0.04707172191574616, 0.023776284993270152, 0.30029896473460155, 0.1055776341399058]
