Global Fit Results.
chi^2: 1.693408195009387
per 4 range=[657.45 - 803.5500000000001, length=100]
mu_1: 4.251092850154894e-6 ± 1.442508126531898e-6
P_1: 224.70083282104963 ± 6.532400833590598e-5
t01: 3503.7629376489976 ± 0.05247930433798073
ecos1: -0.022944955403523454 ± 0.04457058269936065
esin1: 0.006168235272965127 ± 0.047097338096421394
mu_2: 2.8700251069860402e-6 ± 5.200670078557922e-7
P_2: 365.25651377872657 ± 6.596271887014172e-5
t02: 3624.4069167380007 ± 0.0006903134449716789
ecos2: -0.0032060188439848613 ± 0.03585296581363043
esin2: 0.005355002356552151 ± 0.037113322704672005
mu_3: 1.3831016184999416e-9 ± 1.1584406723361664e-6
P_3: 675.0045338997858 ± 9.003256093873448
t03: 17240.596097362402 ± 1.382314567032395e7
ecos3: 18.723089125489466 ± 15960.071447831646
esin3: 76.90704325172234 ± 64334.69498574277
mu_4: 0.00046684218958339594 ± 0.0005916810648267218
P_4: 3698.286570523443 ± 258.7433414607827
t04: 1391.4044242478928 ± 784.6695830626035
ecos4: -0.09101878017395915 ± 0.27067959541446646
esin4: -0.022564387458628408 ± 0.18438820148377696
Retrieved Earth masses:
[1.4152662434351164, 0.955483635597515, 0.00046045972198234135, 155.42026843865418]
 ± [0.4802372305951964, 0.17313977993112753, 0.38566600080727925, 196.9814039461624]
Retrieved eccentricity:
[0.0324490671197087, 0.004533995330387103, 26.478446570787415, 0.1287199933526684]
 ± [0.06303232253630746, 0.05070375050493508, 22570.949497967114, 0.3827987548928007]
