Global Fit Results.
chi^2: 6.26159149952351
per 4 range=[657.45 - 803.5500000000001, length=100]
mu_1: 2.571879913828721e-6 ± 4.138138939075406e-7
P_1: 224.700873375204 ± 2.9792645313508486e-5
t01: 3503.7687721152433 ± 0.0009376410907773694
ecos1: -0.07240203844605578 ± 0.041775085027126235
esin1: 0.02380012252353872 ± 0.024548668664892134
mu_2: 2.6003640807210807e-6 ± 2.8203603302743345e-7
P_2: 365.25632307833285 ± 5.361469880442874e-5
t02: 3624.4087672188903 ± 0.0005506685129251721
ecos2: -0.04589076989672326 ± 0.03331521215265514
esin2: 0.01997863182099954 ± 0.018864224619418783
mu_3: 7.688391387022092e-7 ± 4.4303475048973655e-7
P_3: 670.3906684041199 ± 1.6304164953464484
t03: 71.39802544618126 ± 33.03349255094689
ecos3: -0.36172186688055097 ± 0.18757853376524922
esin3: 0.09932483169190287 ± 0.10505632025371428
mu_4: 0.0012710736526330463 ± 0.0007884488674083272
P_4: 6074.443815337663 ± 526.4381785451293
t04: -132.13081833512177 ± 734.8626495753389
ecos4: 0.08863199662127945 ± 0.03596163406626525
esin4: 0.11282399372923622 ± 0.0804865421131805
Retrieved Earth masses:
[0.8562256700833951, 0.865708568080709, 0.25596055367205617, 423.1635715568475]
 ± [0.13776618289822665, 0.0938949326786721, 0.14749433831208308, 262.48898954935726]
Retrieved eccentricity:
[0.10239194471387032, 0.064899349175689, 0.5115519699493905, 0.12534457168201973]
 ± [0.05907889181465114, 0.04711482485962186, 0.265276106460875, 0.05085743062161063]
