Global Fit Results.
chi^2: 3.875408578342686
per 4 range=[657.45 - 803.5500000000001, length=100]
mu_1: 2.8073449202023055e-6 ± 7.713098738793501e-7
P_1: 224.70089677643915 ± 5.6921307306283264e-5
t01: 3503.7685000771608 ± 0.0019931599021317395
ecos1: -0.04380850076070544 ± 0.029292833754676117
esin1: 0.006729128709126781 ± 0.028413853447550097
mu_2: 2.784445156676676e-6 ± 3.371715967739784e-7
P_2: 365.256461360433 ± 3.9938229009722965e-5
t02: 3624.407407132299 ± 0.0004781552097990853
ecos2: -0.023809619125669132 ± 0.021759796010847862
esin2: 0.007868616374364385 ± 0.022876816477297928
mu_3: 6.869480218548302e-7 ± 7.012634418413742e-7
P_3: 671.3271743773066 ± 2.4854582423013736
t03: 693.0039461667707 ± 87.44775415776284
ecos3: -0.36353859406711364 ± 0.26704975758688093
esin3: -0.042531368724452186 ± 0.29916642675664823
mu_4: 0.0007991817611873966 ± 0.0008568452106661673
P_4: 4184.994450200302 ± 207.1331522784135
t04: 1674.6705733891504 ± 449.55125768449807
ecos4: 0.01677194656600091 ± 0.116917987572451
esin4: 0.0986936602846279 ± 0.10864302574518558
Retrieved Earth masses:
[0.9346162596981636, 0.926992511301492, 0.22869750922759677, 266.0621653879744]
 ± [0.2567831064169457, 0.11225056614370144, 0.23346337329636538, 285.25937805867784]
Retrieved eccentricity:
[0.06195457592302169, 0.03367188628245912, 0.5141212101757593, 0.023719114301035345]
 ± [0.04142632277620336, 0.03077299863301302, 0.3776653890078143, 0.1653470037103292]
