Global Fit Results.
chi^2: 2.3598545033688643
per 4 range=[657.45 - 803.5500000000001, length=100]
mu_1: 2.5908123699541556e-6 ± 6.269150462396662e-7
P_1: 224.70087539675316 ± 4.797283871922736e-5
t01: 3503.768494973385 ± 0.00118685005477979
ecos1: -0.07502447212042015 ± 0.060982583990338124
esin1: 0.01897332649632396 ± 0.03864886995105786
mu_2: 2.5947800792366152e-6 ± 4.300235156300629e-7
P_2: 365.256328197675 ± 9.347012246356922e-5
t02: 3624.4087092560726 ± 0.0008781872013042607
ecos2: -0.04796670209249137 ± 0.04846638266390252
esin2: 0.016320736493610054 ± 0.029896912371113284
mu_3: 7.040713691659852e-7 ± 6.608538552115168e-7
P_3: 669.4380720365962 ± 3.193042868572262
t03: 77.23490149390665 ± 58.35201388950958
ecos3: -0.3888316351960012 ± 0.3163519608697019
esin3: 0.0884475650989336 ± 0.21412503935210536
mu_4: 0.0012215185037485947 ± 0.0011510125570522011
P_4: 5781.35662378476 ± 829.3939113696473
t04: 141.02717761750918 ± 1098.303679207808
ecos4: 0.07994278675863223 ± 0.06488725308202206
esin4: 0.11495870265424035 ± 0.12378761857125843
Retrieved Earth masses:
[0.8625286295820728, 0.8638495522739928, 0.23439818344909966, 406.66575984661625]
 ± [0.20871143814519044, 0.14316266122777016, 0.2200102858470239, 383.19304592619324]
Retrieved eccentricity:
[0.10610062598258034, 0.06783516064151121, 0.5498909719738926, 0.11305617324795798]
 ± [0.08624239734769255, 0.0685418156824552, 0.4473892335452551, 0.09176443333373101]
