Global Fit Results.
chi^2: 90.94724924816494
per 4 range=[657.45 - 1314.9, length=100]
mu_1: 4.36330835207553e-6 ± 8.12288969257659e-8
P_1: 224.7007745538506 ± 3.920229216783031e-6
t01: 3503.76893941284 ± 5.661299400988569e-5
ecos1: -0.036924002089256086 ± 0.0038929361081502588
esin1: -0.023457095970150874 ± 0.003401641062286667
mu_2: 2.6801195296011736e-6 ± 4.28109651669873e-8
P_2: 365.25632566386713 ± 1.8041698333313863e-5
t02: 3624.4087168604906 ± 0.00016022445492211844
ecos2: -0.018690744186204308 ± 0.002951073114868613
esin2: -0.015953627093892947 ± 0.0025184763406531983
mu_3: 9.166945096903278e-9 ± 7.861551511435006e-7
P_3: 876.5927581283596 ± 1.5100088654932244
t03: -19278.72712693729 ± 1.6934839896376042e6
ecos3: 9.446851436885211 ± 783.1578599018183
esin3: -70.76549822455185 ± 6069.297564284276
mu_4: 0.0017097742155782307 ± 0.00017826453756268919
P_4: 5392.389666587814 ± 142.36854745827608
t04: 42.50090027924419 ± 191.59751769112412
ecos4: 0.04976349948293289 ± 0.006024293398037925
esin4: 0.05510940542755843 ± 0.005993567382119736
Retrieved Earth masses:
[1.4526248280288678, 0.8922606097576856, 0.003051842998582717, 569.2149798881615]
 ± [0.02704257937022435, 0.01425255010544079, 0.26172536962477505, 59.34751164158946]
Retrieved eccentricity:
[0.05221842453171845, 0.02643270391897621, 13.359865423766825, 0.07037621587991019]
 ± [0.00550544304159803, 0.004173447622601807, 1107.5524669522397, 0.008519637427219931]
