Global Fit Results.
chi^2: 20.529327429765193
per 4 range=[657.45 - 712.2375, length=100]
mu_1: 2.5479630647142595e-6 ± 4.000019401160348e-7
P_1: 224.70088812615052 ± 2.8643718223391076e-5
t01: 3503.7696999289105 ± 0.0020388124871481114
ecos1: -0.03665115872847943 ± 0.022614401122572125
esin1: 0.009259244948560803 ± 0.019236432533402636
mu_2: 2.8416220148490028e-6 ± 2.1710452515983984e-7
P_2: 365.2564560051529 ± 1.643308434404773e-5
t02: 3624.407494343255 ± 0.0002656134245477685
ecos2: -0.01574903173903558 ± 0.017533155930321603
esin2: 0.009892986755812027 ± 0.015230617633329972
mu_3: 1.2419622340147752e-6 ± 4.293635652100302e-7
P_3: 672.2665213232412 ± 0.7597336092712014
t03: 27.600441912196022 ± 27.645231622963042
ecos3: -0.23257311867080105 ± 0.06176820653131356
esin3: 0.008338719308593923 ± 0.08310813538194828
mu_4: 0.0004627198921643061 ± 0.0004078493695715879
P_4: 4068.260825449822 ± 90.07684664682952
t04: 2064.0616483334875 ± 272.40088498680745
ecos4: 0.02305221060255714 ± 0.11467854964935265
esin4: 0.14346432642739032 ± 0.11695488102180948
Retrieved Earth masses:
[0.8482633153679966, 0.946027728863024, 0.41347185003459314, 154.04788054022825]
 ± [0.1331679318964186, 0.07227805098271042, 0.14294295171195026, 135.78048410303015]
Retrieved eccentricity:
[0.051832565750504656, 0.022272494279588446, 0.32890805866765416, 0.03260074887681716]
 ± [0.03198159277248685, 0.02479562690786307, 0.08735343540004603, 0.16217996022739087]
