Global Fit Results.
chi^2: 0.5139035584127715
per 4 range=[657.45 - 1314.9, length=100]
mu_1: 2.710392431807524e-6 ± 9.991408679430575e-7
P_1: 224.70087900364973 ± 8.982914697230115e-5
t01: 3503.7681639400157 ± 0.0016824400557132262
ecos1: -0.07502407052497834 ± 0.09091616993305715
esin1: 0.004620233818338236 ± 0.05707396257734331
mu_2: 2.5990326343715413e-6 ± 6.07162800566002e-7
P_2: 365.25640283539076 ± 0.0001433715588540165
t02: 3624.4081082711036 ± 0.0011994584263935954
ecos2: -0.0481806223539114 ± 0.0685980754251667
esin2: 0.005915479172083599 ± 0.04462006733607852
mu_3: 4.903506474333773e-7 ± 9.543032331064819e-7
P_3: 669.773149721085 ± 8.20506627507878
t03: 717.6417974153616 ± 157.19310506977013
ecos3: -0.46056886709534206 ± 0.6471924801832536
esin3: -0.0151777432750953 ± 0.5149273094694173
mu_4: 0.0012346413743397665 ± 0.002070661459290805
P_4: 5151.944219587614 ± 1117.6604859345036
t04: 640.6337298560966 ± 1285.0539337920693
ecos4: 0.038242755955862275 ± 0.14115278963668812
esin4: 0.09075373816070889 ± 0.14859643622985164
Retrieved Earth masses:
[0.9023390103228249, 0.8652653053386639, 0.16324666226326415, 411.0346024993887]
 ± [0.33263219428028956, 0.2021355557734479, 0.31770492892607277, 689.3609168780201]
Retrieved eccentricity:
[0.10610005804085994, 0.06813768957647781, 0.6513427382530442, 0.05408342413530488]
 ± [0.12857488055834643, 0.09701232861896328, 0.9152683829410379, 0.1996201894710008]
