Global Fit Results.
chi^2: 580.2791466285088
per 4 range=[657.45 - 730.5, length=100]
mu_1: 5.224601258862114e-6 ± 7.082424961139626e-8
P_1: 224.7007263526787 ± 4.099324220960745e-6
t01: 3503.7693174205065 ± 7.327273345893339e-5
ecos1: -0.01921608819754558 ± 0.0009397900219067321
esin1: -4.631852589056154e-5 ± 0.0010452735332561278
mu_2: 2.9466850296294407e-6 ± 3.441760808676348e-8
P_2: 365.2564595079208 ± 3.4997265421260335e-6
t02: 3624.407506611396 ± 5.040285975267422e-5
ecos2: 0.001080703556305319 ± 0.0007454347897325198
esin2: 0.00334635667580263 ± 0.0007861942279834849
mu_3: 5.672317779297844e-7 ± 5.208168163199646e-8
P_3: 680.2145946117796 ± 0.36284686156151835
t03: 384.07188764137203 ± 13.099571689635383
ecos3: -0.19063977420987427 ± 0.01613040599152496
esin3: 0.2143694321566334 ± 0.033094507203765805
mu_4: 0.0019726458488471595 ± 9.619880494652936e-5
P_4: 4349.791757032887 ± 13.626472203407573
t04: 92.66658564151803 ± 28.054805484362635
ecos4: 0.06334221975057519 ± 0.002634357011117904
esin4: -0.03964321695148321 ± 0.0021824912236476112
Retrieved Earth masses:
[1.7393649251407781, 0.981005120205314, 0.188841790994628, 656.7297348078558]
 ± [0.023578682758712166, 0.011458248648509528, 0.017338940482660502, 32.02633442707829]
Retrieved eccentricity:
[0.027175652544726522, 0.0015283456262318179, 0.26960535421534876, 0.08957942624208036]
 ± [0.0013290637947634086, 0.0010542039895044659, 0.02281183891979883, 0.00372554341325559]
