Global Fit Results.
chi^2: 41.083645457694445
per 4 range=[657.45 - 730.5, length=100]
mu_1: 2.7285327703787316e-6 ± 2.5564528097377054e-7
P_1: 224.70089404268148 ± 1.8250648696006118e-5
t01: 3503.7687044505906 ± 0.0007386782923502379
ecos1: -0.0446087400741921 ± 0.010841590561978053
esin1: 0.004507284036156005 ± 0.009406250594627201
mu_2: 2.8392957464885467e-6 ± 1.1248670559284934e-7
P_2: 365.2564660144671 ± 1.2452358369158454e-5
t02: 3624.4073698983716 ± 0.0001533503129101908
ecos2: -0.024120942469753444 ± 0.008139715266553408
esin2: 0.0062617967747752275 ± 0.007580103989992956
mu_3: 7.340482150061648e-7 ± 2.1475240074465029e-7
P_3: 671.4889747757468 ± 0.7587045132784599
t03: 689.3555995311148 ± 27.20327429921924
ecos3: -0.34433632119896257 ± 0.07262608932341542
esin3: -0.04784821057235827 ± 0.0910366840449278
mu_4: 0.0006734246796054912 ± 0.00028562722815584263
P_4: 4151.105670914306 ± 52.004282283957764
t04: 1719.7594985969624 ± 171.07403494025291
ecos4: -0.005909554769114256 ± 0.05600649359771182
esin4: 0.10856338946896021 ± 0.04565341671265047
Retrieved Earth masses:
[0.908378259459286, 0.9452532717528708, 0.2443780214572765, 224.19534226523274]
 ± [0.0851089706126932, 0.037448873236203994, 0.07149498592096847, 95.09050695050692]
Retrieved eccentricity:
[0.06308628521329865, 0.0341121639779465, 0.48696509545723116, 0.008357372502067984]
 ± [0.015332324410445507, 0.011511295723815162, 0.10270880050329392, 0.07920514282684597]
