Global Fit Results.
chi^2: 75.70775291396984
per 4 range=[657.45 - 712.2375, length=100]
mu_1: 2.572940437532066e-6 ± 2.167301278366523e-7
P_1: 224.70087769133556 ± 1.3926341354357783e-5
t01: 3503.7710602604575 ± 0.0016954370381238738
ecos1: -0.05056078524317851 ± 0.020713807627809305
esin1: 0.004751920457687941 ± 0.013447282523221955
mu_2: 2.7660308838278093e-6 ± 1.3817234121550884e-7
P_2: 365.2564637835681 ± 8.764542931101364e-6
t02: 3624.4074154472423 ± 0.0001364553377524605
ecos2: -0.026959903981264886 ± 0.016263907410027433
esin2: 0.005954540166481948 ± 0.010641544339297888
mu_3: 1.0510827865261148e-6 ± 2.1259127753027807e-7
P_3: 672.6751496457898 ± 0.4390800766986037
t03: 30.00953578177256 ± 15.358100688309003
ecos3: -0.2604050783797784 ± 0.04459205827301352
esin3: 0.03151132379605809 ± 0.04989660881961862
mu_4: 0.00022638289052987184 ± 0.00023404418257698365
P_4: 4085.589588826536 ± 53.466557832678966
t04: 2059.953630294757 ± 271.62740065012747
ecos4: -0.0946543793095101 ± 0.2579045543418188
esin4: 0.2523418723142253 ± 0.21968083405420807
Retrieved Earth masses:
[0.8565787377416685, 0.9208620644542879, 0.3499246050981755, 75.36698781973699]
 ± [0.07215340729417737, 0.046000089198612336, 0.07077550863806378, 77.91757149258717]
Retrieved eccentricity:
[0.0715037482151365, 0.0381270618505812, 0.36826839355551144, 0.13386150695751645]
 ± [0.029293747675635185, 0.023000638436441075, 0.06306269358382709, 0.36473211854798904]
