Global Fit Results.
chi^2: 4.795695340639789
per 4 range=[657.45 - 730.5, length=100]
mu_1: 5.224582899998145e-6 ± 7.790558546406347e-7
P_1: 224.70072635344943 ± 4.508828629441182e-5
t01: 3503.7693173250823 ± 0.0008060460645507386
ecos1: -0.019215009954864967 ± 0.010337972642276263
esin1: -4.398127863987327e-5 ± 0.011497562413462966
mu_2: 2.9466903912345837e-6 ± 3.785924415049418e-7
P_2: 365.2564595076492 ± 3.849627608875918e-5
t02: 3624.407506636461 ± 0.0005544150738912505
ecos2: 0.0010812305901175864 ± 0.008199880724833476
esin2: 0.0033481098837723866 ± 0.00864798354777259
mu_3: 5.673102279031488e-7 ± 5.728800581291603e-7
P_3: 680.21458327403 ± 3.990868426110773
t03: 384.0700866569101 ± 144.05909580862976
ecos3: -0.19061651437182867 ± 0.17739803592394965
esin3: 0.2143476599615697 ± 0.3639234605562587
mu_4: 0.001972715566923446 ± 0.001058151123255879
P_4: 4349.824681067203 ± 149.89095372087579
t04: 92.58374111302766 ± 308.5688607075828
ecos4: 0.06334428713664066 ± 0.02897707245019038
esin4: -0.03964238754810715 ± 0.02400691788452306
Retrieved Earth masses:
[1.7393588131405562, 0.9810069051813277, 0.1888679084197266, 656.7529452253658]
 ± [0.25936188450534814, 0.12604031983495845, 0.19072220635637396, 352.27778314520486]
Retrieved eccentricity:
[0.02717412767930407, 0.0015290909645969556, 0.26957245983692607, 0.0895823499674928]
 ± [0.014620101118149112, 0.011596382530901226, 0.2508787083419991, 0.04097976885692701]
