Global Fit Results.
chi^2: 225.4172909415231
per 4 range=[657.45 - 803.5500000000001, length=100]
mu_1: 2.571867204735062e-6 ± 6.896919214598762e-8
P_1: 224.70087337742552 ± 4.965508279534538e-6
t01: 3503.768772326422 ± 0.00015628249768389964
ecos1: -0.07240071603750328 ± 0.006962904050647325
esin1: 0.023798335988566996 ± 0.004091623422394497
mu_2: 2.600367239103686e-6 ± 4.7009544720582696e-8
P_2: 365.25632308199954 ± 8.935669707001191e-6
t02: 3624.4087671797506 ± 9.177735275856121e-5
ecos2: -0.045889687542145445 ± 0.005552815731487809
esin2: 0.019977379049488594 ± 0.0031442138009933774
mu_3: 7.688839183633052e-7 ± 7.383882959550678e-8
P_3: 670.3910625345495 ± 0.2717402209159923
t03: 741.7873331232298 ± 5.367534499030626
ecos3: -0.3617040192329444 ± 0.031260454128721075
esin3: 0.09933171341938704 ± 0.017509586801493598
mu_4: 0.0012711460248373164 ± 0.00013139302926768
P_4: 6074.583259894143 ± 87.76317281498574
t04: -132.32178748761405 ± 122.52466898141891
ecos4: 0.0886319103325358 ± 0.0059952282819973855
esin4: 0.1128132162864597 ± 0.013412700525699827
Retrieved Earth masses:
[0.8562214389946201, 0.8657096195638081, 0.25597546163689616, 423.18766558190805]
 ± [0.022961100338622357, 0.015650333715922022, 0.024582291345970227, 43.743132766073124]
Retrieved eccentricity:
[0.10239007454576039, 0.06489781849516575, 0.5115267295640887, 0.12534444965130817]
 ± [0.009847033341928007, 0.007852867316828738, 0.04420895819477936, 0.008478533145923454]
