Global Fit Results.
chi^2: 5.63115516582151
per 4 range=[657.45 - 712.2375, length=100]
mu_1: 2.572928464073664e-6 ± 7.946819596555829e-7
P_1: 224.70087769038102 ± 5.105932336951e-5
t01: 3503.7710604063136 ± 0.006216846931729268
ecos1: -0.05056331494297041 ± 0.07595363507922771
esin1: 0.004749592892767615 ± 0.049309987499818644
mu_2: 2.76601667944669e-6 ± 5.066369859506709e-7
P_2: 365.2564637839665 ± 3.213738499490029e-5
t02: 3624.407415442102 ± 0.0005003444719732022
ecos2: -0.02696184345670625 ± 0.05963675628107564
esin2: 0.005952734654407107 ± 0.039021447182471296
mu_3: 1.0510703760181346e-6 ± 7.794728331960171e-7
P_3: 672.6751877574266 ± 1.6100133211772603
t03: 702.6846559262976 ± 55.883618722096934
ecos3: -0.2604073234164582 ± 0.16351050748052173
esin3: 0.03151150676772614 ± 0.18297651898476563
mu_4: 0.00022635250769891175 ± 0.0008581453073451224
P_4: 4085.579394435666 ± 196.0433076077828
t04: 2060.0373240078793 ± 996.14901326351
ecos4: -0.09466665898363769 ± 0.9457981831003054
esin4: 0.2523786379810195 ± 0.8057423643757186
Retrieved Earth masses:
[0.8565747515592701, 0.9208573355570806, 0.3499204734140116, 75.35687282188736]
 ± [0.2645640994941887, 0.1686686810111828, 0.2595007042616957, 285.69220392435153]
Retrieved eccentricity:
[0.07150732575089093, 0.03812980468305427, 0.36827156851683207, 0.1338788730392092]
 ± [0.1074146608405807, 0.08433910954863603, 0.23123877726946127, 1.3375606178082837]
