Global Fit Results.
chi^2: 760.8075860731474
per 4 range=[657.45 - 712.2375, length=100]
mu_1: 2.6243538283056544e-6 ± 6.450379868687176e-8
P_1: 224.70088341015688 ± 4.664806723979812e-6
t01: 3503.770417647338 ± 0.0004124070855317621
ecos1: -0.03755866168286687 ± 0.0035858076915693538
esin1: 0.006718778793159497 ± 0.003148445468629975
mu_2: 2.8484965659036885e-6 ± 3.5116679429127474e-8
P_2: 365.256460075782 ± 2.4548084328543173e-6
t02: 3624.4074506233655 ± 4.26062170885607e-5
ecos2: -0.016646887891884777 ± 0.0027582132554721745
esin2: 0.00795107938190585 ± 0.0025062926857385872
mu_3: 1.1480723647973773e-6 ± 6.66728581416927e-8
P_3: 672.5033160943698 ± 0.12479572763358046
t03: 697.4807485051086 ± 4.605617958973162
ecos3: -0.2451430256434879 ± 0.010744278245341948
esin3: 0.01029464635581413 ± 0.014134925652009632
mu_4: 0.0004286873643415172 ± 6.795305125288424e-5
P_4: 4067.749644218792 ± 14.933129919497084
t04: 2019.820579380581 ± 48.81001504299729
ecos4: 0.004975890655265134 ± 0.023478794576517855
esin4: 0.1536714234426133 ± 0.022098437007717266
Retrieved Earth masses:
[0.873695192024653, 0.9483163921290153, 0.38221420236898657, 142.71783212582946]
 ± [0.02147448951898045, 0.0116909822319608, 0.02219660892088906, 22.62280852631089]
Retrieved eccentricity:
[0.05311596873649302, 0.02354225462800791, 0.346684591586196, 0.0070369720495615]
 ± [0.00507109786947914, 0.0039007025938059955, 0.015194704012472783, 0.03320402971828342]
