Global Fit Results.
chi^2: 6.773632780037548
per 4 range=[657.45 - 803.5500000000001, length=100]
mu_1: 4.251092850154894e-6 ± 7.21254063265949e-7
P_1: 224.70083282104963 ± 3.266200416795299e-5
t01: 3503.7629376489976 ± 0.026239652168990366
ecos1: -0.022944955403523454 ± 0.022285291349680325
esin1: 0.006168235272965127 ± 0.023548669048210697
mu_2: 2.8700251069860402e-6 ± 2.600335039278961e-7
P_2: 365.25651377872657 ± 3.298135943507086e-5
t02: 3624.4069167380007 ± 0.00034515672248583944
ecos2: -0.0032060188439848613 ± 0.017926482906815214
esin2: 0.005355002356552151 ± 0.018556661352336003
mu_3: 1.3831016184999416e-9 ± 5.792203361680832e-7
P_3: 675.0045338997858 ± 4.501628046936724
t03: 17240.596097362402 ± 6.911572835161975e6
ecos3: 18.723089125489466 ± 7980.035723915823
esin3: 76.90704325172234 ± 32167.347492871384
mu_4: 0.00046684218958339594 ± 0.0002958405324133609
P_4: 3698.286570523443 ± 129.37167073039134
t04: 1391.4044242478928 ± 392.33479153130173
ecos4: -0.09101878017395915 ± 0.13533979770723323
esin4: -0.022564387458628408 ± 0.09219410074188848
Retrieved Earth masses:
[1.4152662434351164, 0.955483635597515, 0.00046045972198234135, 155.42026843865418]
 ± [0.2401186152975982, 0.08656988996556376, 0.19283300040363963, 98.4907019730812]
Retrieved eccentricity:
[0.0324490671197087, 0.004533995330387103, 26.478446570787415, 0.1287199933526684]
 ± [0.03151616126815373, 0.02535187525246754, 11285.474748983557, 0.19139937744640034]
