Global Fit Results.
chi^2: 6.107899065722941
per 4 range=[657.45 - 712.2375, length=100]
mu_1: 2.5479525028296796e-6 ± 7.333514739980068e-7
P_1: 224.70088812748307 ± 5.251410189423293e-5
t01: 3503.7696998238434 ± 0.003737756966365958
ecos1: -0.03665075693714853 ± 0.04145664997227046
esin1: 0.00925832405809821 ± 0.035266251212621266
mu_2: 2.8416238614584105e-6 ± 3.980181627520348e-7
P_2: 365.2564560049747 ± 3.0127105934212833e-5
t02: 3624.407494347257 ± 0.0004869560902170343
ecos2: -0.015748749749300066 ± 0.032141632139389094
esin2: 0.009892256480465036 ± 0.027922190068388517
mu_3: 1.2419682985402617e-6 ± 7.871297336588266e-7
P_3: 672.2665143958716 ± 1.3927754057215571
t03: 699.8639971756754 ± 50.186094243402074
ecos3: -0.23257320564321943 ± 0.11323489696598699
esin3: 0.00832901071272941 ± 0.15236726713860158
mu_4: 0.0004627476257897951 ± 0.0007477654818357728
P_4: 4068.2644341352593 ± 165.13431609292775
t04: 2064.0514423923714 ± 499.3687237244931
ecos4: 0.023052733747526095 ± 0.21022491996509013
esin4: 0.1434566932600403 ± 0.21440951769139024
Retrieved Earth masses:
[0.8482597991242352, 0.9460283436329319, 0.4134738690255929, 154.0571135693213]
 ± [0.2441460636845294, 0.13250749627745587, 0.2620498258961389, 248.9447494447466]
Retrieved eccentricity:
[0.051831997531755256, 0.022272095485880036, 0.3289081816652278, 0.03260148871552735]
 ± [0.05862855664133908, 0.04545513208833101, 0.16013832702321884, 0.2973029329634289]
