Global Fit Results.
chi^2: 9.12414552017996
per 4 range=[657.45 - 712.2375, length=100]
mu_1: 2.547959255269722e-6 ± 6.000181711414459e-7
P_1: 224.70088812673967 ± 4.296640494144434e-5
t01: 3503.769699871435 ± 0.003058203799276766
ecos1: -0.03665141862677072 ± 0.033921047751999805
esin1: 0.009258593013010886 ± 0.028855231051479028
mu_2: 2.841620823052618e-6 ± 3.2565719905386264e-7
P_2: 365.2564560050515 ± 2.464951449347185e-5
t02: 3624.4074943454993 ± 0.0003984188140588736
ecos2: -0.01574924444524529 ± 0.02629919560938978
esin2: 0.00989246537697298 ± 0.0228462694316815
mu_3: 1.2419505024948722e-6 ± 6.44031179820413e-7
P_3: 672.2665158023708 ± 1.1395509898374898
t03: 699.8642271025883 ± 41.06198713365901
ecos3: -0.23257590047306825 ± 0.09265175310628122
esin3: 0.008330420534605242 ± 0.12466710585806767
mu_4: 0.0004627235459678351 ± 0.0006118203701682925
P_4: 4068.2662664779523 ± 135.11026310717406
t04: 2064.043024409364 ± 408.6022980645316
ecos4: 0.023044147397510338 ± 0.17203136953664425
esin4: 0.1434635368181751 ± 0.17544495261841878
Retrieved Earth masses:
[0.848262047134521, 0.946027332092299, 0.4134679443979279, 154.04909695797704]
 ± [0.1997569784986516, 0.10841721340802256, 0.21440971078444243, 203.68614553163943]
Retrieved eccentricity:
[0.051832933302193025, 0.02227279509159502, 0.32891199273014826, 0.032589345782883784]
 ± [0.047971605780783515, 0.03719267911030198, 0.13102936582054645, 0.24328909595234]
