Global Fit Results.
chi^2: 0.7400211257915156
per 4 range=[657.45 - 1314.9, length=100]
mu_1: 2.7103916692949645e-6 ± 8.326110766387817e-7
P_1: 224.7008790031688 ± 7.485509350468094e-5
t01: 3503.7681639576613 ± 0.0014020515508156174
ecos1: -0.07502413836096343 ± 0.07576259218380156
esin1: 0.004620859294258258 ± 0.047565109227881895
mu_2: 2.5990335246256847e-6 ± 5.059658064246243e-7
P_2: 365.256402832259 ± 0.00011947329098832043
t02: 3624.40810829369 ± 0.0009995009507827058
ecos2: -0.04818068882448229 ± 0.057164750846735723
esin2: 0.005915969332237049 ± 0.03718579752905978
mu_3: 4.903504929447459e-7 ± 7.952664493763592e-7
P_3: 669.7730779824815 ± 6.837891992099873
t03: 47.8740465941641 ± 134.24220219919698
ecos3: -0.4605719472194377 ± 0.5393485115662637
esin3: -0.015160544860208498 ± 0.4291402936551718
mu_4: 0.001234631658298966 ± 0.0017254711156510644
P_4: 5151.950761096564 ± 931.4010720822525
t04: 640.6303570024658 ± 1070.9700717774967
ecos4: 0.03824436691577161 ± 0.1176268795327192
esin4: 0.09075574859873294 ± 0.12383542555831385
Retrieved Earth masses:
[0.9023387564685046, 0.8652656017204842, 0.16324661083118475, 411.0313678524287]
 ± [0.27719139341642485, 0.16844523312143278, 0.2647586867687101, 574.4407638413034]
Retrieved eccentricity:
[0.10610015397543007, 0.06813778358006066, 0.6513470942063141, 0.054085702376657115]
 ± [0.10714448538687402, 0.08084316593713253, 0.7627539799027523, 0.16634952833479774]
