Global Fit Results.
chi^2: 5.513540567833383
per 4 range=[657.45 - 730.5, length=100]
mu_1: 2.7925189659055032e-6 ± 9.441683875476719e-7
P_1: 224.70087042884646 ± 5.739007719221986e-5
t01: 3503.7697234173747 ± 0.003983369088205932
ecos1: -0.05592760549184488 ± 0.07013904207758272
esin1: -0.0019199132872885583 ± 0.04817972630504381
mu_2: 2.7365221472484893e-6 ± 4.707359018075576e-7
P_2: 365.25647602639924 ± 3.616949483899387e-5
t02: 3624.407307244264 ± 0.00048749374633408197
ecos2: -0.031008889276053175 ± 0.0553649267293841
esin2: 0.0008304751033429655 ± 0.037953809192685706
mu_3: 8.598841512844251e-7 ± 6.595437055575424e-7
P_3: 672.2707395918684 ± 1.9307026070622775
t03: 20.187282169839726 ± 66.62017890498039
ecos3: -0.2757756923228544 ± 0.15229332618825653
esin3: -0.014132301616712362 ± 0.1948080289850075
mu_4: 0.0003273825418680664 ± 0.000812426462623468
P_4: 4163.254547126516 ± 210.82543811963788
t04: 1435.0172236752735 ± 1172.3241613778955
ecos4: -0.15131712993405483 ± 0.6143275711382903
esin4: 0.07975524843570744 ± 0.3049821257242296
Retrieved Earth masses:
[0.929680429458132, 0.9110380685456572, 0.2862710967447723, 108.99161145797505]
 ± [0.314330854233423, 0.15671655616201122, 0.21957411316285147, 270.4715677481617]
Retrieved eccentricity:
[0.07909357819761903, 0.043853191768320025, 0.39000572425581054, 0.21399473737211216]
 ± [0.09919158455797467, 0.07829783026048767, 0.21537528735434203, 0.8687903828434925]
