Global Fit Results.
chi^2: 7.46821935740778
per 4 range=[657.45 - 730.5, length=100]
mu_1: 2.7119279094847423e-6 ± 7.823562541091512e-7
P_1: 224.70087431815577 ± 4.5530351000401e-5
t01: 3503.769475684433 ± 0.0028342106110227244
ecos1: -0.06353636892398903 ± 0.07033496864250516
esin1: -0.0010567100444092911 ± 0.04278152500581535
mu_2: 2.6562860779020775e-6 ± 4.2691877391807435e-7
P_2: 365.2564675376615 ± 3.146776330972685e-5
t02: 3624.4073692329493 ± 0.0004045441861902887
ecos2: -0.03745988219334348 ± 0.05590221778548084
esin2: 0.002040246709363699 ± 0.03373990002875001
mu_3: 7.512151104446584e-7 ± 5.187780297460615e-7
P_3: 672.0734779808054 ± 1.5830508009760822
t03: 694.2914944843478 ± 56.561277628439065
ecos3: -0.3177971275568371 ± 0.16823658804106106
esin3: -0.013772320102881578 ± 0.1810336771993423
mu_4: 0.00025221872116633115 ± 0.0005580332591527222
P_4: 4137.154262372643 ± 162.29501113107997
t04: 1471.145374044392 ± 945.5871003129829
ecos4: -0.2461271330296554 ± 0.7467595792604638
esin4: 0.10350513841233422 ± 0.3297156563571442
Retrieved Earth masses:
[0.9028501988102832, 0.8843260195609454, 0.2500931936435991, 83.96820643804013]
 ± [0.26046064760516435, 0.14212903615900646, 0.17271065563967336, 185.77943654280608]
Retrieved eccentricity:
[0.08985399463624574, 0.05297627344272475, 0.44943300787409146, 0.3480763295985456]
 ± [0.09946866656331715, 0.07905767455896144, 0.2379224644950438, 1.056077524822174]
