Global Fit Results.
chi^2: 3.0105308127369432
per 4 range=[657.45 - 803.5500000000001, length=100]
mu_1: 4.251121387993696e-6 ± 1.1374530656946712e-6
P_1: 224.7008328143126 ± 5.319476813676236e-5
t01: 3503.762937356048 ± 0.04101312248848249
ecos1: -0.02294493430016663 ± 0.033639002577923835
esin1: 0.006176793810971455 ± 0.034946313002798005
mu_2: 2.8700388483681234e-6 ± 3.8843540142869856e-7
P_2: 365.25651376999707 ± 4.947186315123819e-5
t02: 3624.406916770831 ± 0.0005140196405831935
ecos2: -0.0032057028604037282 ± 0.027110842888801102
esin2: 0.005361718702687492 ± 0.02751734308591497
mu_3: 1.4064861065930356e-9 ± 9.627738883271718e-7
P_3: 675.004533892561 ± 7.0518374747163985
t03: 16959.578092867818 ± 1.1103999515053058e7
ecos3: 18.533199363229933 ± 12912.486399604484
esin3: 75.59889063072177 ± 51679.39905834606
mu_4: 0.00046676183274377373 ± 0.0004444306346798028
P_4: 3698.226899236147 ± 193.37557242417952
t04: 1391.3492226555918 ± 588.4425360007414
ecos4: -0.09100911188541758 ± 0.20347988140568804
esin4: -0.022590753128708785 ± 0.13894545233044608
Retrieved Earth masses:
[1.41527574420147, 0.9554882103539096, 0.00046824484401677556, 155.39351618304482]
 ± [0.3786788442672568, 0.12931722048300476, 0.32052496434195016, 147.95905358497427]
Retrieved eccentricity:
[0.03244903727505527, 0.004533548462121177, 26.20990189364418, 0.12870632032788798]
 ± [0.04757273367040339, 0.0383405217007087, 18261.013390278797, 0.287764007953993]
