Global Fit Results.
chi^2: 10.486867288867785
per 4 range=[657.45 - 712.2375, length=100]
mu_1: 2.697936581867414e-6 ± 6.876080556649158e-7
P_1: 224.70087436536204 ± 4.103129406690195e-5
t01: 3503.771704741943 ± 0.006617961883053175
ecos1: -0.04622560495640345 ± 0.04787277184140639
esin1: 0.004232112473061948 ± 0.03428326157904326
mu_2: 2.7791513171309398e-6 ± 3.440095151907174e-7
P_2: 365.256460721844 ± 2.4813673669007352e-5
t02: 3624.407440946072 ± 0.0003716122130455163
ecos2: -0.023557119968708795 ± 0.03748508536677462
esin2: 0.005542448887001028 ± 0.02717692841371994
mu_3: 1.0231743874124707e-6 ± 5.528288167125296e-7
P_3: 672.8769209074057 ± 1.435516546766278
t03: 697.3998382426316 ± 43.82620992646534
ecos3: -0.2567068176859732 ± 0.11046773425823352
esin3: 0.02304996464960225 ± 0.13560069319318938
mu_4: 0.0002689000324657359 ± 0.000645708434967287
P_4: 4073.4368945115675 ± 149.8211397910946
t04: 1968.9677106820732 ± 672.6728887010236
ecos4: -0.08508545174499867 ± 0.5680253334830981
esin4: 0.20664222650986466 ± 0.40845077865390345
Retrieved Earth masses:
[0.898192230994566, 0.9252300956894762, 0.3406333906820011, 89.5217188195493]
 ± [0.2289172465054843, 0.11452703373725714, 0.1840467828555931, 214.96809957402434]
Retrieved eccentricity:
[0.06537287745824673, 0.03331479855019804, 0.3630382631251408, 0.12032899981841864]
 ± [0.06770232320650972, 0.05301191611240591, 0.1562249679926208, 0.8033091303832975]
