Global Fit Results.
chi^2: 7.16394005284688
per 4 range=[657.45 - 730.5, length=100]
mu_1: 5.224587128030932e-6 ± 6.374087895445888e-7
P_1: 224.7007263537411 ± 3.689197116235801e-5
t01: 3503.769317419959 ± 0.0006594546999507639
ecos1: -0.01921611395387167 ± 0.008458475553032977
esin1: -4.615410917009191e-5 ± 0.009407899218109656
mu_2: 2.9466858057887958e-6 ± 3.0975766218947617e-7
P_2: 365.2564595071688 ± 3.1497130662605024e-5
t02: 3624.407506623552 ± 0.0004536202682712692
ecos2: 0.0010807147044119305 ± 0.006709077300089562
esin2: 0.0033464590158595337 ± 0.0070759630611822565
mu_3: 5.672398161558814e-7 ± 4.6873271348506817e-7
P_3: 680.2148057414437 ± 3.265643566232585
t03: 384.0656726246216 ± 117.89175303536086
ecos3: -0.19064533077107962 ± 0.14517147130934036
esin3: 0.21435727520964099 ± 0.2978290772872114
mu_4: 0.001972598295308117 ± 0.000865779209955144
P_4: 4349.795255563336 ± 122.6571910419429
t04: 92.6583853139111 ± 252.54716158684843
ecos4: 0.06334133284245749 ± 0.02371016426459803
esin4: -0.039644456815947825 ± 0.019642795722090847
Retrieved Earth masses:
[1.739360220729684, 0.981005378602901, 0.18884446706651195, 656.7139033685212]
 ± [0.2122049964348404, 0.10312396797594539, 0.15604965828139697, 288.233669154696]
Retrieved eccentricity:
[0.027175688969672193, 0.0015283613920353827, 0.26961321237956554, 0.08957817196459174]
 ± [0.011962090844100501, 0.009488068108796125, 0.20530346359532578, 0.03353123586908843]
