Global Fit Results.
chi^2: 803.1779327340537
per 4 range=[657.45 - 712.2375, length=200]
mu_1: 2.544946567541599e-6 ± 7.606768202453855e-8
P_1: 224.70087476559658 ± 3.830001432285829e-6
t01: 3503.770884544566 ± 0.00037517075359222657
ecos1: -0.0540846495590248 ± 0.007637005207747064
esin1: -0.003468447293808735 ± 0.004667139693806323
mu_2: 2.77419547868019e-6 ± 4.824832021338324e-8
P_2: 365.2564573860656 ± 2.718986573762886e-6
t02: 3624.4086237882743 ± 4.405861754484465e-5
ecos2: -0.02880666150356671 ± 0.006022548311742185
esin2: -2.8202372862813564e-5 ± 0.0036857405667732553
mu_3: 1.1688970191662993e-6 ± 7.018475323554988e-8
P_3: 672.3843615023243 ± 0.13954155008469318
t03: 696.2543115060479 ± 4.4626785150905075
ecos3: -0.2354932994501572 ± 0.014695381917522107
esin3: -0.0019375040385572544 ± 0.013999069711676379
mu_4: 0.00013545805093571187 ± 6.131778422487208e-5
P_4: 4047.5382715840815 ± 16.964930634811815
t04: 2183.3646148133307 ± 156.41779516585137
ecos4: -0.28169765246024836 ± 0.1878708188034122
esin4: 0.31870469194601175 ± 0.12325496365595869
Retrieved Earth masses:
[0.8472590685137484, 0.923580206798668, 0.38914710912929523, 45.09645252369456]
 ± [0.025324316918122123, 0.016062744641759934, 0.023365782766772095, 20.413807271355587]
Retrieved eccentricity:
[0.05419575116697296, 0.02880667530894371, 0.23550126965224805, 0.4253542618453671]
