Global Fit Results.
chi^2: 3.1390809480597923
per 4 range=[657.45 - 803.5500000000001, length=100]
mu_1: 2.807356137745939e-6 ± 8.570044536990475e-7
P_1: 224.70089677588052 ± 6.324577283725245e-5
t01: 3503.7685000535994 ± 0.0022145537293214636
ecos1: -0.04380796395256278 ± 0.0325460223958267
esin1: 0.006728975630000028 ± 0.0315687939875403
mu_2: 2.784447226486799e-6 ± 3.7463186491276704e-7
P_2: 365.2564613602438 ± 4.4375950624394376e-5
t02: 3624.407407134293 ± 0.000531284483973019
ecos2: -0.023809279178471334 ± 0.02417632326293821
esin2: 0.007868496000901793 ± 0.025416865754865542
mu_3: 6.86957923623266e-7 ± 7.791808764136265e-7
P_3: 671.3271404411386 ± 2.76160901706819
t03: 693.0052448481262 ± 97.1594647091081
ecos3: -0.36353272791294944 ± 0.2967156574227662
esin3: -0.04252840950984968 ± 0.33238697332242756
mu_4: 0.0007992134811133527 ± 0.000952037563360237
P_4: 4185.003445138033 ± 230.15240980423445
t04: 1674.6620139446527 ± 499.4884869430532
ecos4: 0.016778323569306093 ± 0.12989648164889303
esin4: 0.09869011590623776 ± 0.12070282544598715
Retrieved Earth masses:
[0.9346199942227666, 0.9269932003789837, 0.2287008057066697, 266.07272552910337]
 ± [0.2853123929649341, 0.12472177174555599, 0.2594035065308476, 316.95064619839354]
Retrieved eccentricity:
[0.06195381676166594, 0.033671405524521504, 0.5141129141809814, 0.023728132745596833]
 ± [0.04602702627347661, 0.034190484246763374, 0.419619306895725, 0.18370136605241238]
