Global Fit Results.
chi^2: 671.1595064875382
per 4 range=[657.45 - 712.2375, length=100]
mu_1: 2.697936581867414e-6 ± 8.595100695811447e-8
P_1: 224.70087436536204 ± 5.128911758362743e-6
t01: 3503.771704741943 ± 0.0008272452353816469
ecos1: -0.04622560495640345 ± 0.005984096480175799
esin1: 0.004232112473061948 ± 0.0042854076973804075
mu_2: 2.7791513171309398e-6 ± 4.300118939883968e-8
P_2: 365.256460721844 ± 3.101709208625919e-6
t02: 3624.407440946072 ± 4.6451526630689537e-5
ecos2: -0.023557119968708795 ± 0.004685635670846827
esin2: 0.005542448887001028 ± 0.0033971160517149925
mu_3: 1.0231743874124707e-6 ± 6.91036020890662e-8
P_3: 672.8769209074057 ± 0.17943956834578476
t03: 697.3998382426316 ± 5.478276240808167
ecos3: -0.2567068176859732 ± 0.01380846678227919
esin3: 0.02304996464960225 ± 0.016950086649148672
mu_4: 0.0002689000324657359 ± 8.071355437091087e-5
P_4: 4073.4368945115675 ± 18.727642473886824
t04: 1968.9677106820732 ± 84.08411108762795
ecos4: -0.08508545174499867 ± 0.07100316668538727
esin4: 0.20664222650986466 ± 0.05105634733173793
Retrieved Earth masses:
[0.898192230994566, 0.9252300956894762, 0.3406333906820011, 89.5217188195493]
 ± [0.02861465581318554, 0.014315879217157143, 0.023005847856949136, 26.871012446753042]
Retrieved eccentricity:
[0.06537287745824673, 0.03331479855019804, 0.3630382631251408, 0.12032899981841864]
 ± [0.008462790400813715, 0.006626489514050739, 0.0195281209990776, 0.10041364129791219]
