Global Fit Results.
chi^2: 4.029716241107496
per 4 range=[657.45 - 730.5, length=100]
mu_1: 5.224591964206817e-6 ± 8.499032092609716e-7
P_1: 224.70072635092225 ± 4.9190508629533126e-5
t01: 3503.7693172989743 ± 0.0008793666523784792
ecos1: -0.019215288570194205 ± 0.011276885505852279
esin1: -4.44566967229851e-5 ± 0.012543308067257912
mu_2: 2.946686211905697e-6 ± 4.13009272050828e-7
P_2: 365.2564595088612 ± 4.1997690101287846e-5
t02: 3624.4075066083833 ± 0.0006048453736747002
ecos2: 0.0010808144959438399 ± 0.008944757980545653
esin2: 0.0033478213178544346 ± 0.00943441380653769
mu_3: 5.672444645545258e-7 ± 6.249532782029187e-7
P_3: 680.2140540765081 ± 4.353448674411196
t03: 384.09355245251356 ± 157.17239329643405
ecos3: -0.19060961064984833 ± 0.19359340193372263
esin3: 0.21440329824550655 ± 0.3970983804612944
mu_4: 0.001972826039857191 ± 0.001154324612971027
P_4: 4349.821634550404 ± 163.51269012536824
t04: 92.59027547133326 ± 336.61418491153603
ecos4: 0.06334482279245335 ± 0.0316091342023001
esin4: -0.0396414809714046 ± 0.026188161542552303
Retrieved Earth masses:
[1.7393618307807275, 0.9810055138066148, 0.1888460146030912, 656.789723677273]
 ± [0.2829482593423942, 0.13749830962594703, 0.20805832983216982, 384.29568967063955]
Retrieved eccentricity:
[0.02717452170088136, 0.0015285025185732188, 0.26956269649967063, 0.08958310749920788]
 ± [0.015947924423704872, 0.012649798048232639, 0.2737824146006163, 0.04470206628376406]
