Global Fit Results.
chi^2: 1.1228571168048982
per 4 range=[657.45 - 1314.9, length=100]
mu_1: 4.36315940612315e-6 ± 7.197980981639985e-7
P_1: 224.7007745513311 ± 3.530304154052724e-5
t01: 3503.768939452461 ± 0.0005093088610830117
ecos1: -0.03693008775299684 ± 0.03529437010144099
esin1: -0.023446907651055823 ± 0.030617531152322103
mu_2: 2.6800638647864622e-6 ± 3.8452448586020634e-7
P_2: 365.2563256811007 ± 0.00016210208566685963
t02: 3624.408716807963 ± 0.0014404932814423778
ecos2: -0.018696627137824485 ± 0.026691248594844924
esin2: -0.015945025598140355 ± 0.022624490189400045
mu_3: 1.09037448002353e-8 ± 7.228303272686115e-6
P_3: 876.5895649337647 ± 13.57911237705832
t03: -16135.281153639116 ± 1.1006555268480284e7
ecos3: 7.94523274023504 ± 5050.792962716362
esin3: -59.500083525645735 ± 39446.85831576081
mu_4: 0.0017102297963593155 ± 0.0016436039101894362
P_4: 5392.792109227822 ± 1287.2852235378368
t04: 42.07759055233186 ± 1734.6971521459832
ecos4: 0.04977306554248148 ± 0.05413055951990541
esin4: 0.05509956165575332 ± 0.055105772050549603
Retrieved Earth masses:
[1.4525752412082713, 0.8922420779269342, 0.0036300552556131358, 569.3666510285846]
 ± [0.23963389799476745, 0.12801520545296133, 2.4064338229571938, 547.1856799327062]
Retrieved eccentricity:
[0.05222703095991667, 0.026441023668944248, 11.236255897451144, 0.07038974433106228]
 ± [0.04991377687287332, 0.03774712575950151, 7142.899908612066, 0.07655217141189428]
