Global Fit Results.
chi^2: 803.1779297050398
per 4 range=[657.45 - 712.2375, length=300]
mu_1: 2.544933668908549e-6 ± 7.60763654113307e-8
P_1: 224.7008747636366 ± 3.8296823984190906e-6
t01: 3503.7708845358566 ± 0.0003751809702169374
ecos1: -0.05409063730027922 ± 0.0076387955384444985
esin1: -0.003472078948933683 ± 0.004667302618556098
mu_2: 2.774162948954023e-6 ± 4.825474626741883e-8
P_2: 365.2564573864343 ± 2.718980693174765e-6
t02: 3624.4086237810716 ± 4.4058118043217654e-5
ecos2: -0.02881144519257305 ± 0.00602396709334395
esin2: -3.1010681355050515e-5 ± 0.00368587006158527
mu_3: 1.1688534484287393e-6 ± 7.018714016085288e-8
P_3: 672.3843730466425 ± 0.13954299883543983
t03: 23.869569935366695 ± 4.5187283680217725
ecos3: -0.2354999982864199 ± 0.014698396520553842
esin3: -0.0019404025464538819 ± 0.014001232081973985
mu_4: 0.00013538909178779606 ± 6.131812049152175e-5
P_4: 4047.532915402416 ± 16.965343043681266
t04: 2183.4230463510826 ± 156.5516925455508
ecos4: -0.28193572891604585 ± 0.18805154549368655
esin4: 0.3188036294576763 ± 0.12336810887628383
Retrieved Earth masses:
[0.8472547743238578, 0.9235693770602984, 0.38913260363712093, 45.073494767263114]
 ± [0.025327207775753046, 0.016064883992198898, 0.023366577417683287, 20.41391922064836]
Retrieved eccentricity:
[0.054201959150735377, 0.02881146188146306, 0.23550799212541826, 0.4255860775387389]
