Global Fit Results.
chi^2: 2.055614233651086
per 4 range=[657.45 - 1314.9, length=100]
mu_1: 2.710392431807524e-6 ± 4.995704339715287e-7
P_1: 224.70087900364973 ± 4.4914573486150574e-5
t01: 3503.7681639400157 ± 0.0008412200278566131
ecos1: -0.07502407052497834 ± 0.045458084966528575
esin1: 0.004620233818338236 ± 0.028536981288671655
mu_2: 2.5990326343715413e-6 ± 3.03581400283001e-7
P_2: 365.25640283539076 ± 7.168577942700825e-5
t02: 3624.4081082711036 ± 0.0005997292131967977
ecos2: -0.0481806223539114 ± 0.03429903771258335
esin2: 0.005915479172083599 ± 0.02231003366803926
mu_3: 4.903506474333773e-7 ± 4.771516165532409e-7
P_3: 669.773149721085 ± 4.10253313753939
t03: 717.6417974153616 ± 78.59655253488506
ecos3: -0.46056886709534206 ± 0.3235962400916268
esin3: -0.0151777432750953 ± 0.25746365473470867
mu_4: 0.0012346413743397665 ± 0.0010353307296454026
P_4: 5151.944219587614 ± 558.8302429672518
t04: 640.6337298560966 ± 642.5269668960347
ecos4: 0.038242755955862275 ± 0.07057639481834406
esin4: 0.09075373816070889 ± 0.07429821811492582
Retrieved Earth masses:
[0.9023390103228249, 0.8652653053386639, 0.16324666226326415, 411.0346024993887]
 ± [0.16631609714014478, 0.10106777788672396, 0.15885246446303639, 344.68045843901007]
Retrieved eccentricity:
[0.10610005804085994, 0.06813768957647781, 0.6513427382530442, 0.05408342413530488]
 ± [0.06428744027917321, 0.04850616430948164, 0.4576341914705189, 0.0998100947355004]
