Global Fit Results.
chi^2: 0.7610132195608934
per 4 range=[657.45 - 1314.9, length=100]
mu_1: 4.3840906850892824e-6 ± 8.005680136563166e-7
P_1: 224.70077207124817 ± 3.548153337054174e-5
t01: 3503.768969676088 ± 0.0005463621646330376
ecos1: -0.034915278246468694 ± 0.032440884565152435
esin1: -0.02385468789044457 ± 0.029617078438214754
mu_2: 2.686191833062349e-6 ± 4.533896778890564e-7
P_2: 365.25631546339275 ± 0.0001297353484191099
t02: 3624.4088064228445 ± 0.00130468415468229
ecos2: -0.01725414518935932 ± 0.02314367855891414
esin2: -0.01619840197190715 ± 0.020747887447189372
mu_3: 6.846807289579596e-8 ± 8.849834761105015e-6
P_3: 877.0270855959149 ± 10.724788839991142
t03: -2231.8746336843365 ± 348660.34402229154
ecos3: 2.2499780240660994 ± 250.04596777405737
esin3: -9.642907116541412 ± 1249.6940786046098
mu_4: 0.0017868757355998417 ± 0.0019203335405423752
P_4: 5448.26766858172 ± 1500.5829719290393
t04: -33.230302030810506 ± 2088.699360028313
ecos4: 0.05161868983353687 ± 0.05984139841586427
esin4: 0.05451131916772909 ± 0.06621095595206676
Retrieved Earth masses:
[1.4595436452391575, 0.8942821901868646, 0.022794268612350857, 594.883480306859]
 ± [0.2665236740854543, 0.15094168225822738, 2.9462711916335214, 639.3140145049614]
Retrieved eccentricity:
[0.04937766003018632, 0.024401046133946443, 3.1819494366756955, 0.07299985123451803]
 ± [0.04587833892741858, 0.032730104101219785, 353.6183988427778, 0.0846285172310871]
