Global Fit Results.
chi^2: 1.5653978748808774
per 4 range=[657.45 - 803.5500000000001, length=100]
mu_1: 2.571879913828721e-6 ± 8.276277878150812e-7
P_1: 224.700873375204 ± 5.958529062701697e-5
t01: 3503.7687721152433 ± 0.0018752821815547387
ecos1: -0.07240203844605578 ± 0.08355017005425247
esin1: 0.02380012252353872 ± 0.04909733732978427
mu_2: 2.6003640807210807e-6 ± 5.640720660548669e-7
P_2: 365.25632307833285 ± 0.00010722939760885749
t02: 3624.4087672188903 ± 0.0011013370258503442
ecos2: -0.04589076989672326 ± 0.06663042430531028
esin2: 0.01997863182099954 ± 0.037728449238837565
mu_3: 7.688391387022092e-7 ± 8.860695009794731e-7
P_3: 670.3906684041199 ± 3.260832990692897
t03: 71.39802544618126 ± 66.06698510189378
ecos3: -0.36172186688055097 ± 0.37515706753049843
esin3: 0.09932483169190287 ± 0.21011264050742856
mu_4: 0.0012710736526330463 ± 0.0015768977348166544
P_4: 6074.443815337663 ± 1052.8763570902586
t04: -132.13081833512177 ± 1469.7252991506778
ecos4: 0.08863199662127945 ± 0.0719232681325305
esin4: 0.11282399372923622 ± 0.160973084226361
Retrieved Earth masses:
[0.8562256700833951, 0.865708568080709, 0.25596055367205617, 423.1635715568475]
 ± [0.2755323657964533, 0.1877898653573442, 0.29498867662416617, 524.9779790987145]
Retrieved eccentricity:
[0.10239194471387032, 0.064899349175689, 0.5115519699493905, 0.12534457168201973]
 ± [0.11815778362930228, 0.09422964971924372, 0.53055221292175, 0.10171486124322127]
