Global Fit Results.
chi^2: 3.81013480528812
per 4 range=[657.45 - 803.5500000000001, length=100]
mu_1: 4.251145181894408e-6 ± 9.761818379688811e-7
P_1: 224.70083281319907 ± 4.589290727846032e-5
t01: 3503.7629374061826 ± 0.0357724505654905
ecos1: -0.022943898032994577 ± 0.029846710676322986
esin1: 0.0061759030871818485 ± 0.031083213753735617
mu_2: 2.870045683743267e-6 ± 3.449802142702466e-7
P_2: 365.2565137692928 ± 4.467107293665291e-5
t02: 3624.4069167727644 ± 0.00046341944952481745
ecos2: -0.003204862909903056 ± 0.02405028012484427
esin2: 0.005361049583965316 ± 0.02448439712238185
mu_3: 1.360112290899614e-9 ± 7.542864919130202e-7
P_3: 675.0045338156909 ± 6.130867723388363
t03: 17511.490361195247 ± 9.301970766533569e6
ecos3: 19.197332015260685 ± 10835.781038845178
esin3: 78.167522285228 ± 43292.535404000846
mu_4: 0.0004667492130239699 ± 0.0003942062050749311
P_4: 3698.216730262409 ± 172.43878024269432
t04: 1391.3514730455036 ± 522.2131062085238
ecos4: -0.09100907114193126 ± 0.1804660368936469
esin4: -0.022595828489577346 ± 0.12218139769970522
Retrieved Earth masses:
[1.4152836656244223, 0.9554904859748015, 0.000452806156073794, 155.38931484845403]
 ± [0.32498871500335896, 0.11485019714210752, 0.251115712479603, 131.2384261319728]
Retrieved eccentricity:
[0.03244757177196631, 0.004532360592731404, 27.14912729736088, 0.12870626270789706]
 ± [0.04220962303068182, 0.03401223233142686, 15324.108504040076, 0.25521751692271877]
