Global Fit Results.
chi^2: 3.828847629740177
per 4 range=[657.45 - 730.5, length=100]
mu_1: 2.7925587828612846e-6 ± 1.1329829691189157e-6
P_1: 224.70087042855778 ± 6.886898815565159e-5
t01: 3503.769724019684 ± 0.004781514283704071
ecos1: -0.05592401010848109 ± 0.08416872778014478
esin1: -0.0019188000471720885 ± 0.05781104939126753
mu_2: 2.7365400631888627e-6 ± 5.649052691788916e-7
P_2: 365.256476024976 ± 4.3403014171147346e-5
t02: 3624.4073072596325 ± 0.0005849850174337035
ecos2: -0.031006043217907512 ± 0.06643996519168172
esin2: 0.0008314076820607492 ± 0.04554109775570382
mu_3: 8.598757851843769e-7 ± 7.914395519757379e-7
P_3: 672.2710407223549 ± 2.3169716505470555
t03: 20.179021286463467 ± 79.96204971723527
ecos3: -0.27577653573660965 ± 0.1827549608224425
esin3: -0.01414256783248283 ± 0.23380331966668522
mu_4: 0.00032741149914362617 ± 0.0009750613479880737
P_4: 4163.25002467794 ± 252.98313882121988
t04: 1434.9953684463903 ± 1406.7114648848724
ecos4: -0.15130877307881255 ± 0.7371879061220465
esin4: 0.079744442398038 ± 0.36594893704440123
Retrieved Earth masses:
[0.9296936852479772, 0.9110440330885462, 0.28626831151767784, 109.00125186246542]
 ± [0.3771906676944183, 0.18806725385411954, 0.26348464291714113, 324.61568347903307]
Retrieved eccentricity:
[0.07908849355770402, 0.043849166834291124, 0.3900069170229819, 0.21398291899408975]
 ± [0.11903255635436984, 0.09396029985767264, 0.25845454418606184, 1.0425411348552223]
