Global Fit Results.
chi^2: 550.33239083782
per 4 range=[657.45 - 730.5, length=300]
mu_1: 2.9424486402083873e-6 ± 9.3984016704615e-8
P_1: 224.70086804817103 ± 5.47240546283287e-6
t01: 3503.769956109126 ± 0.0003432590947305671
ecos1: -0.046265102912362306 ± 0.004410303768469522
esin1: -0.008678839400742204 ± 0.004682471244856277
mu_2: 2.7711105569735003e-6 ± 4.078018700259083e-8
P_2: 365.25646525243206 ± 3.916261413493915e-6
t02: 3624.4085723057265 ± 5.03219367174803e-5
ecos2: -0.023193151492007524 ± 0.0035738641449314817
esin2: -0.005234864554487646 ± 0.003653287697389247
mu_3: 7.05965157100569e-7 ± 5.987992913385599e-8
P_3: 672.004129696984 ± 0.2144705534461118
t03: 675.2707006570461 ± 7.776223350009426
ecos3: -0.29005227232858904 ± 0.019251422711253446
esin3: -0.07780278610559405 ± 0.02340659535450779
mu_4: 0.00044773245726647333 ± 8.306840715630239e-5
P_4: 4140.489953423544 ± 20.02847118980901
t04: 1108.555068609151 ± 107.70853917596473
ecos4: -0.10442634410977147 ± 0.034284466797400555
esin4: -0.01556887460640786 ± 0.024835449213450034
Retrieved Earth masses:
[0.9795947490012497, 0.9225531801706897, 0.23502865994785305, 149.05829046674603]
 ± [0.03128899107899683, 0.013576467063906958, 0.019935119121038607, 27.654985832632477]
Retrieved eccentricity:
[0.047072093652559696, 0.023776586866811687, 0.3003058344567598, 0.1055805436652154]
