Global Fit Results.
chi^2: 582.1050684704466
per 4 range=[657.45 - 730.5, length=300]
mu_1: 2.958602990903691e-6 ± 1.0301932580249951e-7
P_1: 224.70086551103498 ± 6.1887389995988034e-6
t01: 3503.771424961787 ± 0.000517740289896949
ecos1: -0.04854762519040915 ± 0.006573262403376671
esin1: 0.00133786830355884 ± 0.004517278847985178
mu_2: 2.761622810375887e-6 ± 4.5596782974917106e-8
P_2: 365.2564694043832 ± 3.652391228288597e-6
t02: 3624.408541576981 ± 4.919708924135344e-5
ecos2: -0.02463390369392664 ± 0.005147054839841408
esin2: 0.0030872394085515406 ± 0.0035744081726958054
mu_3: 8.957648835534858e-7 ± 6.876814729671239e-8
P_3: 672.4246558084702 ± 0.19213040843074666
t03: 19.4804217004608 ± 6.713226138623936
ecos3: -0.26603457198891467 ± 0.015119169218859418
esin3: 0.0006757116436207553 ± 0.020057558312658708
mu_4: 0.00028492674615262343 ± 8.538073200999109e-5
P_4: 4132.538796713774 ± 18.75843167844954
t04: 1631.9247486187323 ± 118.27662703618385
ecos4: -0.17626208010672517 ± 0.08693924857862967
esin4: 0.1415724799036247 ± 0.041403458888164685
Retrieved Earth masses:
[0.9849728265990708, 0.919394536509124, 0.29821644608436254, 94.85730373236179]
 ± [0.03429701005575764, 0.015179999597347282, 0.022894168846268485, 28.424800895402143]
Retrieved eccentricity:
[0.04856605608062196, 0.024826603842800693, 0.2660354301207836, 0.22607761487951836]
