Global Fit Results.
chi^2: 10.245584681685163
per 4 range=[657.45 - 1314.9, length=100]
mu_1: 4.384339490824707e-6 ± 2.1823702999730858e-7
P_1: 224.70077205634385 ± 9.677847778837103e-6
t01: 3503.768969970882 ± 0.0001490233559359405
ecos1: -0.03469537985119 ± 0.00881795079868114
esin1: -0.02393215976005013 ± 0.00809170477195752
mu_2: 2.6864077660970867e-6 ± 1.2371762494553767e-7
P_2: 365.2563153686506 ± 3.5445271388602594e-5
t02: 3624.4088077273436 ± 0.0003568449628730681
ecos2: -0.017110593819994784 ± 0.006262769736222243
esin2: -0.01623653225880941 ± 0.005655417337599841
mu_3: 1.4690658319169343e-7 ± 2.3851851556736797e-6
P_3: 877.0412049277272 ± 2.914528625258316
t03: -790.6500586142811 ± 20364.729446404148
ecos3: 1.2440097559766161 ± 15.436748446225433
esin3: -4.473580558639813 ± 73.13543310601887
mu_4: 0.0017963146838398652 ± 0.0005294333998768659
P_4: 5452.639648623458 ± 417.5826255910206
t04: -41.894681429218295 ± 585.9010671080144
ecos4: 0.051678972502868153 ± 0.01623022783436682
esin4: 0.05404707705301814 ± 0.018296560315293576
Retrieved Earth masses:
[1.4596264772004748, 0.894354078227347, 0.048907877446624295, 598.0258781063212]
 ± [0.07265508247166934, 0.04118785085981032, 0.7940715844502184, 176.25802244369055]
Retrieved eccentricity:
[0.049066676737239114, 0.024198033840493887, 1.759295468626575, 0.07308510380306239]
 ± [0.012470465611833534, 0.008856893898985268, 21.83085901159381, 0.02295300832376686]
