Global Fit Results.
chi^2: 8.614907153006381
per 4 range=[657.45 - 730.5, length=100]
mu_1: 2.792489661795512e-6 ± 7.553638266184711e-7
P_1: 224.70087042815223 ± 4.5910419125578407e-5
t01: 3503.7697234493257 ± 0.003186744608315205
ecos1: -0.05593094562972769 ± 0.056124002723574457
esin1: -0.0019194470954088034 ± 0.03854369671015641
mu_2: 2.736504932178266e-6 ± 3.766259821104424e-7
P_2: 365.2564760269799 ± 2.8935509900147424e-5
t02: 3624.407307237649 ± 0.00038997949794958823
ecos2: -0.031011544628944863 ± 0.04430235504609172
esin2: 0.0008309435443876389 ± 0.030363080592813983
mu_3: 8.59885126287256e-7 ± 5.276228693188119e-7
P_3: 672.2707168042995 ± 1.5446259814836139
t03: 20.192462100777362 ± 53.295483885349896
ecos3: -0.27577866999774525 ± 0.12184659778811623
esin3: -0.014117461863209228 ± 0.1558376334602738
mu_4: 0.00032733732361120687 ± 0.0006499354502879906
P_4: 4163.253948210279 ± 168.67079497558143
t04: 1435.0695437636227 ± 937.7942994718055
ecos4: -0.1513398423167104 ± 0.49156913523092144
esin4: 0.0797781305736298 ± 0.24398998711296283
Retrieved Earth masses:
[0.9296706735861421, 0.9110323373352074, 0.2862714213409744, 108.97655747661636]
 ± [0.2514743768266897, 0.12538564968348917, 0.1756552638421163, 216.37534996933317]
Retrieved eccentricity:
[0.07909830186591309, 0.043856947004392334, 0.3900099353240255, 0.2140268575316975]
 ± [0.07937132582634353, 0.06265299135125103, 0.17231711112097353, 0.6951837378875831]
