Global Fit Results.
chi^2: 1.862952815862427
per 4 range=[657.45 - 803.5500000000001, length=100]
mu_1: 2.5718578304576473e-6 ± 7.586650068132857e-7
P_1: 224.70087337901174 ± 5.46194960300318e-5
t01: 3503.7687722451815 ± 0.0017190544109958116
ecos1: -0.07240022380193858 ± 0.0765835419604762
esin1: 0.023798373440177746 ± 0.04500908860287197
mu_2: 2.6003685261258116e-6 ± 5.17070805088749e-7
P_2: 365.2563230802748 ± 9.82921587884706e-5
t02: 3624.4087671959214 ± 0.0010095664416001615
ecos2: -0.04588935305650491 ± 0.061074180768437264
esin2: 0.019977311687812308 ± 0.034587568422554976
mu_3: 7.688887835726455e-7 ± 8.122282063582387e-7
P_3: 670.3909872652985 ± 2.988812237054594
t03: 71.39595106284554 ± 60.56594406213413
ecos3: -0.36170632898044763 ± 0.3438624970771845
esin3: 0.0993271200351611 ± 0.19259790193072415
mu_4: 0.001271171234576353 ± 0.0014455604175205056
P_4: 6074.608305706566 ± 965.05579990244
t04: -132.35777755362403 ± 1347.2523192620017
ecos4: 0.08863115009324811 ± 0.06593533318273012
esin4: 0.11281215223380059 ± 0.14754692561538477
Retrieved Earth masses:
[0.8562183181269163, 0.865710048036917, 0.2559770813537053, 423.1960583632285]
 ± [0.25257339984451144, 0.17214228945417204, 0.2704055646262308, 481.25339386275715]
Retrieved eccentricity:
[0.10238937841954891, 0.0648973454610365, 0.5115299960403336, 0.12534337451059688]
 ± [0.10830548369507445, 0.08637193475355004, 0.4862950069580331, 0.09324664242660571]
