Global Fit Results.
chi^2: 211.3190495384227
per 4 range=[657.45 - 803.5500000000001, length=300]
mu_1: 2.6289054639521344e-6 ± 6.86448438374737e-8
P_1: 224.7008797101113 ± 5.2202984346076875e-6
t01: 3503.7691826639552 ± 0.00013230268895786073
ecos1: -0.06794115504153517 ± 0.006520061046211207
esin1: 0.024003062078050832 ± 0.003979402757561511
mu_2: 2.6055934413489834e-6 ± 4.792542473624453e-8
P_2: 365.25633856880887 ± 1.0500522121458149e-5
t02: 3624.4097673401006 ± 9.836578642794956e-5
ecos2: -0.04269517062719193 ± 0.00519366863279408
esin2: 0.01968184199750533 ± 0.003084815085381416
mu_3: 7.401506884241246e-7 ± 7.519249125812279e-8
P_3: 669.4882672028655 ± 0.35380786049453267
t03: 79.72239468418009 ± 6.3319674344881935
ecos3: -0.3713482167044686 ± 0.033309700818310015
esin3: 0.09673541133373788 ± 0.02294024171500576
mu_4: 0.0013229980490362654 ± 0.00013429676424728533
P_4: 5853.56423705967 ± 96.90418769060808
t04: 109.38591000066192 ± 127.53587968205798
ecos4: 0.09209629155902893 ± 0.006483161756871945
esin4: 0.10522888155348553 ± 0.012448904993454286
Retrieved Earth masses:
[0.8752105144393691, 0.8674495174864952, 0.2464096460146145, 440.450148921899]
 ± [0.022853118878716508, 0.015955246855882205, 0.025032949970390274, 44.70983903229064]
Retrieved eccentricity:
[0.07205655790766502, 0.047013322572434686, 0.38374110785202104, 0.13983863712123037]
