Global Fit Results.
chi^2: 758.979738396391
per 4 range=[657.45 - 712.2375, length=300]
mu_1: 2.7338518513213606e-6 ± 8.518790446724744e-8
P_1: 224.70087486272737 ± 5.124002929371988e-6
t01: 3503.772073809662 ± 0.00076166218473324
ecos1: -0.04597363252074935 ± 0.004992048699680577
esin1: 0.0005258343313261445 ± 0.003869520970905705
mu_2: 2.7867196050649604e-6 ± 3.966210587898503e-8
P_2: 365.25645869415814 ± 3.1029791427289283e-6
t02: 3624.4086089488483 ± 4.645794723678918e-5
ecos2: -0.02339064116627988 ± 0.003892037589898192
esin2: 0.0024256374673668956 ± 0.003073950869060801
mu_3: 9.86384246342998e-7 ± 6.620094209799394e-8
P_3: 672.8365783578811 ± 0.18364529448175593
t03: 690.7347631822842 ± 5.731086553638051
ecos3: -0.2613394926835078 ± 0.012707989927073407
esin3: 0.0004261319055553843 ± 0.017033935016063092
mu_4: 0.00034978750619987553 ± 8.032775207907948e-5
P_4: 4063.597756466728 ± 17.87733599686186
t04: 1889.5577728635974 ± 74.73507444958705
ecos4: -0.06425945718209129 ± 0.04699143798911327
esin4: 0.15524991054050818 ± 0.029994743855102295
Retrieved Earth masses:
[0.9101490783920995, 0.9277497165990093, 0.32838528258788047, 116.45063219026085]
 ± [0.0283606050940708, 0.01320423749202084, 0.022039499473995198, 26.742571836417053]
Retrieved eccentricity:
[0.04597663959987619, 0.023516075592937717, 0.2613398401018761, 0.16802325005835597]
