Global Fit Results.
chi^2: 5.132331857441298
per 4 range=[657.45 - 712.2375, length=100]
mu_1: 2.5479630647142595e-6 ± 8.000038802320696e-7
P_1: 224.70088812615052 ± 5.728743644678215e-5
t01: 3503.7696999289105 ± 0.004077624974296223
ecos1: -0.03665115872847943 ± 0.04522880224514425
esin1: 0.009259244948560803 ± 0.03847286506680527
mu_2: 2.8416220148490028e-6 ± 4.342090503196797e-7
P_2: 365.2564560051529 ± 3.286616868809546e-5
t02: 3624.407494343255 ± 0.000531226849095537
ecos2: -0.01574903173903558 ± 0.035066311860643205
esin2: 0.009892986755812027 ± 0.030461235266659944
mu_3: 1.2419622340147752e-6 ± 8.587271304200605e-7
P_3: 672.2665213232412 ± 1.5194672185424027
t03: 27.600441912196022 ± 55.290463245926084
ecos3: -0.23257311867080105 ± 0.12353641306262712
esin3: 0.008338719308593923 ± 0.16621627076389656
mu_4: 0.0004627198921643061 ± 0.0008156987391431758
P_4: 4068.260825449822 ± 180.15369329365905
t04: 2064.0616483334875 ± 544.8017699736149
ecos4: 0.02305221060255714 ± 0.2293570992987053
esin4: 0.14346432642739032 ± 0.23390976204361896
Retrieved Earth masses:
[0.8482633153679966, 0.946027728863024, 0.41347185003459314, 154.04788054022825]
 ± [0.2663358637928372, 0.14455610196542085, 0.2858859034239005, 271.5609682060603]
Retrieved eccentricity:
[0.051832565750504656, 0.022272494279588446, 0.32890805866765416, 0.03260074887681716]
 ± [0.0639631855449737, 0.04959125381572614, 0.17470687080009206, 0.32435992045478174]
