Global Fit Results.
chi^2: 72.77318489768481
per 4 range=[657.45 - 803.5500000000001, length=300]
mu_1: 3.0332061221438e-6 ± 1.9718415447097012e-7
P_1: 224.70086426113753 ± 1.2889438099165586e-5
t01: 3503.769081183898 ± 0.0003146517082220905
ecos1: -0.05870917200170574 ± 0.00918241554594672
esin1: 0.00012057449987554483 ± 0.008947319063171089
mu_2: 2.6136834180781975e-6 ± 1.0955685000303793e-7
P_2: 365.2563975637043 ± 1.5272359640298582e-5
t02: 3624.4093369427824 ± 0.00017541183534363508
ecos2: -0.03468952377441865 ± 0.0069687399423435685
esin2: 0.0004759650610400864 ± 0.006749116238524306
mu_3: 1.082160469908193e-6 ± 1.2827563255022423e-7
P_3: 669.1318876451694 ± 0.7131376658393608
t03: 737.2336328966975 ± 10.863883674919025
ecos3: -0.24334689599568027 ± 0.025170319638054325
esin3: 0.028254492925914396 ± 0.027257616894987617
mu_4: 0.0012974080120099346 ± 0.000336437919600014
P_4: 5288.9766213118955 ± 189.4285985264127
t04: 440.17916414240386 ± 272.1767566079188
ecos4: 0.07914080385677866 ± 0.011333094513801446
esin4: 0.05050426472451613 ± 0.013797421332932668
Retrieved Earth masses:
[1.009809567884277, 0.870142818098505, 0.3602709319757964, 431.930759473536]
 ± [0.06564619673101033, 0.0364734709430622, 0.04270529461547855, 112.00631164856546]
Retrieved eccentricity:
[0.058709295817067075, 0.034692788911174145, 0.24498168944072735, 0.09388262667001342]
