Global Fit Results.
chi^2: 2.2541732033023463
per 4 range=[657.45 - 803.5500000000001, length=100]
mu_1: 2.5718215688304624e-6 ± 6.896570724929299e-7
P_1: 224.7008733879194 ± 4.9651759334276036e-5
t01: 3503.7687726176046 ± 0.0015631135025229582
ecos1: -0.07239394364214796 ± 0.06961276303608219
esin1: 0.023795975464969307 ± 0.04091523806805907
mu_2: 2.600383954037494e-6 ± 4.7005927754246096e-7
P_2: 365.25632308096465 ± 8.936260951923282e-5
t02: 3624.4087671757807 ± 0.0009178419850003484
ecos2: -0.0458844675262593 ± 0.05551476097888809
esin2: 0.019975617723404178 ± 0.031441446938594984
mu_3: 7.689952391077672e-7 ± 7.384004610583513e-7
P_3: 670.391801614366 ± 2.71602154748343
t03: 71.39432791794907 ± 55.06073175305706
ecos3: -0.3616715837466328 ± 0.3125447032454108
esin3: 0.0993472044263346 ± 0.17509931202596823
mu_4: 0.0012714788646060197 ± 0.0013145390421910926
P_4: 6075.061764100989 ± 877.4135767055287
t04: -132.95143040147505 ± 1224.8144591059565
ecos4: 0.08863279416343957 ± 0.059913992579197196
esin4: 0.1127802991327541 ± 0.13411294776442545
Retrieved Earth masses:
[0.8562062459707213, 0.8657151842697351, 0.2560125223404339, 423.29847400358284]
 ± [0.22959940153035355, 0.15649129561945557, 0.24582696344417262, 437.6339914624063]
Retrieved eccentricity:
[0.10238049693239915, 0.06489043627790375, 0.5114808588594447, 0.12534569957695912]
 ± [0.0984473135998919, 0.07850972788824422, 0.4420049581775342, 0.08473118088142165]
