Global Fit Results.
chi^2: 4.7796603927415235
per 4 range=[657.45 - 730.5, length=100]
mu_1: 2.711921982315444e-6 ± 9.779550434818814e-7
P_1: 224.700874317956 ± 5.690920086608719e-5
t01: 3503.769475788564 ± 0.003543132230208106
ecos1: -0.06353837713173693 ± 0.08791659521744828
esin1: -0.0010589912752725814 ± 0.05347769212881918
mu_2: 2.6562760995097276e-6 ± 5.336366912667204e-7
P_2: 365.2564675369215 ± 3.933524993671196e-5
t02: 3624.4073692418733 ± 0.000505682265050343
ecos2: -0.03746145749126195 ± 0.06987623878944424
esin2: 0.0020384899605623164 ± 0.04217545850075362
mu_3: 7.511879941365974e-7 ± 6.484441251904657e-7
P_3: 672.0736012769961 ± 1.9788626269748966
t03: 22.21141587397495 ± 71.39600228158525
ecos3: -0.31780524370756386 ± 0.2102876669332345
esin3: -0.013789945379645624 ± 0.2262979845565441
mu_4: 0.00025223739151181417 ± 0.00069756610171217
P_4: 4137.154461553663 ± 202.86756379923645
t04: 1471.1136068160185 ± 1181.8998137978979
ecos4: -0.2461148912878243 ± 0.9333506569438674
esin4: 0.10348840788054425 ± 0.41209593741415435
Retrieved Earth masses:
[0.9028482255476603, 0.8843226975723758, 0.2500841661307223, 83.97442213613161]
 ± [0.3255790474175594, 0.17765737471028847, 0.2158788606798937, 232.23246142033562]
Retrieved eccentricity:
[0.08985683467087889, 0.05297850125040583, 0.4494444858445235, 0.348059017161221]
 ± [0.12433284131418094, 0.09881992458365299, 0.29739167057677646, 1.3199571574998552]
