Global Fit Results.
chi^2: 42.916427202035415
per 4 range=[657.45 - 803.5500000000001, length=300]
mu_1: 2.7665758099156364e-6 ± 2.1787235514082905e-7
P_1: 224.70086621123647 ± 1.7223432603882696e-5
t01: 3503.7692236151224 ± 0.00030056432239200173
ecos1: -0.06721931224423483 ± 0.01148008885735818
esin1: -0.002649696886227601 ± 0.009771083630414155
mu_2: 2.732613228817837e-6 ± 1.1977038838361415e-7
P_2: 365.25634082367463 ± 2.68060733046603e-5
t02: 3624.4097143866566 ± 0.00026669972742818563
ecos2: -0.04038686279690317 ± 0.008828302639212594
esin2: 0.0013110098372835929 ± 0.0074604149496944215
mu_3: 7.318255669218943e-7 ± 2.1225246121400932e-7
P_3: 668.4207411874244 ± 0.9724239046280962
t03: 56.91843279394527 ± 16.894862248175375
ecos3: -0.3581580420945241 ± 0.08095882682298018
esin3: -0.011650796537893814 ± 0.05034724749154276
mu_4: 0.0014745695166168645 ± 0.0003398146552298858
P_4: 5237.974911991287 ± 149.82670604697861
t04: 581.1935252057682 ± 205.9696411629677
ecos4: 0.07712710508944794 ± 0.013790521337496876
esin4: 0.08247921226966101 ± 0.022412381661529462
Retrieved Earth masses:
[0.9210434802747494, 0.9097367183991785, 0.2436380614245077, 490.9110513524177]
 ± [0.07253367556939802, 0.03987374390946701, 0.07066271051484171, 113.13048844695933]
Retrieved eccentricity:
[0.06727151575649848, 0.040408135732415765, 0.3583474908199446, 0.11292214484370436]
