Global Fit Results.
chi^2: 789.5899230401576
per 4 range=[657.45 - 712.2375, length=300]
mu_1: 2.6184373158933713e-6 ± 6.684644230205641e-8
P_1: 224.7008910823356 ± 4.702656019642438e-6
t01: 3503.770949399302 ± 0.00038762347559977546
ecos1: -0.03329936242710595 ± 0.004524365020238601
esin1: 0.01305643969680348 ± 0.003722525928289153
mu_2: 2.8231452129437355e-6 ± 3.854875801109324e-8
P_2: 365.25646018093477 ± 2.559181303019059e-6
t02: 3624.4085922039676 ± 4.310530691763755e-5
ecos2: -0.01332087839238109 ± 0.003544762548442802
esin2: 0.012826633251429851 ± 0.002946617938591113
mu_3: 1.2771525306147759e-6 ± 7.312510051605062e-8
P_3: 672.3956526716782 ± 0.11846761463191606
t03: 709.405043200822 ± 4.390223916474097
ecos3: -0.2285177172736394 ± 0.011418788329533776
esin3: 0.04243236634045194 ± 0.013974399487046719
mu_4: 0.00033657799262558574 ± 6.668671446309226e-5
P_4: 4048.3776283885472 ± 14.892393916687055
t04: 2165.7809208277963 ± 52.15998505613698
ecos4: 0.010404564834399962 ± 0.03179294473393172
esin4: 0.2049166624376623 ± 0.03628905890010573
Retrieved Earth masses:
[0.8717254772733828, 0.9398764649539777, 0.42518734076367376, 112.05294451020723]
 ± [0.022254398249708086, 0.012833583707178126, 0.02434467793485042, 22.201221942675748]
Retrieved eccentricity:
[0.035767557305581, 0.01849238550623719, 0.2324238645690354, 0.2051806363036826]
