Global Fit Results.
chi^2: 0.9136063266850544
per 4 range=[657.45 - 1314.9, length=100]
mu_1: 2.710394448735733e-6 ± 7.493549259325583e-7
P_1: 224.7008790035984 ± 6.737292384341776e-5
t01: 3503.768163935954 ± 0.0012618027683465793
ecos1: -0.07502408457197117 ± 0.06818639057067301
esin1: 0.004620122105337505 ± 0.04280547099546169
mu_2: 2.599032975168315e-6 ± 4.5537374844974164e-7
P_2: 365.25640283585926 ± 0.00010752649999403425
t02: 3624.408108264773 ± 0.000899581574552441
ecos2: -0.04818061679863375 ± 0.05144814149245315
esin2: 0.005915388412956467 ± 0.03346512178179815
mu_3: 4.903532024663184e-7 ± 7.157419162934262e-7
P_3: 669.773127787729 ± 6.153788059625391
t03: 717.6420222664838 ± 117.89262048866232
ecos3: -0.4605657111623506 ± 0.48539732065918556
esin3: -0.015177666814812054 ± 0.38618997169658154
mu_4: 0.0012346366388308956 ± 0.0015528942692884908
P_4: 5151.937574583717 ± 838.2669513691852
t04: 640.6412018292634 ± 963.8190229664566
ecos4: 0.038242707743560825 ± 0.10586610044665051
esin4: 0.09075354644586914 ± 0.11144231305641826
Retrieved Earth masses:
[0.9023396817949639, 0.8652654187961174, 0.16324751288027015, 411.03302596222835]
 ± [0.24947390433627661, 0.15160221548770716, 0.23828352116673715, 516.9867882014772]
Retrieved eccentricity:
[0.10610007790630771, 0.06813768172012882, 0.6513382750898058, 0.0540833559528143]
 ± [0.0964301183143147, 0.07275865945751721, 0.6864554740157823, 0.14971727504720553]
