Global Fit Results.
chi^2: 105.20454732531584
per 4 range=[657.45 - 730.5, length=200]
mu_1: 5.583311483230917e-6 ± 4.4133589894940165e-7
P_1: 224.70079241051045 ± 5.3569199932542356e-6
t01: 3503.7693256314274 ± 0.00012092884565758242
ecos1: 0.02198036110373763 ± 0.01607830642936055
esin1: -0.04035844030398782 ± 0.007717451835686098
mu_2: 3.116954945637709e-6 ± 1.492129300915741e-7
P_2: 365.2564928437367 ± 1.1932458921815892e-5
t02: 3624.4081038008817 ± 0.00016595732107157536
ecos2: 0.035158342150776234 ± 0.012633125414287287
esin2: -0.030546869004002906 ± 0.006167408571552609
mu_3: 1.1728441267104019e-6 ± 2.3025048803363074e-7
P_3: 656.6494811071951 ± 1.3816252450129045
t03: 170.15572472466783 ± 16.232999972312324
ecos3: 0.056781310759229785 ± 0.017836599615785306
esin3: -0.06737291157126767 ± 0.01811380329529476
mu_4: 0.00047748435061876343 ± 0.0001116339680308929
P_4: 4332.4153151691235 ± 73.86191977702359
t04: 501.6396521069021 ± 159.7172620797612
ecos4: -0.061470162067231084 ± 0.04337832025818707
esin4: -0.10612480426665521 ± 0.03964645358258497
Retrieved Earth masses:
[1.858786092736707, 1.037691076709476, 0.3904611731272559, 158.96323769419686]
 ± [0.14692875968973984, 0.049675702339682895, 0.07665458147699253, 37.16498136922157]
Retrieved eccentricity:
[0.04595584813732906, 0.04657488839212352, 0.08810917355829685, 0.12264197856039152]
