Global Fit Results.
chi^2: 92.07880051407942
per 4 range=[657.45 - 1314.9, length=100]
mu_1: 4.384151052836997e-6 ± 7.319112005462174e-8
P_1: 224.70077207844398 ± 3.2264534735026777e-6
t01: 3503.768969567039 ± 4.972921938108305e-5
ecos1: -0.03492292428581872 ± 0.002943763015084664
esin1: -0.023851356064939593 ± 0.002680252705255644
mu_2: 2.6862030914385984e-6 ± 4.1222089173710995e-8
P_2: 365.25631551897413 ± 1.1837146870472627e-5
t02: 3624.408805847426 ± 0.00011894084533160892
ecos2: -0.017259154737460026 ± 0.0020978839810501847
esin2: -0.016197120162117502 ± 0.0018781650036692533
mu_3: 6.607898105948165e-8 ± 8.205600987292369e-7
P_3: 877.0249970655747 ± 0.9821633587728624
t03: -2329.02257353226 ± 34701.965592200984
ecos3: 2.321627259505778 ± 24.925385389708534
esin3: -9.991098100772367 ± 124.37683097999836
mu_4: 0.0017861447105479173 ± 0.00017528239021854413
P_4: 5447.475362273234 ± 137.23589809102515
t04: -32.122118149914854 ± 191.26115064648044
ecos4: 0.05161628590891868 ± 0.005443147697785425
esin4: 0.05452882371575093 ± 0.006049608779149231
Retrieved Earth masses:
[1.4595637427619697, 0.8942859383053894, 0.02199889642275522, 594.6401087514586]
 ± [0.024366657041786054, 0.013723584345916987, 0.27317940336188173, 58.354700470936145]
Retrieved eccentricity:
[0.049388473162733565, 0.024408130704811824, 3.2832767571681525, 0.07299645157172008]
 ± [0.004163109580345045, 0.0029668559782864323, 35.249818065502005, 0.007697773296208036]
