Global Fit Results.
chi^2: 3.697528104105694
per 4 range=[657.45 - 730.5, length=100]
mu_1: 2.72852020933865e-6 ± 8.522181548513877e-7
P_1: 224.7008940429026 ± 6.0836008826721667e-5
t01: 3503.7687047304157 ± 0.0024627950628812044
ecos1: -0.04460943928919113 ± 0.03614159080822989
esin1: 0.004507998534932707 ± 0.03135850948965056
mu_2: 2.839293219603044e-6 ± 3.749658359116789e-7
P_2: 365.2564660143915 ± 4.150805473915282e-5
t02: 3624.407369900024 ± 0.0005111674317160409
ecos2: -0.024121232605245648 ± 0.027134725760768984
esin2: 0.00626238900463895 ± 0.02527017928604621
mu_3: 7.340533178360695e-7 ± 7.15888717450988e-7
P_3: 671.4892693594962 ± 2.5289314025687064
t03: 17.865118592140234 ± 91.0511122095587
ecos3: -0.3443364754325826 ± 0.2420924402501114
esin3: -0.04784088752783977 ± 0.30348493890424094
mu_4: 0.000673350581097842 ± 0.0009522056616773966
P_4: 4151.087802139934 ± 173.34613777367113
t04: 1719.7899040918649 ± 570.3012436642429
ecos4: -0.005923599418513288 ± 0.18673741713500472
esin4: 0.10857459207939137 ± 0.1522280943524903
Retrieved Earth masses:
[0.9083740776602437, 0.9452524305066596, 0.24437972028229976, 224.1706735223327]
 ± [0.2837189468961571, 0.1248329567743725, 0.23833239394607128, 317.00660919008527]
Retrieved eccentricity:
[0.0630872740526333, 0.0341125742914945, 0.4869653135765084, 0.008377234635726871]
 ± [0.0511119278867375, 0.0383742971821541, 0.3423704123497057, 0.2640865879148456]
