Global Fit Results.
chi^2: 2.558285278153207
per 4 range=[657.45 - 1314.9, length=100]
mu_1: 4.384175803276329e-6 ± 4.3747732125112176e-7
P_1: 224.70077207092822 ± 1.9352896147230513e-5
t01: 3503.7689696921348 ± 0.0002981919368027484
ecos1: -0.0348877471883849 ± 0.017616099984690606
esin1: -0.023860635949182234 ± 0.01604490126937551
mu_2: 2.6862240009132256e-6 ± 2.473411943407864e-7
P_2: 365.25631546769847 ± 7.094110008047209e-5
t02: 3624.4088064116386 ± 0.0007140200731459084
ecos2: -0.017236264658483155 ± 0.012563888697889077
esin2: -0.016200899578421357 ± 0.01124344070626204
mu_3: 7.82624928107753e-8 ± 4.789700659642907e-6
P_3: 877.0278455185438 ± 5.840685386748245
t03: -1893.7871647455408 ± 144371.4226271819
ecos3: 2.017988278566769 ± 104.43073695722633
esin3: -8.43094342267685 ± 517.556337484035
mu_4: 0.0017879892685974642 ± 0.0010539829195786825
P_4: 5448.530677338744 ± 825.336724346696
t04: -33.91878065936865 ± 1149.4289939582409
ecos4: 0.05163177828523323 ± 0.03257500399201268
esin4: 0.05445460707365472 ± 0.036193215541369464
Retrieved Earth masses:
[1.4595719826340523, 0.8942928994503585, 0.026055009407319342, 595.2541957247612]
 ± [0.14564416889002393, 0.0823443889137084, 1.5945785939501473, 350.8901122172731]
Retrieved eccentricity:
[0.049338725234457745, 0.02437575924467894, 2.8538663922590604, 0.0730183611004175]
 ± [0.024912927514469926, 0.01776802179270078, 147.68736453352668, 0.04606801243986204]
