Global Fit Results.
chi^2: 2.7829296390689566
per 4 range=[657.45 - 803.5500000000001, length=100]
mu_1: 2.571826402088172e-6 ± 6.207499146551252e-7
P_1: 224.70087338705727 ± 4.468830282704642e-5
t01: 3503.7687723317154 ± 0.0014066105026828307
ecos1: -0.07239298844069582 ± 0.06265780414384786
esin1: 0.023805917197562393 ± 0.03681879953383711
mu_2: 2.6003984291816693e-6 ± 4.2303162888008293e-7
P_2: 365.25632307685834 ± 8.042477397760067e-5
t02: 3624.408767229638 ± 0.0008260417756882242
ecos2: -0.045883600728347865 ± 0.04996872776715325
esin2: 0.019983123273169524 ± 0.02829354642261986
mu_3: 7.689694297137379e-7 ± 6.645700131903984e-7
P_3: 670.3913604463993 ± 2.445315782242187
t03: 71.39693548570571 ± 49.5483888924628
ecos3: -0.3616838739714893 ± 0.2813166480130813
esin3: 0.09934432239987648 ± 0.15758160776437033
mu_4: 0.0012713322408431308 ± 0.0011827536820919013
P_4: 6074.781117066606 ± 789.7927198036572
t04: -132.49684131303567 ± 1102.408339557416
ecos4: 0.08864132948999186 ± 0.05393227794902708
esin4: 0.11280091138206638 ± 0.12069909522757542
Retrieved Earth masses:
[0.8562078550502504, 0.8657200033088958, 0.25600392992304366, 423.2496602821666]
 ± [0.20665895354287964, 0.14083493477154674, 0.22124746252797817, 393.76024461622046]
Retrieved eccentricity:
[0.10237914607355073, 0.06488921044054156, 0.5114982398621214, 0.12535777035152867]
 ± [0.08861151640874676, 0.0706664525028372, 0.3978418189414378, 0.0762717589251895]
