Global Fit Results.
chi^2: 8.285919904757762
per 4 range=[657.45 - 712.2375, length=100]
mu_1: 2.6979616259646844e-6 ± 7.736053414649132e-7
P_1: 224.70087436055024 ± 4.615697483544421e-5
t01: 3503.771706700852 ± 0.007449439682677425
ecos1: -0.04622694131339602 ± 0.05387167420744501
esin1: 0.00423716395790961 ± 0.03857451435833833
mu_2: 2.7791470680535645e-6 ± 3.870709141018931e-7
P_2: 365.2564607239859 ± 2.7915581855299086e-5
t02: 3624.407440918733 ± 0.00041807064442626657
ecos2: -0.02355798999999123 ± 0.04218280589096822
esin2: 0.005546558277801857 ± 0.03057845171224561
mu_3: 1.0231652898100186e-6 ± 6.219138188393295e-7
P_3: 672.8772249395167 ± 1.6149896530373749
t03: 24.532877792198537 ± 49.88446347728511
ecos3: -0.2567045249860058 ± 0.12430085935177239
esin3: 0.023097298889756205 ± 0.15251407212078805
mu_4: 0.00026874663939035055 ± 0.0007262810021392323
P_4: 4073.4159212935288 ± 168.5508242285046
t04: 1969.13974063327 ± 756.912618490877
ecos4: -0.08516744532134134 ± 0.6395939451018254
esin4: 0.2067667223774517 ± 0.4599213699362877
Retrieved Earth masses:
[0.8982005686307254, 0.925228681094221, 0.3406303619244321, 89.4706514707]
 ± [0.2575473093881014, 0.12886295779778667, 0.20704643844630563, 241.7921748141612]
Retrieved eccentricity:
[0.06537476735242978, 0.033316028960237346, 0.3630350207577525, 0.12044495624610992]
 ± [0.07618605229191358, 0.05965549618995895, 0.17578796110990708, 0.9045224315747143]
