Global Fit Results.
chi^2: 3.5221451709612985
per 4 range=[657.45 - 803.5500000000001, length=100]
mu_1: 2.571867204735062e-6 ± 5.51753537167901e-7
P_1: 224.70087337742552 ± 3.9724066236276305e-5
t01: 3503.768772326422 ± 0.0012502599814711972
ecos1: -0.07240071603750328 ± 0.0557032324051786
esin1: 0.023798335988566996 ± 0.032732987379155976
mu_2: 2.600367239103686e-6 ± 3.7607635776466157e-7
P_2: 365.25632308199954 ± 7.148535765600953e-5
t02: 3624.4087671797506 ± 0.0007342188220684897
ecos2: -0.045889687542145445 ± 0.04442252585190247
esin2: 0.019977379049488594 ± 0.02515371040794702
mu_3: 7.688839183633052e-7 ± 5.907106367640543e-7
P_3: 670.3910625345495 ± 2.1739217673279385
t03: 741.7873331232298 ± 42.940275992245006
ecos3: -0.3617040192329444 ± 0.2500836330297686
esin3: 0.09933171341938704 ± 0.14007669441194878
mu_4: 0.0012711460248373164 ± 0.00105114423414144
P_4: 6074.583259894143 ± 702.1053825198859
t04: -132.32178748761405 ± 980.1973518513513
ecos4: 0.0886319103325358 ± 0.047961826255979084
esin4: 0.1128132162864597 ± 0.10730160420559862
Retrieved Earth masses:
[0.8562214389946201, 0.8657096195638081, 0.25597546163689616, 423.18766558190805]
 ± [0.18368880270897886, 0.12520266972737618, 0.19665833076776182, 349.945062128585]
Retrieved eccentricity:
[0.10239007454576039, 0.06489781849516575, 0.5115267295640887, 0.12534444965130817]
 ± [0.07877626673542405, 0.0628229385346299, 0.35367166555823487, 0.06782826516738763]
