Global Fit Results.
chi^2: 529.1251926037847
per 4 range=[657.45 - 730.5, length=200]
mu_1: 5.199206141637986e-6 ± 7.153649139734418e-8
P_1: 224.70071949477992 ± 4.1798256680385135e-6
t01: 3503.7700131540655 ± 7.931824429194833e-5
ecos1: -0.020022770741684594 ± 0.0008511466196435689
esin1: 0.0011005438835910823 ± 0.0009703497565867228
mu_2: 2.9589143580052257e-6 ± 3.429910865645509e-8
P_2: 365.25646337731587 ± 3.525641058876733e-6
t02: 3624.408621302414 ± 5.0766688257084674e-5
ecos2: 0.0006986619961966513 ± 0.000677533776680723
esin2: 0.0043014611539044486 ± 0.0007246157349526055
mu_3: 6.55039274137529e-7 ± 5.123148558385006e-8
P_3: 679.8522240875653 ± 0.3175474001601889
t03: 399.43055345873313 ± 11.127532821060912
ecos3: -0.1470357847891845 ± 0.016509649578255993
esin3: 0.23174330635003493 ± 0.02730386148247985
mu_4: 0.0021994259569145633 ± 9.804367335599571e-5
P_4: 4370.0444268898445 ± 12.061868565302747
t04: 40.88732296484475 ± 24.276770503617314
ecos4: 0.0655911261067257 ± 0.002313797514159799
esin4: -0.03688070445889346 ± 0.0019699090355945297
Retrieved Earth masses:
[1.730910428045031, 0.9850764863787207, 0.21807450589495062, 732.2289635811511]
 ± [0.023815801022732043, 0.011418798029693792, 0.017055894731919093, 32.64052472485136]
Retrieved eccentricity:
[0.020052993417786043, 0.004357831644691943, 0.27445305982374746, 0.07524880188635986]
