Global Fit Results.
chi^2: 229.76311405030523
per 4 range=[657.45 - 803.5500000000001, length=300]
mu_1: 2.5321372781567496e-6 ± 7.198325542717891e-8
P_1: 224.70087597036 ± 5.067128257907648e-6
t01: 3503.769429834409 ± 0.00015246619190765185
ecos1: -0.08258872152902914 ± 0.008079042191447828
esin1: 0.01824780637903513 ± 0.0046311045208550705
mu_2: 2.506561941696676e-6 ± 4.8423137271579333e-8
P_2: 365.25633156850824 ± 8.913253859890589e-6
t02: 3624.4098494760997 ± 9.138596464281487e-5
ecos2: -0.0540863712474811 ± 0.006451366397268937
esin2: 0.01605630909559923 ± 0.003563969205338567
mu_3: 7.322339070012225e-7 ± 7.29122057563717e-8
P_3: 670.3919971244576 ± 0.27757414426102883
t03: 69.96302394327277 ± 5.667818562083902
ecos3: -0.38330657424684556 ± 0.03397551360839991
esin3: 0.09175840739174743 ± 0.018298141824942202
mu_4: 0.0010864846668220145 ± 0.0001247013026588605
P_4: 6058.550344231114 ± 93.8512434529857
t04: -146.54201863374112 ± 130.90648997695837
ecos4: 0.07802920224947549 ± 0.007153610395692031
esin4: 0.12374976693828313 ± 0.01608135828821239
Retrieved Earth masses:
[0.8429946227564397, 0.8344801273943544, 0.24377400527482695, 361.710535893616]
 ± [0.02396453690606687, 0.016120944424724577, 0.024273801391477154, 41.5153350882563]
Retrieved eccentricity:
[0.08458060866088797, 0.05641932839456504, 0.3941364423495021, 0.14629614219441656]
