Global Fit Results.
chi^2: 6.22515061715573
per 4 range=[657.45 - 712.2375, length=100]
mu_1: 2.6366189357228262e-6 ± 7.140501231430668e-7
P_1: 224.70088290081256 ± 5.159247905441373e-5
t01: 3503.7703686053937 ± 0.004433936354834252
ecos1: -0.03879886000121264 ± 0.04537640723717798
esin1: 0.006700737104230462 ± 0.03681948710917348
mu_2: 2.827574806412965e-6 ± 4.042919048521457e-7
P_2: 365.2564594843502 ± 2.821457250267255e-5
t02: 3624.407455766719 ± 0.00047436997182226755
ecos2: -0.01756572897590204 ± 0.035221261358694675
esin2: 0.007856328117451628 ± 0.029310839083511085
mu_3: 1.1505023255645933e-6 ± 7.548223977833839e-7
P_3: 672.4728967408388 ± 1.3987102445887876
t03: 26.482995751742305 ± 52.96349063729146
ecos3: -0.24353411340487383 ± 0.12248595069368888
esin3: 0.01382013867190149 ± 0.15970535541319533
mu_4: 0.00039621740528890506 ± 0.0007646727806608531
P_4: 4064.0302308814807 ± 169.46415017432292
t04: 2024.0209571046582 ± 583.5449347635832
ecos4: -0.003681810516275133 ± 0.30784987083370385
esin4: 0.16038178701183517 ± 0.274066949025708
Retrieved Earth masses:
[0.8777784696926523, 0.9413511573048902, 0.3830231805701066, 131.9079913171988]
 ± [0.23772029241098527, 0.1345961392987395, 0.2512941253053677, 254.57349718991392]
Retrieved eccentricity:
[0.05486987401832991, 0.02484169215069072, 0.3444092460776799, 0.00520686636620418]
 ± [0.06417193052658177, 0.049810385497353435, 0.17322129267117703, 0.4353654625078295]
