Global Fit Results.
chi^2: 6.806840213772807
per 4 range=[657.45 - 730.5, length=100]
mu_1: 2.7925234849279297e-6 ± 8.497814470908561e-7
P_1: 224.70087042967668 ± 5.164951806299381e-5
t01: 3503.7697235595815 ± 0.003585557775615209
ecos1: -0.05592695874073908 ± 0.0631279520269533
esin1: -0.0019204583335315835 ± 0.04335978895460789
mu_2: 2.7365257692569603e-6 ± 4.2366746153758077e-7
P_2: 365.2564760255045 ± 3.255286188614695e-5
t02: 3624.4073072549154 ± 0.00043873526585808315
ecos2: -0.031008348699547023 ± 0.049830782046821835
esin2: 0.0008300515368796273 ± 0.03415711470652728
mu_3: 8.598704376099545e-7 ± 5.935739778523674e-7
P_3: 672.2708559880258 ± 1.7379151192512727
t03: 20.18082237303013 ± 59.96868681756677
ecos3: -0.2757789110089756 ± 0.1370688179360317
esin3: -0.014147427159816164 ± 0.17533192859530863
mu_4: 0.00032741401431920337 ± 0.0007312185687139837
P_4: 4163.2561490585485 ± 189.7442788931213
t04: 1435.0096489845325 ± 1055.1146312851367
ecos4: -0.15130340178124715 ± 0.5528323026680971
esin4: 0.07974762520163936 ± 0.2744864321214422
Retrieved Earth masses:
[0.9296819339230119, 0.911039274378252, 0.28626653121274653, 109.00208921022897]
 ± [0.2829077224980659, 0.14104661504491398, 0.1976115891717938, 243.43598066462732]
Retrieved eccentricity:
[0.07909266355343372, 0.04385242727769353, 0.3900102761653762, 0.21397532283222523]
 ± [0.08927640592135548, 0.07047136779427317, 0.1938445813035846, 0.7818229401511707]
