Global Fit Results.
chi^2: 82.11730971906077
per 4 range=[657.45 - 712.2375, length=100]
mu_1: 2.5479630647142595e-6 ± 2.000009700580174e-7
P_1: 224.70088812615052 ± 1.4321859111695538e-5
t01: 3503.7696999289105 ± 0.0010194062435740557
ecos1: -0.03665115872847943 ± 0.011307200561286063
esin1: 0.009259244948560803 ± 0.009618216266701318
mu_2: 2.8416220148490028e-6 ± 1.0855226257991992e-7
P_2: 365.2564560051529 ± 8.216542172023865e-6
t02: 3624.407494343255 ± 0.00013280671227388426
ecos2: -0.01574903173903558 ± 0.008766577965160801
esin2: 0.009892986755812027 ± 0.007615308816664986
mu_3: 1.2419622340147752e-6 ± 2.146817826050151e-7
P_3: 672.2665213232412 ± 0.3798668046356007
t03: 27.600441912196022 ± 13.822615811481521
ecos3: -0.23257311867080105 ± 0.03088410326565678
esin3: 0.008338719308593923 ± 0.04155406769097414
mu_4: 0.0004627198921643061 ± 0.00020392468478579395
P_4: 4068.260825449822 ± 45.03842332341476
t04: 2064.0616483334875 ± 136.20044249340373
ecos4: 0.02305221060255714 ± 0.05733927482467632
esin4: 0.14346432642739032 ± 0.05847744051090474
Retrieved Earth masses:
[0.8482633153679966, 0.946027728863024, 0.41347185003459314, 154.04788054022825]
 ± [0.0665839659482093, 0.03613902549135521, 0.07147147585597513, 67.89024205151507]
Retrieved eccentricity:
[0.051832565750504656, 0.022272494279588446, 0.32890805866765416, 0.03260074887681716]
 ± [0.015990796386243424, 0.012397813453931535, 0.043676717700023016, 0.08108998011369543]
