Global Fit Results.
chi^2: 105.694142903255
per 4 range=[657.45 - 712.2375, length=300]
mu_1: 5.068171861663564e-6 ± 3.1033295986557824e-7
P_1: 224.70075528800663 ± 7.5301456043967815e-6
t01: 3503.769851157498 ± 0.0001625991415219822
ecos1: 0.00266733600431488 ± 0.014925821524846531
esin1: -0.03994559271062209 ± 0.007355247278697938
mu_2: 3.0676286190210558e-6 ± 1.349828972112515e-7
P_2: 365.2564519934226 ± 9.522011508898499e-6
t02: 3624.4086037082434 ± 0.00014518314785046636
ecos2: 0.01803514909609099 ± 0.01161495203100875
esin2: -0.030419635878267102 ± 0.005820378652184164
mu_3: 7.807995205467636e-7 ± 1.695429303093917e-7
P_3: 686.741108298721 ± 1.4806723067693661
t03: 365.99215836703263 ± 15.569211192190416
ecos3: -0.02325384271086653 ± 0.033362964001465815
esin3: -0.14718365376966608 ± 0.02794783045387795
mu_4: 0.0006133489698897169 ± 0.00016518099238501847
P_4: 4506.19764859375 ± 57.81987112395518
t04: 307.1607952814534 ± 147.18323633983837
ecos4: -0.09162787206793445 ± 0.05265953405911852
esin4: -0.02456128230766776 ± 0.03004069062219882
Retrieved Earth masses:
[1.6872867294532983, 1.0212694441001906, 0.25994238264635755, 204.19504422233197]
 ± [0.10331549505136182, 0.044938265193900824, 0.05644392972296799, 54.99176113528354]
Retrieved eccentricity:
[0.04003454830971394, 0.035364118112637656, 0.1490092921190174, 0.0948626561313498]
