Global Fit Results.
chi^2: 28.258735782789312
per 4 range=[657.45 - 1314.9, length=300]
mu_1: 3.833883572733442e-6 ± 3.733006046600115e-7
P_1: 224.70075752901715 ± 1.9759607432210263e-5
t01: 3503.769731008586 ± 0.00024316050936112557
ecos1: -0.07548135115644826 ± 0.027408997153568496
esin1: -0.004793962199970242 ± 0.013251619334444617
mu_2: 2.817196417000071e-6 ± 1.8072539905822927e-7
P_2: 365.2562907026131 ± 5.042178875280704e-5
t02: 3624.409953131315 ± 0.00042513992819355446
ecos2: -0.04301886359776762 ± 0.02148687288331251
esin2: -0.0017155613578485266 ± 0.010080335755552757
mu_3: 9.950229801636877e-10 ± 1.393372037879551e-6
P_3: 943.1960231561803 ± 8.258709195205075
t03: 926.5219110668314 ± 239275.95844965326
ecos3: 568.2347571516339 ± 795719.8768699566
esin3: 0.4816217721947946 ± 797.1446698376287
mu_4: 0.00142728304004676 ± 0.0005921925575237307
P_4: 5389.644880562034 ± 296.6665216935275
t04: 376.90056988783016 ± 343.0228097386543
ecos4: 0.06526254842283451 ± 0.029116478261716077
esin4: 0.08237380172362159 ± 0.0285613293877389
Retrieved Earth masses:
[1.2763696755182279, 0.9378960024270665, 0.000331261274431248, 475.1685219794787]
 ± [0.12427857095851999, 0.06016677725802506, 0.46387893166941124, 197.1516891818316]
Retrieved eccentricity:
[0.07563343470964277, 0.04305305768485996, 568.2349612569678, 0.1050934985479375]
