Global Fit Results.
chi^2: 733.4293595789044
per 4 range=[657.45 - 712.2375, length=200]
mu_1: 2.469057332465703e-6 ± 6.96317286680281e-8
P_1: 224.7008874857407 ± 4.568684567631041e-6
t01: 3503.772100028249 ± 0.0006553729535409902
ecos1: -0.043772316549311976 ± 0.006922980369677604
esin1: 0.012820052551757246 ± 0.0046841295954074685
mu_2: 2.7846754120712604e-6 ± 4.6711395126873456e-8
P_2: 365.2564664700827 ± 2.969757430681721e-6
t02: 3624.4085309600573 ± 4.598556476687439e-5
ecos2: -0.021677408298044612 ± 0.005451180820985835
esin2: 0.01273769684590804 ± 0.003689928280842928
mu_3: 1.1479050959158067e-6 ± 7.60777928275814e-8
P_3: 672.7365961831848 ± 0.14036546595804847
t03: 707.1710505467955 ± 4.733910101192346
ecos3: -0.2483305265640523 ± 0.015390480227975291
esin3: 0.05004293158658199 ± 0.016573503120144134
mu_4: 0.00019216803475417745 ± 7.468502377284163e-5
P_4: 4049.9850609643086 ± 17.187100384357134
t04: 2321.7313954863293 ± 121.08227978075153
ecos4: -0.053587454417359584 ± 0.08751365477373572
esin4: 0.32999869819214644 ± 0.114093051614167
Retrieved Earth masses:
[0.8219941598352392, 0.9270691675164492, 0.38215851551151053, 63.976239108713905]
 ± [0.023181670814906505, 0.01555107428538401, 0.02532768298862328, 24.864004801024432]
Retrieved eccentricity:
[0.045611067116687685, 0.02514277135596609, 0.2533226113582418, 0.33432133656026797]
