Global Fit Results.
chi^2: 20.923422912425938
per 4 range=[657.45 - 712.2375, length=100]
mu_1: 2.6366071225975306e-6 ± 3.894806357570567e-7
P_1: 224.7008829024032 ± 2.8140645346399663e-5
t01: 3503.7703685193032 ± 0.002418452618392284
ecos1: -0.03879769507017054 ± 0.024748139258253938
esin1: 0.00670004325763593 ± 0.020080466686496493
mu_2: 2.827579876413782e-6 ± 2.2051467506201499e-7
P_2: 365.25645948430287 ± 1.538985897681026e-5
t02: 3624.40745576876 ± 0.0002587485827115371
ecos2: -0.017564884543448442 ± 0.019209494737426985
esin2: 0.007855787280199656 ± 0.015985465516990323
mu_3: 1.1505250454854868e-6 ± 4.117174158711258e-7
P_3: 672.4728934562528 ± 0.7629504152428579
t03: 698.9544006785175 ± 28.602921547228068
ecos3: -0.2435312589490419 ± 0.06680747073484888
esin3: 0.013814515164619286 ± 0.08710731446699756
mu_4: 0.0003962626374136856 ± 0.0004170611910094085
P_4: 4064.0286419875015 ± 92.42954011123823
t04: 2024.0300773197687 ± 318.25384452392905
ecos4: -0.0036632372092728076 ± 0.16786315760126924
esin4: 0.160366764600491 ± 0.1494514192585215
Retrieved Earth masses:
[0.8777745368880654, 0.9413528452005121, 0.3830307444456152, 131.92304991544097]
 ± [0.12966519802984922, 0.07341335200099475, 0.13706822717257533, 138.84726725292637]
Retrieved eccentricity:
[0.05486822655705095, 0.024840497942862336, 0.3444052092675292, 0.005180599743543372]
 ± [0.034999154182520746, 0.027166327984003837, 0.09448003118106693, 0.23739435410248727]
