Global Fit Results.
chi^2: 18.643319648268637
per 4 range=[657.45 - 712.2375, length=100]
mu_1: 2.697942692046117e-6 ± 5.157052159479375e-7
P_1: 224.70087436538444 ± 3.077317352453509e-5
t01: 3503.771705390326 ± 0.00496431812125537
ecos1: -0.04622338241622606 ± 0.03590477738183268
esin1: 0.0042367360795506305 ± 0.025713591455593095
mu_2: 2.7791637451105303e-6 ± 2.5801620525558804e-7
P_2: 365.2564607228212 ± 1.8610195812099587e-5
t02: 3624.4074409338486 ± 0.00027870947597072435
ecos2: -0.0235553540054407 ± 0.02811403418108347
esin2: 0.005546127331737175 ± 0.020383582723365407
mu_3: 1.0232023062198213e-6 ± 4.1462003628949396e-7
P_3: 672.8769963278085 ± 1.076622860740342
t03: 697.4066527431287 ± 32.867454336171114
ecos3: -0.2567012981022018 ± 0.08285305662332905
esin3: 0.02307632154844983 ± 0.10169795664254934
mu_4: 0.00026885928360487264 ± 0.00048426751733902565
P_4: 4073.428782951314 ± 112.36864028850461
t04: 1969.033827064442 ± 504.52763472205214
ecos4: -0.08509523321129782 ± 0.4261134692674865
esin4: 0.20668217078791554 ± 0.3064292435012369
Retrieved Earth masses:
[0.8981942651843532, 0.9252342331902573, 0.34064268536150893, 89.50815278152778]
 ± [0.17168765995500182, 0.08589829449247499, 0.13803456238105524, 161.22147745069378]
Retrieved eccentricity:
[0.06536973431178494, 0.033312301100993646, 0.3630304572549127, 0.1203428329007188]
 ± [0.050777023127374525, 0.03975924843190901, 0.11717191636077794, 0.6026154473479304]
