Global Fit Results.
chi^2: 3.3192086068095485
per 4 range=[657.45 - 730.5, length=100]
mu_1: 2.7119101841534124e-6 ± 1.1735560086154835e-6
P_1: 224.70087431750258 ± 6.829335654806373e-5
t01: 3503.769475561816 ± 0.004251068137359784
ecos1: -0.06353991303410612 ± 0.10550632293744187
esin1: -0.0010588265638130073 ± 0.06417335623140434
mu_2: 2.6562686103830966e-6 ± 6.403540165346719e-7
P_2: 365.2564675377135 ± 4.720166136309516e-5
t02: 3624.4073692310667 ± 0.0006068076745538342
ecos2: -0.037462696928829954 ± 0.08385620522002253
esin2: 0.002038600822112981 ± 0.050610602222276556
mu_3: 7.511978932363676e-7 ± 7.781435115712415e-7
P_3: 672.0734296485645 ± 2.3744621068976723
t03: 22.218469081621326 ± 85.67859705306795
ecos3: -0.3178022400240387 ± 0.2523604992093192
esin3: -0.013774990489772493 ± 0.2715862751634952
mu_4: 0.000252199254124476 ± 0.0008370135532144427
P_4: 4137.151322698691 ± 243.45064414771429
t04: 1471.1476429995973 ± 1418.4362072556355
ecos4: -0.24615340387697243 ± 1.1202260026826492
esin4: 0.10350774809761752 ± 0.4946398969330579
Retrieved Earth masses:
[0.9028442977246166, 0.884320204305706, 0.2500874617213478, 83.96172550521456]
 ± [0.39069817158038017, 0.21318551614712256, 0.2590581488792263, 278.6570580595342]
Retrieved eccentricity:
[0.08985900676483988, 0.05298025407982422, 0.44944023799454513, 0.3481134821871164]
 ± [0.14920847281424585, 0.1185905827112974, 0.3568916405890639, 1.5842388059168016]
