Global Fit Results.
chi^2: 8.222456934604343
per 4 range=[657.45 - 1314.9, length=100]
mu_1: 2.710392431807524e-6 ± 2.4978521698576437e-7
P_1: 224.70087900364973 ± 2.2457286743075287e-5
t01: 3503.7681639400157 ± 0.00042061001392830656
ecos1: -0.07502407052497834 ± 0.022729042483264288
esin1: 0.004620233818338236 ± 0.014268490644335828
mu_2: 2.5990326343715413e-6 ± 1.517907001415005e-7
P_2: 365.25640283539076 ± 3.5842889713504124e-5
t02: 3624.4081082711036 ± 0.00029986460659839884
ecos2: -0.0481806223539114 ± 0.017149518856291675
esin2: 0.005915479172083599 ± 0.01115501683401963
mu_3: 4.903506474333773e-7 ± 2.3857580827662047e-7
P_3: 669.773149721085 ± 2.051266568769695
t03: 717.6417974153616 ± 39.29827626744253
ecos3: -0.46056886709534206 ± 0.1617981200458134
esin3: -0.0151777432750953 ± 0.12873182736735433
mu_4: 0.0012346413743397665 ± 0.0005176653648227013
P_4: 5151.944219587614 ± 279.4151214836259
t04: 640.6337298560966 ± 321.2634834480173
ecos4: 0.038242755955862275 ± 0.03528819740917203
esin4: 0.09075373816070889 ± 0.03714910905746291
Retrieved Earth masses:
[0.9023390103228249, 0.8652653053386639, 0.16324666226326415, 411.0346024993887]
 ± [0.08315804857007239, 0.05053388894336198, 0.07942623223151819, 172.34022921950503]
Retrieved eccentricity:
[0.10610005804085994, 0.06813768957647781, 0.6513427382530442, 0.05408342413530488]
 ± [0.03214372013958661, 0.02425308215474082, 0.22881709573525946, 0.0499050473677502]
