Global Fit Results.
chi^2: 1.1381022443317073
per 4 range=[657.45 - 1314.9, length=100]
mu_1: 4.384326857878537e-6 ± 6.557360777479906e-7
P_1: 224.70077206106063 ± 2.9038725126770975e-5
t01: 3503.7689698881536 ± 0.0004472301110048501
ecos1: -0.034736369560019256 ± 0.02654105245994612
esin1: -0.023916712855066937 ± 0.024180548002263574
mu_2: 2.6863797164515595e-6 ± 3.709763441969066e-7
P_2: 365.2563154035382 ± 0.00010677581062333263
t02: 3624.4088073042435 ± 0.00107444742423743
ecos2: -0.01713721877582425 ± 0.018843011853503885
esin2: -0.016229004916542823 ± 0.016917636391762508
mu_3: 1.3244073479709078e-7 ± 7.186846945471903e-6
P_3: 877.0378166394089 ± 8.782117609950774
t03: -927.8849122585764 ± 75528.6184328066
ecos3: 1.3415399192652286 ± 56.60464919595596
esin3: -4.966363709939752 ± 271.1267052468235
mu_4: 0.001794411908712203 ± 0.0015928744347222927
P_4: 5451.562972506699 ± 1253.3559677800217
t04: -39.940433857460164 ± 1756.412909414961
ecos4: 0.051668769019755985 ± 0.04866625859887328
esin4: 0.054134828371173525 ± 0.05481692458878422
Retrieved Earth masses:
[1.4596222714625855, 0.8943447399894272, 0.0440919330207609, 597.3924096072905]
 ± [0.21830648450914486, 0.12350478231396864, 2.39263225650095, 530.2969135127485]
Retrieved eccentricity:
[0.04912464493938317, 0.024235687214125504, 1.8972239482897935, 0.07307067389886172]
 ± [0.0375347163485116, 0.026648042919182185, 80.05106258629223, 0.06882448294048285]
