Global Fit Results.
chi^2: 5.546772789390604
per 4 range=[657.45 - 712.2375, length=100]
mu_1: 2.697953013259741e-6 ± 9.454685451921859e-7
P_1: 224.70087436388167 ± 5.641669720613104e-5
t01: 3503.7717059026145 ± 0.009102755769983284
ecos1: -0.046224782205317956 ± 0.06582749087371677
esin1: 0.004235935051819219 ± 0.047143295687092523
mu_2: 2.7791561658978987e-6 ± 4.7302518684263854e-7
P_2: 365.2564607228808 ± 3.411892887018533e-5
t02: 3624.4074409324953 ± 0.0005109721782860056
ecos2: -0.023556439032893055 ± 0.051544071716038545
esin2: 0.005545537403559093 ± 0.03737123061432896
mu_3: 1.0231756973029153e-6 ± 7.60118041198614e-7
P_3: 672.8771050872853 ± 1.9738461251721175
t03: 24.528105326364695 ± 60.99421569527868
ecos3: -0.2567058160637397 ± 0.15190147064776915
esin3: 0.023076269414429276 ± 0.1864763376049374
mu_4: 0.0002688476623387132 ± 0.0008878353645134739
P_4: 4073.4283830527993 ± 206.00877610016735
t04: 1969.0348967088612 ± 925.0384002234009
ecos4: -0.08510834390225495 ± 0.7812498253198701
esin4: 0.20669135407308353 ± 0.5618543412742671
Retrieved Earth masses:
[0.8981977013043694, 0.925231709932317, 0.34063382676838977, 89.50428385034203]
 ± [0.3147637003956416, 0.15747870084949628, 0.25305714145839564, 295.5765647598236]
Retrieved eccentricity:
[0.06537171391250315, 0.033313835561532314, 0.3630368466173938, 0.12036137421768246]
 ± [0.0930941303706014, 0.07289432528075317, 0.21482111993449376, 1.1048540985689717]
