Global Fit Results.
chi^2: 1.9114821348391327
per 4 range=[657.45 - 803.5500000000001, length=100]
mu_1: 2.590841316464172e-6 ± 6.965740456483964e-7
P_1: 224.7008753940459 ± 5.330554188854608e-5
t01: 3503.7684949178365 ± 0.0013183017876775562
ecos1: -0.07502390611951058 ± 0.06775317361512373
esin1: 0.0189712301101771 ± 0.042941768189249815
mu_2: 2.5947849635228615e-6 ± 4.777965780244804e-7
P_2: 365.2563281992466 ± 0.00010385230655899906
t02: 3624.408709232042 ± 0.0009757419940580222
ecos2: -0.04796611695926565 ± 0.05384668890676879
esin2: 0.01631912526756836 ± 0.03321794001291171
mu_3: 7.040517265107828e-7 ± 7.342824961137166e-7
P_3: 669.4377981749709 ± 3.546848068437222
t03: 77.23502720304081 ± 64.83495347784181
ecos3: -0.3888353239584331 ± 0.351505847012836
esin3: 0.0884380708770331 ± 0.23792464094964483
mu_4: 0.0012214830927801546 ± 0.001278869978588279
P_4: 5781.197494803087 ± 920.9906037082079
t04: 141.19334978467643 ± 1219.5633322108115
ecos4: 0.07994102754405227 ± 0.07209758806928797
esin4: 0.11496122838512023 ± 0.13754466717889574
Retrieved Earth masses:
[0.8625382664025176, 0.8638511783418514, 0.23439164405139198, 406.65397089021207]
 ± [0.231902187886413, 0.15906718388477947, 0.2444560179054088, 425.7591104773525]
Retrieved eccentricity:
[0.10609982553641771, 0.06783433313816761, 0.5498961886717522, 0.11305368534283988]
 ± [0.09581745702032693, 0.07615071774083731, 0.49710433609899496, 0.1019613868619757]
