Global Fit Results.
chi^2: 21.13354406118771
per 4 range=[657.45 - 712.2375, length=100]
mu_1: 2.624350779661682e-6 ± 3.8702194101311253e-7
P_1: 224.70088341008756 ± 2.7988662464657028e-5
t01: 3503.7704176675416 ± 0.002474418751541835
ecos1: -0.03755856397661915 ± 0.021514978007355037
esin1: 0.006718810910431501 ± 0.01889059515652938
mu_2: 2.8484980574877525e-6 ± 2.1070039700896866e-7
P_2: 365.2564600758275 ± 1.4728817016257656e-5
t02: 3624.4074506227034 ± 0.0002556368889258916
ecos2: -0.01664680026342038 ± 0.016549393780302395
esin2: 0.007951110134073253 ± 0.015037682624549078
mu_3: 1.1480858053034715e-6 ± 4.000405907315676e-7
P_3: 672.5033161880697 ± 0.7487684035109852
t03: 697.4819098021355 ± 27.632771129148956
ecos3: -0.24514034357833944 ± 0.06446491624655332
esin3: 0.010297964313735053 ± 0.08480615034643225
mu_4: 0.0004286822116598062 ± 0.00040770772471407824
P_4: 4067.74432765459 ± 89.59955811012804
t04: 2019.8434581458005 ± 292.8563393612014
ecos4: 0.004980939190716247 ± 0.1408689586038058
esin4: 0.15367354377571502 ± 0.13259109616680995
Retrieved Earth masses:
[0.8736941770755435, 0.9483168887045195, 0.38221867695828404, 142.7161167042318]
 ± [0.12884665376448723, 0.07014600007014796, 0.13318079939035005, 135.73332794990532]
Retrieved eccentricity:
[0.05311583055899237, 0.02354213070264511, 0.34668079857328793, 0.007044111756866585]
 ± [0.03042677369216036, 0.023404377133156594, 0.09116715885312138, 0.19921879177487625]
