Global Fit Results.
chi^2: 108.50392759049033
per 4 range=[657.45 - 730.5, length=200]
mu_1: 2.796656091550652e-6 ± 2.667910275740874e-7
P_1: 224.7008481322192 ± 1.5511999045097536e-5
t01: 3503.7764473381617 ± 0.007315068515105808
ecos1: -0.06668167612350993 ± 0.029963223726119665
esin1: 0.005234954709002026 ± 0.014872008553724973
mu_2: 2.6276057918019157e-6 ± 1.6759484420678965e-7
P_2: 365.256458234363 ± 1.1964996883291186e-5
t02: 3624.4084859508284 ± 0.00015525893958611773
ecos2: -0.039948120130442466 ± 0.023582630050534827
esin2: 0.007924471880664152 ± 0.011790592986943389
mu_3: 4.5592975891287187e-7 ± 1.744007430462163e-7
P_3: 673.3019938743435 ± 0.6916366464991139
t03: 17.09835870793361 ± 31.767569845789136
ecos3: -0.47414763126973725 ± 0.13960475327338234
esin3: 0.04291265094999779 ± 0.11413190616321474
mu_4: 0.00021088262760455217 ± 0.00019191436203511758
P_4: 4024.893741899795 ± 52.66547646364933
t04: 2142.6438086782955 ± 351.0252387967275
ecos4: -0.1984168289304018 ± 0.32582534264111
esin4: 0.3440640495823869 ± 0.2759505624213175
Retrieved Earth masses:
[0.9310577539431091, 0.8747778299070446, 0.15178732149860885, 70.2066679547464]
 ± [0.08881959267561414, 0.05579537637504069, 0.0580611840680728, 63.89178683989254]
Retrieved eccentricity:
[0.06688684983945632, 0.04072652153749077, 0.4760855719828727, 0.3971766712910358]
