Global Fit Results.
chi^2: 313.9080949943082
per 4 range=[657.45 - 803.5500000000001, length=100]
mu_1: 2.807348916383235e-6 ± 8.570047401384643e-8
P_1: 224.70089677706682 ± 6.3245264670809075e-6
t01: 3503.7685000570673 ± 0.00022146121380945975
ecos1: -0.043807637223328796 ± 0.003254572888197998
esin1: 0.006728804659319325 ± 0.0031564235609699673
mu_2: 2.784448992249201e-6 ± 3.746350504120106e-8
P_2: 365.25646136010573 ± 4.4375877741315124e-6
t02: 3624.407407135834 ± 5.3128331028083766e-5
ecos2: -0.02380899761257777 ± 0.0024175945614936566
esin2: 0.007868369470290402 ± 0.002541346463661236
mu_3: 6.869643987510231e-7 ± 7.792082465058344e-8
P_3: 671.3271946634114 ± 0.2761697030925101
t03: 21.673910271494435 ± 9.745577772361703
ecos3: -0.36352988445690626 ± 0.029671355331543706
esin3: -0.042540385616878354 ± 0.03323420318044065
mu_4: 0.000799223839933434 ± 9.520868737456576e-5
P_4: 4185.002674767357 ± 23.01465262581526
t04: 1674.6629686589351 ± 49.95165525269064
ecos4: 0.016777107549152973 ± 0.012989640967453203
esin4: 0.0986886288438748 ± 0.012069972811230288
Retrieved Earth masses:
[0.9346175900995854, 0.9269937882334507, 0.22870296139464444, 266.0761741689942]
 ± [0.028531248832583345, 0.012472283225627802, 0.025941261853308965, 31.69670625238882]
Retrieved eccentricity:
[0.06195335469675202, 0.03367100733021613, 0.514108892926881, 0.02372641303340417]
 ± [0.004602661118221383, 0.0034189950171837646, 0.04196163312386035, 0.01837012642652949]
