Global Fit Results.
chi^2: 0.7516535768198356
per 4 range=[657.45 - 1314.9, length=100]
mu_1: 4.363405445219216e-6 ± 8.935395731845034e-7
P_1: 224.70077455058035 ± 4.3270487449463894e-5
t01: 3503.768939456138 ± 0.000624426139362547
ecos1: -0.036912471358865946 ± 0.04363534798805075
esin1: -0.023461951756446543 ± 0.03748576488503343
mu_2: 2.6801596959756106e-6 ± 4.697829508060878e-7
P_2: 365.25632563180744 ± 0.00019972052181519716
t02: 3624.408717102436 ± 0.001779539417361211
ecos2: -0.018682204854962317 ± 0.03289586167454408
esin2: -0.015957378959188286 ± 0.027713132873482683
mu_3: 1.0359529713431592e-8 ± 8.83363299165165e-6
P_3: 876.5961268488101 ± 16.794861114494342
t03: -17005.565475789903 ± 1.4898383020982545e7
ecos3: 8.439846365442062 ± 6920.4688777899755
esin3: -62.618271170603826 ± 53394.58625658608
mu_4: 0.001709937444760971 ± 0.001995908874374504
P_4: 5392.414233199413 ± 1614.8762798036767
t04: 42.37417816871849 ± 2185.3152388444587
ecos4: 0.04976564891122108 ± 0.06621755305600041
esin4: 0.05510325825834292 ± 0.06588269101239977
Retrieved Earth masses:
[1.4526571521049518, 0.8922739818753659, 0.0034488761403432024, 569.2693218563138]
 ± [0.2974755997285197, 0.15639930141562788, 2.9408773274674096, 664.4744197417125]
Retrieved eccentricity:
[0.052202117616416646, 0.02642062748092019, 11.935745194353437, 0.0703792556305467]
 ± [0.06170970092357092, 0.046521773726089545, 9787.020944951497, 0.09364576159895577]
