Global Fit Results.
chi^2: 67.00113223104294
per 4 range=[657.45 - 1314.9, length=300]
mu_1: 4.453511519071093e-6 ± 7.288243034793097e-8
P_1: 224.70077052845286 ± 3.301693656188724e-6
t01: 3503.769691709139 ± 5.0548510190214096e-5
ecos1: -0.03169307783909664 ± 0.0024676168273255255
esin1: -0.023629762290043637 ± 0.0023776944347490628
mu_2: 2.6470351625875623e-6 ± 4.122948995478968e-8
P_2: 365.2563101489737 ± 1.2061393595339237e-5
t02: 3624.409988445353 ± 0.0001193383468430091
ecos2: -0.015056838125529024 ± 0.0017010388868216359
esin2: -0.015671309444248847 ± 0.001624890949351401
mu_3: 3.504992599125132e-8 ± 6.908777144297744e-7
P_3: 876.51356673332 ± 1.0146806792527219
t03: -4093.2250565871186 ± 89947.43327920945
ecos3: 10.14326997328434 ± 195.16741278422322
esin3: -16.28573662673858 ± 322.44202662680067
mu_4: 0.0020054761778477478 ± 0.00017339943590235306
P_4: 5398.374891887837 ± 121.4256572928894
t04: 43.17687872882658 ± 168.26692927973983
ecos4: 0.05981168001351298 ± 0.0044280999090335746
esin4: 0.0505131439760628 ± 0.004903776738673349
Retrieved Earth masses:
[1.4826551053715773, 0.8812462213474028, 0.011668758796578547, 667.6595493363031]
 ± [0.024263888615648432, 0.013726048200743244, 0.2300057754651111, 57.72783068107998]
Retrieved eccentricity:
[0.03953247840445887, 0.021732425406194026, 19.186222745147784, 0.07828802450174176]
