Global Fit Results.
chi^2: 2.9866909513856306
per 4 range=[657.45 - 803.5500000000001, length=100]
mu_1: 2.590853610540356e-6 ± 5.573311652551008e-7
P_1: 224.70087538829245 ± 4.264566561577837e-5
t01: 3503.7684949918867 ± 0.0010548037812980347
ecos1: -0.07502986378349635 ± 0.054207151916258856
esin1: 0.018967351414519745 ± 0.03435284824140597
mu_2: 2.5947647829223745e-6 ± 3.822455305516399e-7
P_2: 365.2563281935404 ± 8.308079502176118e-5
t02: 3624.4087092628447 ± 0.0007806112258542596
ecos2: -0.04797062450899286 ± 0.0430816812550785
esin2: 0.016316558845323015 ± 0.02657362259060938
mu_3: 7.0397889255132e-7 ± 5.874084106509748e-7
P_3: 669.4377643695574 ± 2.837628035613325
t03: 77.23978333603097 ± 51.86729852106113
ecos3: -0.3888588226290317 ± 0.2812390759065464
esin3: 0.08845327130275103 ± 0.19035696696838625
mu_4: 0.0012212959191399114 ± 0.0010229685434597193
P_4: 5781.022548828259 ± 736.7556836346062
t04: 141.3754792299131 ± 975.593966305391
ecos4: 0.07993745107842197 ± 0.05768000304735074
esin4: 0.11497930830823976 ± 0.11004338074133613
Retrieved Earth masses:
[0.8625423593244157, 0.86384445985236, 0.23436739629961692, 406.5916573760089]
 ± [0.18554569669565382, 0.12725649971958883, 0.19555895954469832, 340.5648614806844]
Retrieved eccentricity:
[0.10610825094562644, 0.06784070777612489, 0.5499294208104104, 0.11304862745664014]
 ± [0.07666048941759199, 0.060926697920766756, 0.39773211541631426, 0.08157184258728487]
