Global Fit Results.
chi^2: 3.9501325534725638
per 4 range=[657.45 - 730.5, length=100]
mu_1: 2.7119078610540838e-6 ± 1.0757188844100355e-6
P_1: 224.7008743184406 ± 6.260401875580978e-5
t01: 3503.769475660794 ± 0.003897032851092136
ecos1: -0.06353840791732962 ± 0.09671757641701573
esin1: -0.001056819025953671 ± 0.058824271550081304
mu_2: 2.656276112316071e-6 ± 5.870287402394315e-7
P_2: 365.2564675375396 ± 4.326875356086434e-5
t02: 3624.407369233738 ± 0.0005562510805599608
ecos2: -0.037461494343152546 ± 0.07687112560281474
esin2: 0.002040191659408463 ± 0.046391952431741275
mu_3: 7.51212687998711e-7 ± 7.133281453909121e-7
P_3: 672.073470862535 ± 2.176687160920143
t03: 694.2920386125274 ± 77.77166486739581
ecos3: -0.3177998386928573 ± 0.23132747978025336
esin3: -0.013771361773691248 ± 0.2489247659412408
mu_4: 0.00025221075560060243 ± 0.0007673262104132339
P_4: 4137.151722041494 ± 223.1634579467536
t04: 1471.1655396176361 ± 1300.171511948235
ecos4: -0.2461352443069394 ± 1.0268924959221342
esin4: 0.1035115380999461 ± 0.4533611236894177
Retrieved Earth masses:
[0.902843524322535, 0.8843227018358406, 0.25009238716721843, 83.96555455611633]
 ± [0.3581264108300371, 0.19543256034900236, 0.23747993286647465, 255.45687228668092]
Retrieved eccentricity:
[0.08985687820828159, 0.05297855336684931, 0.44943684199942063, 0.3480878006768888]
 ± [0.13677930828879986, 0.10871218838238628, 0.3271464592548222, 1.4522452948322404]
