Global Fit Results.
chi^2: 1.1562830065576535
per 4 range=[657.45 - 1314.9, length=100]
mu_1: 2.7103849006890602e-6 ± 6.661022194282592e-7
P_1: 224.70087900444088 ± 5.988749723749948e-5
t01: 3503.768163970821 ± 0.0011217126290182637
ecos1: -0.07502268997589782 ± 0.060610294530653516
esin1: 0.004620859886466521 ± 0.0380485593881835
mu_2: 2.5990390709582463e-6 ± 4.0477339441538164e-7
P_2: 365.2564028347693 ± 9.558049712236645e-5
t02: 3624.4081082803264 ± 0.0007996370659986052
ecos2: -0.04817958985832034 ± 0.045731699222329565
esin2: 0.005916003231206559 ± 0.029746104978438968
mu_3: 4.903647734821677e-7 ± 6.362176644599132e-7
P_3: 669.7732847503482 ± 5.470169134304762
t03: 717.642807163974 ± 104.79378260012517
ecos3: -0.46056302976051056 ± 0.43144799180814913
esin3: -0.01516938570982799 ± 0.343271553141094
mu_4: 0.0012346690310420017 ± 0.0013804482577659447
P_4: 5151.9658450403695 ± 745.2191552728942
t04: 640.6111489163802 ± 856.8456452022119
ecos4: 0.03824493469859409 ± 0.09410202466282587
esin4: 0.09075266169909381 ± 0.09906052174783307
Retrieved Earth masses:
[0.902336503076309, 0.8652674481956203, 0.16325136508221233, 411.0438099193294]
 ± [0.22175756189368503, 0.13475643594466888, 0.21180844919781905, 459.5763698630515]
Retrieved eccentricity:
[0.10609810564962675, 0.06813622940720984, 0.6513344830149574, 0.054086505342825136]
 ± [0.08571590054467802, 0.0646743892705856, 0.6101596014737205, 0.13308035952493583]
