Global Fit Results.
chi^2: 4.564849500333016
per 4 range=[657.45 - 730.5, length=100]
mu_1: 2.7285105000323353e-6 ± 7.669923235951356e-7
P_1: 224.70089404232849 ± 5.475376346925349e-5
t01: 3503.7687045872913 ± 0.00221620971436983
ecos1: -0.044610031575305444 ± 0.03253179676724356
esin1: 0.004508619962424524 ± 0.02822196864734781
mu_2: 2.83929077035742e-6 ± 3.374748370803085e-7
P_2: 365.25646601465195 ± 3.735718329862062e-5
t02: 3624.407369897035 ± 0.00046005228562521333
ecos2: -0.024121776663342195 ± 0.024424985671803918
esin2: 0.0062628830043149515 ± 0.022743045875898774
mu_3: 7.34063955250082e-7 ± 6.442648258769906e-7
P_3: 671.4890897325402 ± 2.276097889975982
t03: 17.87246436061689 ± 81.94681983022961
ecos3: -0.3443343414079145 ± 0.21787960200418244
esin3: -0.04782411415425586 ± 0.2731135836851722
mu_4: 0.0006733446243476835 ± 0.0008568342514291604
P_4: 4151.095981626402 ± 156.01302775477998
t04: 1719.79096752013 ± 513.295686018828
ecos4: -0.005918466506604211 ± 0.1680509382521502
esin4: 0.10857636953120216 ± 0.13698954849465966
Retrieved Earth masses:
[0.9083708452553165, 0.9452516151081783, 0.24438326167118493, 224.16869041170273]
 ± [0.25534571528319056, 0.11235152036519822, 0.21448749581253793, 285.2557295290559]
Retrieved eccentricity:
[0.06308811167168897, 0.034113343705833354, 0.48696229560988036, 0.008369975602090587]
 ± [0.046006908196601054, 0.034542145997833625, 0.30812828811876697, 0.23765991604571435]
