Global Fit Results.
chi^2: 117.93759825208889
per 4 range=[657.45 - 1314.9, length=300]
mu_1: 4.03901470377962e-6 ± 1.1669787891342484e-7
P_1: 224.70076633880325 ± 9.452084573536097e-6
t01: 3503.7697595956643 ± 0.00012340002781209845
ecos1: -0.05621463288309708 ± 0.008243410391283339
esin1: 0.0028132224005642174 ± 0.004448925672232939
mu_2: 2.663560101784427e-6 ± 5.392523923277583e-8
P_2: 365.25631135201604 ± 2.907556798434183e-5
t02: 3624.4099563482846 ± 0.0002471904664513304
ecos2: -0.03417555384655384 ± 0.006242750943720445
esin2: 0.001715269315106222 ± 0.0032443658068635763
mu_3: 2.7566246766391223e-9 ± 5.945020020841147e-7
P_3: 882.5208310271391 ± 1.8508292412406302
t03: -62727.973741809554 ± 1.3618967988523405e7
ecos3: 162.1717295431594 ± 34918.635552832224
esin3: -224.6215834615424 ± 48480.664145950876
mu_4: 0.0013164600697880028 ± 0.0002548641718680277
P_4: 5189.1733248065475 ± 131.5899000211078
t04: 796.6033105713885 ± 123.84464848476546
ecos4: 0.08757830217838018 ± 0.01365959287975526
esin4: 0.10698255494089358 ± 0.01759654010670561
Retrieved Earth masses:
[1.3446615655052327, 0.8867476746076599, 0.0009177305667471933, 438.27353654091837]
 ± [0.03885084954110825, 0.017952694388345302, 0.1979205453424956, 84.84892516349598]
Retrieved eccentricity:
[0.056284981748743745, 0.03421857141293374, 277.04607129463193, 0.13825782463979744]
