Global Fit Results.
chi^2: 739.0557872667943
per 4 range=[657.45 - 712.2375, length=100]
mu_1: 2.5479645245679653e-6 ± 6.666817403204884e-8
P_1: 224.70088812599425 ± 4.774004937776795e-6
t01: 3503.7696999247187 ± 0.00033980604509614145
ecos1: -0.0366520622224675 ± 0.00376898709898665
esin1: 0.009257888615246469 ± 0.0032061145834547857
mu_2: 2.8416170550778412e-6 ± 3.6183910430368606e-8
P_2: 365.2564560050998 ± 2.7388380764048246e-6
t02: 3624.40749434479 ± 4.426881601205561e-5
ecos2: -0.015749748429882856 ± 0.002922119423124908
esin2: 0.009891908956773526 ± 0.0025384610277274233
mu_3: 1.241942273593447e-6 ± 7.15576541127147e-8
P_3: 672.266537533494 ± 0.12661774263253311
t03: 699.8634771255623 ± 4.562390321342369
ecos3: -0.2325764390383304 ± 0.010294493181165331
esin3: 0.008328894254693736 ± 0.013851712859827883
mu_4: 0.00046272118267166775 ± 6.7979918272448e-5
P_4: 4068.2652892300707 ± 15.012436597405609
t04: 2064.040580667273 ± 45.40014683644468
ecos4: 0.023042628321960072 ± 0.019114667311387862
esin4: 0.14346292854463547 ± 0.01949383052854517
Retrieved Earth masses:
[0.8482638013798863, 0.9460260776648622, 0.41346520484675414, 154.0483101736355]
 ± [0.022195049495467602, 0.012046282871877192, 0.023822846476157563, 22.631753046506187]
Retrieved eccentricity:
[0.0518338434839561, 0.022273507833504694, 0.3289127543764462, 0.032587197485638326]
 ± [0.005330152671796148, 0.004132500919057089, 0.014558611874561358, 0.02703222175201438]
