Global Fit Results.
chi^2: 582.1050642476185
per 4 range=[657.45 - 730.5, length=200]
mu_1: 2.9585333065550133e-6 ± 1.0301895282708401e-7
P_1: 224.70086551189323 ± 6.188381446721249e-6
t01: 3503.7714244231915 ± 0.0005176116683291168
ecos1: -0.048551340662828235 ± 0.006574991370020255
esin1: 0.0013412488040768303 ± 0.004518049978523945
mu_2: 2.7616052718149098e-6 ± 4.560391180215178e-8
P_2: 365.25646940602434 ± 3.6524243846952488e-6
t02: 3624.408541558011 ± 4.919764240076267e-5
ecos2: -0.024636807063364904 ± 0.005148469086044956
esin2: 0.0030899847296442886 ± 0.0035750244808793693
mu_3: 8.958057279818152e-7 ± 6.87668933238381e-8
P_3: 672.4243848273421 ± 0.19213939712375938
t03: 19.495674612529452 ± 6.7134128774362924
ecos3: -0.2660301037675291 ± 0.015120404106663753
esin3: 0.0007112660590188679 ± 0.020057721414610187
mu_4: 0.00028483079337415 ± 8.538268247520923e-5
P_4: 4132.532287732318 ± 18.75944854794608
t04: 1632.0428843319528 ± 118.28844467633556
ecos4: -0.17632240046883285 ± 0.08699017801155448
esin4: 0.14163209098356797 ± 0.04142631561566995
Retrieved Earth masses:
[0.9849496274100963, 0.91938869760271, 0.2982300439385343, 94.82535930462896]
 ± [0.03429688588544808, 0.01518237291378523, 0.022893751375857533, 28.425450240800966]
Retrieved eccentricity:
[0.04856986337753521, 0.02482982617552732, 0.2660310545969568, 0.2261619731596564]
