Global Fit Results.
chi^2: 1.5797373487559871
per 4 range=[657.45 - 803.5500000000001, length=100]
mu_1: 2.5908210293295617e-6 ± 7.662114527721123e-7
P_1: 224.70087539371647 ± 5.863281212488442e-5
t01: 3503.768495049073 ± 0.0014505062847189145
ecos1: -0.07502823794995442 ± 0.07453392081785587
esin1: 0.018971243221251738 ± 0.047233524064489676
mu_2: 2.5947630895570986e-6 ± 5.255732098230583e-7
P_2: 365.2563281929532 ± 0.00011424485014027298
t02: 3624.4087092907785 ± 0.001073407257662325
ecos2: -0.04796969568723768 ± 0.05923626148126454
esin2: 0.016319307803721872 ± 0.03653759328710459
mu_3: 7.040242685409159e-7 ± 8.076918388487554e-7
P_3: 669.4381033866493 ± 3.9009915578201837
t03: 77.23938060533166 ± 71.30604565433423
ecos3: -0.3888476551698312 ± 0.3866871446675792
esin3: 0.08846475195225283 ± 0.2617207599579951
mu_4: 0.0012214566076001443 ± 0.0014068170763763426
P_4: 5781.367614659705 ± 1012.9602133370079
t04: 140.98287416785774 ± 1341.3167366534965
ecos4: 0.07993979412191825 ± 0.07928865860440186
esin4: 0.11496494499533418 ± 0.15130772391978317
Retrieved Earth masses:
[0.8625315124458758, 0.863843896100215, 0.2343825027930766, 406.64515349135934]
 ± [0.255085749162651, 0.17497289486145043, 0.2688953252524299, 468.35502988625007]
Retrieved eccentricity:
[0.10610595166978128, 0.0678393942238017, 0.5499136276381519, 0.1130519410205298]
 ± [0.10540688167745414, 0.08377272437108328, 0.5468582043842175, 0.11213109634071532]
