Global Fit Results.
chi^2: 529.1251748299336
per 4 range=[657.45 - 730.5, length=300]
mu_1: 5.199237870101804e-6 ± 7.153951799563504e-8
P_1: 224.70071948997838 ± 4.180078878864102e-6
t01: 3503.770013117027 ± 7.932719501169665e-5
ecos1: -0.020022551140048233 ± 0.0008510554997187151
esin1: 0.0011014352383096 ± 0.0009704169772368036
mu_2: 2.9589154834388733e-6 ± 3.4298800146115444e-8
P_2: 365.2564633778856 ± 3.5255251222683263e-6
t02: 3624.4086212946713 ± 5.076571649606784e-5
ecos2: 0.0006984938377974103 ± 0.0006774984736273821
esin2: 0.004302028865164754 ± 0.0007246387914573816
mu_3: 6.549979222521463e-7 ± 5.123379180783292e-8
P_3: 679.8515828845091 ± 0.3175054064592611
t03: 399.4606826259576 ± 11.127778521002824
ecos3: -0.14698978977295463 ± 0.016520137791945073
esin3: 0.2318061759706466 ± 0.027307539215503423
mu_4: 0.0021996497915232407 ± 9.80497188454883e-5
P_4: 4370.071344721924 ± 12.061612544839802
t04: 40.82492682918137 ± 24.27327451242052
ecos4: 0.06559114486266875 ± 0.0023135920700767783
esin4: -0.036878194752294986 ± 0.0019698432879054397
Retrieved Earth masses:
[1.7309209910285694, 0.9850768610560817, 0.2180607390990825, 732.3034821995253]
 ± [0.023816808632432535, 0.01141869532098221, 0.017056662515890837, 32.64253737842198]
Retrieved eccentricity:
[0.020052823086539134, 0.004358365060220598, 0.27448151397795767, 0.0752475882177216]
