Global Fit Results.
chi^2: 10.105874497864685
per 4 range=[657.45 - 1314.9, length=100]
mu_1: 4.363550176172359e-6 ± 2.447021718958243e-7
P_1: 224.7007745461686 ± 1.1760065579393127e-5
t01: 3503.768939520169 ± 0.0001697721256968836
ecos1: -0.03690131352570833 ± 0.01180742128613727
esin1: -0.023464397741359194 ± 0.010253403904022044
mu_2: 2.680189461918977e-6 ± 1.2862645228268158e-7
P_2: 365.25632559819917 ± 5.4277241708274424e-5
t02: 3624.4087173740386 ± 0.0004819934678107379
ecos2: -0.018674007175824618 ± 0.008925767459371882
esin2: -0.015959471821330614 ± 0.007573511720355224
mu_3: 1.1525566745686587e-8 ± 2.5210826292475325e-6
P_3: 876.5976296887792 ± 4.5510668239331435
t03: -15237.227280009023 ± 3.435086145068211e6
ecos3: 7.670815263097724 ± 1607.5517859784784
esin3: -56.280434922615605 ± 12311.071155024982
mu_4: 0.0017102819432743518 ± 0.0005341990151311783
P_4: 5392.479109101426 ± 430.3825193878459
t04: 42.21302369229615 ± 583.0985413614166
ecos4: 0.04977466907039454 ± 0.01820934713299127
esin4: 0.055093768113012004 ± 0.017959172019433672
Retrieved Earth masses:
[1.452705335675526, 0.8922838915000989, 0.0038370711077350887, 569.3840116864557]
 ± [0.08146581027201012, 0.042822088894591916, 0.8393143287742296, 177.8445825674907]
Retrieved eccentricity:
[0.05218633805743845, 0.026409034211903673, 10.848170979531343, 0.07039201206198457]
 ± [0.0166982153195081, 0.01262294139563216, 2273.421537947855, 0.02575190567743589]
