Global Fit Results.
chi^2: 62.49209243359081
per 4 range=[657.45 - 730.5, length=200]
mu_1: 2.8293029128779587e-6 ± 3.142310600099733e-7
P_1: 224.70087573590507 ± 2.0087350542256422e-5
t01: 3503.772097168923 ± 0.0025678250936456955
ecos1: -0.051033478243480916 ± 0.03077747572931911
esin1: 0.011222269213969776 ± 0.016554451116100904
mu_2: 2.679210339956153e-6 ± 1.8044015684785486e-7
P_2: 365.2564847635367 ± 1.2489497973962066e-5
t02: 3624.408324883248 ± 0.0001555055339729156
ecos2: -0.030667001248029378 ± 0.02462071473039018
esin2: 0.012558287157005183 ± 0.013081452413461503
mu_3: 5.134194517059547e-7 ± 2.271682567652123e-7
P_3: 672.5894148074219 ± 0.8167948185234996
t03: 757.3505706037373 ± 41.63765757607585
ecos3: -0.37509227721421173 ± 0.12453102603648414
esin3: 0.23638394178833944 ± 0.14993516126500514
mu_4: 0.00014903634374820477 ± 0.000246273609529297
P_4: 4122.800306663189 ± 55.08068798632272
t04: 2259.441149177702 ± 1017.6631938913442
ecos4: -0.27605607165727064 ± 0.7342602255469719
esin4: 0.5665823546929168 ± 0.8429614146990511
Retrieved Earth masses:
[0.9419264754245303, 0.891957923963977, 0.17092668740367034, 49.61691352945657]
 ± [0.10461324359329048, 0.06007181493050709, 0.07562845054492083, 81.98897048391574]
Retrieved eccentricity:
[0.05225280114920782, 0.03313873174797787, 0.44336394120534445, 0.6302559157582056]
