Global Fit Results.
chi^2: 203.91243103446982
per 4 range=[657.45 - 803.5500000000001, length=300]
mu_1: 2.5288331990176895e-6 ± 6.771781185830551e-8
P_1: 224.70088038621986 ± 5.214024873812871e-6
t01: 3503.7696514483137 ± 0.00018289968238685206
ecos1: -0.06605226173626927 ± 0.0064583710074376825
esin1: 0.023528995862565964 ± 0.003947356311743399
mu_2: 2.7127116174312736e-6 ± 4.714288423931498e-8
P_2: 365.256327201408 ± 9.156100267896132e-6
t02: 3624.409810010927 ± 9.194655244424059e-5
ecos2: -0.040603144284861024 ± 0.005115412789871307
esin2: 0.020953215835817274 ± 0.0030215777216861315
mu_3: 8.794553019055734e-7 ± 7.677633614819049e-8
P_3: 670.3713144702659 ± 0.29504764735793826
t03: 74.76193538632164 ± 5.272218946700996
ecos3: -0.328124069648875 ± 0.025601728039366813
esin3: 0.11069389270959777 ± 0.016345333595525816
mu_4: 0.00133467951453781 ± 0.00012534863838474611
P_4: 5914.752837116161 ± 112.55443167445632
t04: 0.6835909466077785 ± 146.08906967787104
ecos4: 0.08764047552228256 ± 0.00641243118106277
esin4: 0.10566435194919184 ± 0.011206826327573556
Retrieved Earth masses:
[0.8418946346272743, 0.9031111094609168, 0.2927866892748875, 444.3391215651537]
 ± [0.022544493046972144, 0.01569472487048615, 0.02556024078401443, 41.730844942618134]
Retrieved eccentricity:
[0.07011786453377818, 0.04569083693345512, 0.3462925684535314, 0.1372800357758348]
