Global Fit Results.
chi^2: 5.230855727716915
per 4 range=[657.45 - 712.2375, length=100]
mu_1: 2.6366044200788154e-6 ± 7.789631256303832e-7
P_1: 224.70088290395933 ± 5.628204925085008e-5
t01: 3503.770368435813 ± 0.004836792277644362
ecos1: -0.038795196295788495 ± 0.049493806266880755
esin1: 0.006700569965872963 ± 0.040159720031367065
mu_2: 2.827592665454285e-6 ± 4.4102545309267943e-7
P_2: 365.25645948434357 ± 3.077973266088557e-5
t02: 3624.407455769191 ± 0.0005174966935996151
ecos2: -0.01756295838983312 ± 0.0384170047536352
esin2: 0.007856204071836858 ± 0.03196996964793893
mu_3: 1.1505584291561526e-6 ± 8.234420815493147e-7
P_3: 672.4728671051175 ± 1.5258832506258433
t03: 698.9551843118147 ± 57.20571750547869
ecos3: -0.24352611713620326 ± 0.13360948811359416
esin3: 0.013815607752029384 ± 0.17421365262016777
mu_4: 0.0003962897250588573 ± 0.0008341480681130682
P_4: 4064.0279558830293 ± 184.85907118337292
t04: 2024.044483080301 ± 636.4680689434941
ecos4: -0.0036471790733108617 ± 0.33567808012291284
esin4: 0.16035993534354545 ± 0.29888771235706313
Retrieved Earth masses:
[0.8777736371703587, 0.9413571029050478, 0.3830418584776631, 131.93206788591985]
 ± [0.2593310133287774, 0.14682540660926852, 0.2741388679379771, 277.70308587450097]
Retrieved eccentricity:
[0.05486469275643055, 0.024837773950296335, 0.3443979376460776, 0.005157890109879557]
 ± [0.06999481207608925, 0.05432984914834256, 0.1889523501519717, 0.4747204935011858]
