Global Fit Results.
chi^2: 110.20635742683409
per 4 range=[657.45 - 712.2375, length=300]
mu_1: 2.663952759456282e-6 ± 2.560775193494136e-7
P_1: 224.70086741515163 ± 1.1853384252320717e-5
t01: 3503.770434276628 ± 0.0010349650719308472
ecos1: -0.04797595904231718 ± 0.025132564072432556
esin1: -0.039893081601076914 ± 0.014006066561268493
mu_2: 2.8692891545664737e-6 ± 1.5957998181149085e-7
P_2: 365.25646012985806 ± 7.711925241920594e-6
t02: 3624.4085878449987 ± 0.00012913778464169592
ecos2: -0.026117109947013096 ± 0.020039591594751428
esin2: -0.03008896013943106 ± 0.011055628069234671
mu_3: 1.0174520804380444e-6 ± 2.1669374142339014e-7
P_3: 672.3618661199954 ± 0.4431135589264975
t03: 683.2027482956165 ± 13.935610220537795
ecos3: -0.23601607841086722 ± 0.05322769301745708
esin3: -0.061968409400582194 ± 0.04157492545368407
mu_4: 1.7475324184980033e-6 ± 0.00011296313730585872
P_4: 4072.381827192527 ± 41.38220572853675
t04: 33894.18208000317 ± 2.0881666349358028e6
ecos4: -39.66610903674627 ± 2569.663713298925
esin4: 24.936234562284426 ± 1610.9365519185392
Retrieved Earth masses:
[0.8868783974988764, 0.9552386236316747, 0.3387283304584438, 0.581785373405485]
 ± [0.08525287064116294, 0.05312708269299829, 0.07214129359442421, 37.607486031664244]
Retrieved eccentricity:
[0.06239511684146667, 0.03984280304216361, 0.24401572291982085, 46.85313223531926]
