Global Fit Results.
chi^2: 4.904813984286066
per 4 range=[657.45 - 803.5500000000001, length=100]
mu_1: 2.807348916383235e-6 ± 6.856037921107714e-7
P_1: 224.70089677706682 ± 5.059621173664726e-5
t01: 3503.7685000570673 ± 0.001771689710475678
ecos1: -0.043807637223328796 ± 0.026036583105583985
esin1: 0.006728804659319325 ± 0.02525138848775974
mu_2: 2.784448992249201e-6 ± 2.997080403296085e-7
P_2: 365.25646136010573 ± 3.55007021930521e-5
t02: 3624.407407135834 ± 0.00042502664822467013
ecos2: -0.02380899761257777 ± 0.019340756491949253
esin2: 0.007868369470290402 ± 0.020330771709289888
mu_3: 6.869643987510231e-7 ± 6.233665972046675e-7
P_3: 671.3271946634114 ± 2.209357624740081
t03: 21.673910271494435 ± 77.96462217889362
ecos3: -0.36352988445690626 ± 0.23737084265234965
esin3: -0.042540385616878354 ± 0.2658736254435252
mu_4: 0.000799223839933434 ± 0.000761669498996526
P_4: 4185.002674767357 ± 184.11722100652207
t04: 1674.6629686589351 ± 399.61324202152514
ecos4: 0.016777107549152973 ± 0.10391712773962562
esin4: 0.0986886288438748 ± 0.0965597824898423
Retrieved Earth masses:
[0.9346175900995854, 0.9269937882334507, 0.22870296139464444, 266.0761741689942]
 ± [0.22824999066066676, 0.09977826580502241, 0.20753009482647172, 253.57365001911057]
Retrieved eccentricity:
[0.06195335469675202, 0.03367100733021613, 0.514108892926881, 0.02372641303340417]
 ± [0.036821288945771066, 0.027351960137470117, 0.3356930649908828, 0.14696101141223591]
