Global Fit Results.
chi^2: 2.4385692062058566
per 4 range=[657.45 - 803.5500000000001, length=100]
mu_1: 4.251084574862562e-6 ± 1.2126207404598973e-6
P_1: 224.7008328169972 ± 5.663418474528694e-5
t01: 3503.762937656377 ± 0.04498146963907649
ecos1: -0.02294437887204609 ± 0.037519872523340554
esin1: 0.006173946150170087 ± 0.03862002527840319
mu_2: 2.8700411353273277e-6 ± 4.320760008581109e-7
P_2: 365.2565137707018 ± 5.506447862574908e-5
t02: 3624.406916770259 ± 0.0005721701537722887
ecos2: -0.0032053585056733675 ± 0.030219255603080475
esin2: 0.005359480746025591 ± 0.03041249975609925
mu_3: 1.448125132633407e-9 ± 9.789120899394635e-7
P_3: 675.0045341204573 ± 7.703313192309488
t03: 16493.832559913415 ± 1.0650098311354335e7
ecos3: 17.9729281862531 ± 12380.812859669084
esin3: 73.43127216027975 ± 49566.83732555417
mu_4: 0.000466778503072486 ± 0.0004897091027454933
P_4: 3698.2404626674083 ± 215.8775117626707
t04: 1391.3526394861744 ± 649.4341903966011
ecos4: -0.09100807631333602 ± 0.2244068503255613
esin4: -0.02258651602272063 ± 0.1527662699641499
Retrieved Earth masses:
[1.4152634884395643, 0.9554889717242858, 0.0004821072342401051, 155.39906603912303]
 ± [0.4037035323751295, 0.1438459709461876, 0.3258976656158812, 163.03308035093676]
Retrieved eccentricity:
[0.03244825178107428, 0.0045330614709912335, 25.417558796556804, 0.1287048558078054]
 ± [0.05306111258101785, 0.04273648111869555, 17509.11345934724, 0.31735921121983796]
