Global Fit Results.
chi^2: 125.18162191731511
per 4 range=[657.45 - 712.2375, length=300]
mu_1: 2.7811600056953156e-6 ± 2.0061377076917372e-7
P_1: 224.7008868436812 ± 1.249735833163404e-5
t01: 3503.7697194045886 ± 0.0007613473199456666
ecos1: -0.025594574050540216 ± 0.009532909944055028
esin1: -0.007938727397720691 ± 0.007453237363776973
mu_2: 2.9085030642188105e-6 ± 1.0608821069859349e-7
P_2: 365.2564582941875 ± 7.4684129560865315e-6
t02: 3624.4085816443244 ± 0.0001298001802972898
ecos2: -0.006160332361497807 ± 0.007455295580205611
esin2: -0.0033218491044917386 ± 0.005913736027927001
mu_3: 1.5269254928816854e-6 ± 2.0237919268857603e-7
P_3: 672.1114998987364 ± 0.3775834094355363
t03: 704.2562297161261 ± 9.135523341737299
ecos3: -0.1759965962779106 ± 0.020747912337774264
esin3: -0.00031980662399965735 ± 0.023482528137859
mu_4: 0.00045438190540468424 ± 0.0001617249104245125
P_4: 3933.4007602474203 ± 45.74697697036967
t04: 2432.6868568047535 ± 107.20365961639123
ecos4: 0.09817691093646529 ± 0.02725284897803984
esin4: 0.11794120812752941 ± 0.04805747919842982
Retrieved Earth masses:
[0.9258988247008012, 0.9682936484359539, 0.5083413095146198, 151.27201287159528]
 ± [0.06678797846711275, 0.03531869773737849, 0.06737571958122637, 53.841168498128845]
Retrieved eccentricity:
[0.026797492672336116, 0.006998883930822808, 0.17599688684089446, 0.15345629480607123]
