Global Fit Results.
chi^2: 120.95047536819112
per 4 range=[657.45 - 712.2375, length=300]
mu_1: 2.3971743120091976e-6 ± 2.857450326204008e-7
P_1: 224.70089103190762 ± 1.2594282026250743e-5
t01: 3503.7691984974417 ± 0.0008196613800013672
ecos1: -0.06603262285782925 ± 0.02452777856250531
esin1: -0.03432859413274696 ± 0.014776005817086475
mu_2: 2.8107487081358786e-6 ± 1.49991572633774e-7
P_2: 365.25646074157146 ± 8.034612214147519e-6
t02: 3624.4086453735486 ± 0.00013087045536393433
ecos2: -0.039310035064262026 ± 0.01948448168523711
esin2: -0.023141438003330832 ± 0.011558523441552592
mu_3: 1.126949225193384e-6 ± 1.8892175124758085e-7
P_3: 672.3441659832134 ± 0.3954433298056323
t03: -14.652639230664732 ± 12.462803045673489
ecos3: -0.21714065188662343 ± 0.04900562202911475
esin3: -0.14040563385731 ± 0.04220336028856588
mu_4: 0.00019963174034725412 ± 0.00011461036997011835
P_4: 4189.06809801931 ± 45.35787742459948
t04: 1064.1724090818402 ± 335.01252191295805
ecos4: -0.34107036617762304 ± 0.24697791472983957
esin4: -0.1403135605712001 ± 0.13360060576312896
Retrieved Earth masses:
[0.7980629929766886, 0.9357494427012172, 0.37518192443701676, 66.46104265198029]
 ± [0.09512972620256563, 0.049934926624948237, 0.06289549219834262, 38.15587978992463]
Retrieved eccentricity:
[0.07442284364773483, 0.04561584165194713, 0.25858036414356905, 0.3688046772543777]
