Global Fit Results.
chi^2: 18.92693822849246
per 4 range=[657.45 - 712.2375, length=100]
mu_1: 2.572940437532066e-6 ± 4.334602556733046e-7
P_1: 224.70087769133556 ± 2.7852682708715566e-5
t01: 3503.7710602604575 ± 0.0033908740762477476
ecos1: -0.05056078524317851 ± 0.04142761525561861
esin1: 0.004751920457687941 ± 0.02689456504644391
mu_2: 2.7660308838278093e-6 ± 2.763446824310177e-7
P_2: 365.2564637835681 ± 1.7529085862202728e-5
t02: 3624.4074154472423 ± 0.000272910675504921
ecos2: -0.026959903981264886 ± 0.032527814820054866
esin2: 0.005954540166481948 ± 0.021283088678595775
mu_3: 1.0510827865261148e-6 ± 4.2518255506055614e-7
P_3: 672.6751496457898 ± 0.8781601533972074
t03: 30.00953578177256 ± 30.716201376618006
ecos3: -0.2604050783797784 ± 0.08918411654602704
esin3: 0.03151132379605809 ± 0.09979321763923724
mu_4: 0.00022638289052987184 ± 0.0004680883651539673
P_4: 4085.589588826536 ± 106.93311566535793
t04: 2059.953630294757 ± 543.2548013002549
ecos4: -0.0946543793095101 ± 0.5158091086836376
esin4: 0.2523418723142253 ± 0.43936166810841615
Retrieved Earth masses:
[0.8565787377416685, 0.9208620644542879, 0.3499246050981755, 75.36698781973699]
 ± [0.14430681458835473, 0.09200017839722467, 0.14155101727612757, 155.83514298517434]
Retrieved eccentricity:
[0.0715037482151365, 0.0381270618505812, 0.36826839355551144, 0.13386150695751645]
 ± [0.05858749535127037, 0.04600127687288215, 0.12612538716765417, 0.7294642370959781]
