Global Fit Results.
chi^2: 243.84862753843967
per 4 range=[657.45 - 803.5500000000001, length=100]
mu_1: 4.251145181894408e-6 ± 1.2202272974611014e-7
P_1: 224.70083281319907 ± 5.73661340980754e-6
t01: 3503.7629374061826 ± 0.004471556320686312
ecos1: -0.022943898032994577 ± 0.003730838834540373
esin1: 0.0061759030871818485 ± 0.003885401719216952
mu_2: 2.870045683743267e-6 ± 4.3122526783780824e-8
P_2: 365.2565137692928 ± 5.583884117081614e-6
t02: 3624.4069167727644 ± 5.792743119060218e-5
ecos2: -0.003204862909903056 ± 0.003006285015605534
esin2: 0.005361049583965316 ± 0.003060549640297731
mu_3: 1.360112290899614e-9 ± 9.428581148912753e-8
P_3: 675.0045338156909 ± 0.7663584654235454
t03: 17511.490361195247 ± 1.162746345816696e6
ecos3: 19.197332015260685 ± 1354.4726298556473
esin3: 78.167522285228 ± 5411.566925500106
mu_4: 0.0004667492130239699 ± 4.9275775634366385e-5
P_4: 3698.216730262409 ± 21.55484753033679
t04: 1391.3514730455036 ± 65.27663827606547
ecos4: -0.09100907114193126 ± 0.022558254611705863
esin4: -0.022595828489577346 ± 0.015272674712463153
Retrieved Earth masses:
[1.4152836656244223, 0.9554904859748015, 0.000452806156073794, 155.38931484845403]
 ± [0.04062358937541987, 0.01435627464276344, 0.03138946405995038, 16.4048032664966]
Retrieved eccentricity:
[0.03244757177196631, 0.004532360592731404, 27.14912729736088, 0.12870626270789706]
 ± [0.0052762028788352275, 0.004251529041428358, 1915.5135630050095, 0.031902189615339846]
