Global Fit Results.
chi^2: 40.65757445570987
per 4 range=[657.45 - 803.5500000000001, length=300]
mu_1: 2.113347579859791e-6 ± 2.137901110075908e-7
P_1: 224.70089039607672 ± 1.611912659438227e-5
t01: 3503.7685432697344 ± 0.0002488355115641953
ecos1: -0.12889910981747857 ± 0.0357557976132083
esin1: 0.019310995408354265 ± 0.01613717032699623
mu_2: 2.4248747367338597e-6 ± 1.721184936447526e-7
P_2: 365.2562627841328 ± 3.316413564016159e-5
t02: 3624.4105538015892 ± 0.0003107561891699407
ecos2: -0.0912136996235136 ± 0.02858285324748823
esin2: 0.01339058232468953 ± 0.012469954384414653
mu_3: 2.693993067681675e-7 ± 1.8578825445459826e-7
P_3: 667.9661258944931 ± 1.0435364303831038
t03: -3.9450003031345777 ± 82.28572536096335
ecos3: -1.0804501667230033 ± 0.6361712056192595
esin3: -0.3007495847984037 ± 0.38926665088517837
mu_4: 0.0010464036115697658 ± 0.00033350892717119344
P_4: 5757.546676955304 ± 181.78290040221182
t04: 263.7014259095339 ± 262.0546339699976
ecos4: 0.04424564378276623 ± 0.02964022480472833
esin4: 0.19231022133311376 ± 0.06793725009271735
Retrieved Earth masses:
[0.7035719039427429, 0.8072849689305193, 0.08968793632910577, 348.36682252407655]
 ± [0.07117462213940234, 0.057301381671172935, 0.061852294039342434, 111.03119671744]
Retrieved eccentricity:
[0.13033761949414252, 0.09219135910703807, 1.1215270284429966, 0.19733448310658389]
