Global Fit Results.
chi^2: 21.23869113304398
per 4 range=[657.45 - 803.5500000000001, length=100]
mu_1: 2.5908781861587318e-6 ± 2.0897147776388235e-7
P_1: 224.70087538903917 ± 1.5991926650991284e-5
t01: 3503.7684948924893 ± 0.000395516654371964
ecos1: -0.07502636582257936 ± 0.02032601962972649
esin1: 0.018972157180880588 ± 0.012881766364950522
mu_2: 2.594780911988938e-6 ± 1.4333688321000354e-7
P_2: 365.25632819239405 ± 3.115416153972737e-5
t02: 3624.408709267025 ± 0.0002927187535037436
ecos2: -0.04796790651503858 ± 0.01615416621497671
esin2: 0.016320230705945352 ± 0.009964641482174
mu_3: 7.039748011977668e-7 ± 2.202822955736252e-7
P_3: 669.4374207694254 ± 1.064038089423103
t03: 77.24860145718758 ± 19.448278295277373
ecos3: -0.38885927567067513 ± 0.1054665251085206
esin3: 0.08847310054740637 ± 0.07138088427947552
mu_4: 0.0012213273078058625 ± 0.00038360101027109974
P_4: 5780.9571522437045 ± 276.19775342000906
t04: 141.48031066868876 ± 365.69581590146146
ecos4: 0.07994391333749393 ± 0.02162677539748023
esin4: 0.11497959385585753 ± 0.04126428281118276
Retrieved Earth masses:
[0.8625505409954177, 0.8638498295124096, 0.23436603421349506, 406.6021072346483]
 ± [0.06957041136121, 0.047719459300666234, 0.07333598863651947, 127.70776360824807]
Retrieved eccentricity:
[0.10610330408185699, 0.0678368639522123, 0.5499300615080469, 0.11305776647106328]
 ± [0.028745332629420958, 0.02284544095004931, 0.1491521901848324, 0.030584879077513324]
