Global Fit Results.
chi^2: 426.0978901281644
per 4 range=[657.45 - 730.5, length=300]
mu_1: 2.6790059045698367e-6 ± 8.54719961204561e-8
P_1: 224.70090134660902 ± 6.270154362175591e-6
t01: 3503.7693383885926 ± 0.0002562667855784119
ecos1: -0.041762020778008904 ± 0.0031764501233498177
esin1: 0.005615728743556157 ± 0.0029794117987668413
mu_2: 2.834100767446424e-6 ± 3.662581699011302e-8
P_2: 365.2564705834608 ± 4.156938773463446e-6
t02: 3624.408481014707 ± 5.121121852347951e-5
ecos2: -0.022015412346391094 ± 0.002384636706737352
esin2: 0.007493281698066075 ± 0.002390434517577819
mu_3: 7.840493567536786e-7 ± 7.385197841720668e-8
P_3: 671.5996573930483 ± 0.2431353602844814
t03: 12.264385249492433 ± 8.489421086442999
ecos3: -0.32753363902773186 ± 0.02200462836075994
esin3: -0.06244658756085955 ± 0.028213141741959637
mu_4: 0.0007152805398145335 ± 9.057775367173472e-5
P_4: 4137.104780526277 ± 16.00790054571919
t04: 1786.4829241057644 ± 53.415412650974
ecos4: 0.002072810156919125 ± 0.016613545457281303
esin4: 0.11054387743740056 ± 0.01398750418880226
Retrieved Earth masses:
[0.8918898637000835, 0.9435237686032509, 0.2610243123153772, 238.12992053294528]
 ± [0.028455184380150905, 0.012193401614940173, 0.024586668828219794, 30.15498407030006]
Retrieved eccentricity:
[0.04213790204535639, 0.02325570148131854, 0.33343344312282874, 0.11056330937902349]
