Global Fit Results.
chi^2: 789.5899228381851
per 4 range=[657.45 - 712.2375, length=200]
mu_1: 2.618436871863812e-6 ± 6.68459821012686e-8
P_1: 224.70089108275192 ± 4.702526129541029e-6
t01: 3503.7709494613987 ± 0.00038762698977110787
ecos1: -0.0332979712491902 ± 0.004524286743844389
esin1: 0.013057391284103244 ± 0.0037225515520536755
mu_2: 2.823153309312002e-6 ± 3.8549041091679034e-8
P_2: 365.256460180989 ± 2.559181087800729e-6
t02: 3624.408592203605 ± 4.3105285219855046e-5
ecos2: -0.013319757293024863 ± 0.0035447119777803513
esin2: 0.012827399282127273 ± 0.0029466355185778577
mu_3: 1.277176027310835e-6 ± 7.312571753429993e-8
P_3: 672.3956649534572 ± 0.11846711466577294
t03: 709.4068850670062 ± 4.390085630778798
ecos3: -0.22851310079363948 ± 0.011418665532936792
esin3: 0.04243819155725581 ± 0.01397389912754129
mu_4: 0.00033658356502867803 ± 6.668332654778607e-5
P_4: 4048.374617914782 ± 14.891991038902104
t04: 2165.803032306159 ± 52.15616831307665
ecos4: 0.0104193052100144 ± 0.031789667338305155
esin4: 0.20491614376451806 ± 0.03628757175565982
Retrieved Earth masses:
[0.8717253294478545, 0.9398791603824489, 0.42519516324178397, 112.05479966469791]
 ± [0.02225424504048327, 0.012833677949861448, 0.0243448833514646, 22.200094043959467]
Retrieved eccentricity:
[0.03576660951862886, 0.018492109308789202, 0.23242038924538092, 0.2051808663018559]
