Global Fit Results.
chi^2: 5.900815318372077
per 4 range=[657.45 - 730.5, length=100]
mu_1: 2.7119144958601806e-6 ± 8.801689054890318e-7
P_1: 224.70087431806786 ± 5.1220008341932154e-5
t01: 3503.7694757532663 ± 0.003188518454658965
ecos1: -0.06353779833023368 ± 0.07913590706057703
esin1: -0.0010539318073190178 ± 0.04813085014341498
mu_2: 2.6562780486237977e-6 ± 4.803302271877979e-7
P_2: 365.2564675381552 ± 3.540081067074173e-5
t02: 3624.4073692277298 ± 0.0004551024774439407
ecos2: -0.03746105903517027 ± 0.06289728429817452
esin2: 0.0020424592775740214 ± 0.037958771988524
mu_3: 7.512245146295308e-7 ± 5.836179314633636e-7
P_3: 672.0734629649558 ± 1.7807437135808766
t03: 22.223742331062795 ± 64.24460822017866
ecos3: -0.31779788150168153 ± 0.18927081000691587
esin3: -0.013752830829083611 ± 0.20365493146181968
mu_4: 0.000252198906399273 ± 0.0006277704801409448
P_4: 4137.153796440264 ± 182.5905467913005
t04: 1471.152904299747 ± 1063.7967214924165
ecos4: -0.24614538749935477 ± 0.8402103388317474
esin4: 0.10351530768656031 ± 0.3709525738494162
Retrieved Earth masses:
[0.9028457331703376, 0.8843233464679529, 0.25009632446804025, 83.96160974116066]
 ± [0.29302426090610373, 0.1599106818416449, 0.19429703997959777, 208.99622767264705]
Retrieved eccentricity:
[0.08985601612194306, 0.052977937748396965, 0.44943407411311576, 0.34810214531716843]
 ± [0.11191507303576481, 0.08895019249091472, 0.26766934647312174, 1.1882368564219508]
