Global Fit Results.
chi^2: 16.118864964429985
per 4 range=[657.45 - 730.5, length=100]
mu_1: 5.224591964206817e-6 ± 4.249516046304858e-7
P_1: 224.70072635092225 ± 2.4595254314766563e-5
t01: 3503.7693172989743 ± 0.0004396833261892396
ecos1: -0.019215288570194205 ± 0.005638442752926139
esin1: -4.44566967229851e-5 ± 0.006271654033628956
mu_2: 2.946686211905697e-6 ± 2.06504636025414e-7
P_2: 365.2564595088612 ± 2.0998845050643923e-5
t02: 3624.4075066083833 ± 0.0003024226868373501
ecos2: 0.0010808144959438399 ± 0.004472378990272826
esin2: 0.0033478213178544346 ± 0.004717206903268845
mu_3: 5.672444645545258e-7 ± 3.1247663910145934e-7
P_3: 680.2140540765081 ± 2.176724337205598
t03: 384.09355245251356 ± 78.58619664821703
ecos3: -0.19060961064984833 ± 0.09679670096686131
esin3: 0.21440329824550655 ± 0.1985491902306472
mu_4: 0.001972826039857191 ± 0.0005771623064855135
P_4: 4349.821634550404 ± 81.75634506268412
t04: 92.59027547133326 ± 168.30709245576801
ecos4: 0.06334482279245335 ± 0.01580456710115005
esin4: -0.0396414809714046 ± 0.013094080771276152
Retrieved Earth masses:
[1.7393618307807275, 0.9810055138066148, 0.1888460146030912, 656.789723677273]
 ± [0.1414741296711971, 0.06874915481297351, 0.10402916491608491, 192.14784483531977]
Retrieved eccentricity:
[0.02717452170088136, 0.0015285025185732188, 0.26956269649967063, 0.08958310749920788]
 ± [0.007973962211852436, 0.006324899024116319, 0.13689120730030815, 0.02235103314188203]
