Global Fit Results.
chi^2: 47.87982675130838
per 4 range=[657.45 - 803.5500000000001, length=300]
mu_1: 2.748415443147765e-6 ± 2.589260009491666e-7
P_1: 224.7009087177086 ± 1.9385519996915086e-5
t01: 3503.7679343056484 ± 0.00033104778115393326
ecos1: -0.051669360526110125 ± 0.009710174054984859
esin1: 0.0077741547646924414 ± 0.008544892662959287
mu_2: 2.677855004767745e-6 ± 1.1295250648496682e-7
P_2: 365.25645441091547 ± 1.522890323510925e-5
t02: 3624.4086428209102 ± 0.00016933343573438605
ecos2: -0.031328539546756864 ± 0.007124022128923289
esin2: 0.009004740681551063 ± 0.00693850791070664
mu_3: 4.95720281593175e-7 ± 2.284578943989501e-7
P_3: 669.4942047922646 ± 0.9039642330360348
t03: 18.369192468110246 ± 40.368726079282034
ecos3: -0.4982896159888216 ± 0.17067988758855068
esin3: -0.14552415616074085 ± 0.16028571044385456
mu_4: 0.001090834231211578 ± 0.0002826936560851326
P_4: 4244.3863722345395 ± 76.14834584712375
t04: 1597.7250195313434 ± 123.62745949600084
ecos4: 0.024266789584319663 ± 0.02696424426867179
esin4: 0.08841363801573059 ± 0.024691784828986662
Retrieved Earth masses:
[0.9149975633868054, 0.8915067081923375, 0.1650343112828994, 363.15858510617846]
 ± [0.08620118205078778, 0.03760394683774902, 0.07605779440393019, 94.11386737317831]
Retrieved eccentricity:
[0.05225093587183427, 0.03259697447424668, 0.5191048270133721, 0.09168341433381659]
