Global Fit Results.
chi^2: 53.10733766040467
per 4 range=[657.45 - 730.5, length=100]
mu_1: 2.71194592843227e-6 ± 2.9338708255971806e-7
P_1: 224.70087431787977 ± 1.707459634633703e-5
t01: 3503.7694756933756 ± 0.0010628525023922706
ecos1: -0.06353495547752919 ± 0.026374092620551123
esin1: -0.0010571900592950595 ± 0.0160432756689646
mu_2: 2.6562927930293e-6 ± 1.6008602542735727e-7
P_2: 365.2564675375562 ± 1.1800487631256213e-5
t02: 3624.4073692342126 ± 0.00015170391094652947
ecos2: -0.037458768046828905 ± 0.020962150639638348
esin2: 0.0020398256752242458 ± 0.012652600951136702
mu_3: 7.512120456693665e-7 ± 1.945404961534285e-7
P_3: 672.0734965299043 ± 0.5936477235093575
t03: 694.2894938241581 ± 21.210520955234344
ecos3: -0.3177958875788429 ± 0.06308523171755713
esin3: -0.01377811240334397 ± 0.0678875608148778
mu_4: 0.0002522331814247715 ± 0.00020926901881737362
P_4: 4137.153809709652 ± 60.85956869167961
t04: 1471.1039178106741 ± 354.59665432903086
ecos4: -0.24611427248117915 ± 0.2800171589130024
esin4: 0.10348738964324862 ± 0.12363400671890594
Retrieved Earth masses:
[0.90285619764613, 0.8843282551491137, 0.25009217332407957, 83.9730205214684]
 ± [0.09767390382723617, 0.053295553830300185, 0.06476607472288791, 69.6694681976249]
Retrieved eccentricity:
[0.08985199572109254, 0.05297469780161337, 0.4494312542803951, 0.34805814203647095]
 ± [0.037298599479267565, 0.0296449577310844, 0.08921599028041864, 0.39600406383195014]
