Global Fit Results.
chi^2: 2.0153082194511436
per 4 range=[657.45 - 803.5500000000001, length=100]
mu_1: 4.2511302819213845e-6 ± 1.3139122993912488e-6
P_1: 224.7008328133057 ± 6.059584549877974e-5
t01: 3503.7629376718264 ± 0.04936736417766961
ecos1: -0.022943054131726672 ± 0.04123242367337478
esin1: 0.006173370411652681 ± 0.04272796904414118
mu_2: 2.8700521030574867e-6 ± 4.7489183092205853e-7
P_2: 365.2565137688238 ± 6.011747971943562e-5
t02: 3624.406916776688 ± 0.0006290851519452908
ecos2: -0.0032042361161313975 ± 0.03322141707958967
esin2: 0.005359043179588551 ± 0.03368159016083767
mu_3: 1.398861533693113e-9 ± 1.0342061998401077e-6
P_3: 675.004534035478 ± 8.47704494693395
t03: 17046.251453105804 ± 1.20583510079241e7
ecos3: 18.65874384632326 ± 14023.950216187699
esin3: 76.00222096315507 ± 56121.09463806273
mu_4: 0.0004667435185417584 ± 0.0005474866858470736
P_4: 3698.221154692234 ± 236.14318205727002
t04: 1391.366803259133 ± 721.9588894641299
ecos4: -0.09101115332670677 ± 0.2502485525062263
esin4: -0.022590793967366442 ± 0.1674359693333115
Retrieved Earth masses:
[1.4152787051520002, 0.9554926230814329, 0.0004657064848168635, 155.3874190516009]
 ± [0.4374253373682237, 0.15810014066444053, 0.34430608198352697, 182.26829018361647]
Retrieved eccentricity:
[0.03244637831534793, 0.004531474172478714, 26.387448604315885, 0.12870920736184593]
 ± [0.05831145276840008, 0.046982178595208895, 19832.860593777743, 0.3539048969185408]
