Global Fit Results.
chi^2: 4.731734557123115
per 4 range=[657.45 - 712.2375, length=100]
mu_1: 2.572940437532066e-6 ± 8.669205113466091e-7
P_1: 224.70087769133556 ± 5.570536541743113e-5
t01: 3503.7710602604575 ± 0.006781748152495495
ecos1: -0.05056078524317851 ± 0.08285523051123722
esin1: 0.004751920457687941 ± 0.05378913009288782
mu_2: 2.7660308838278093e-6 ± 5.526893648620354e-7
P_2: 365.2564637835681 ± 3.5058171724405456e-5
t02: 3624.4074154472423 ± 0.000545821351009842
ecos2: -0.026959903981264886 ± 0.06505562964010973
esin2: 0.005954540166481948 ± 0.04256617735719155
mu_3: 1.0510827865261148e-6 ± 8.503651101211123e-7
P_3: 672.6751496457898 ± 1.7563203067944149
t03: 30.00953578177256 ± 61.43240275323601
ecos3: -0.2604050783797784 ± 0.17836823309205407
esin3: 0.03151132379605809 ± 0.19958643527847447
mu_4: 0.00022638289052987184 ± 0.0009361767303079346
P_4: 4085.589588826536 ± 213.86623133071586
t04: 2059.953630294757 ± 1086.5096026005099
ecos4: -0.0946543793095101 ± 1.0316182173672752
esin4: 0.2523418723142253 ± 0.8787233362168323
Retrieved Earth masses:
[0.8565787377416685, 0.9208620644542879, 0.3499246050981755, 75.36698781973699]
 ± [0.28861362917670946, 0.18400035679444934, 0.28310203455225513, 311.6702859703487]
Retrieved eccentricity:
[0.0715037482151365, 0.0381270618505812, 0.36826839355551144, 0.13386150695751645]
 ± [0.11717499070254074, 0.0920025537457643, 0.25225077433530835, 1.4589284741919561]
