Global Fit Results.
chi^2: 758.9797383747467
per 4 range=[657.45 - 712.2375, length=200]
mu_1: 2.7338705804965335e-6 ± 8.518815379059883e-8
P_1: 224.7008748625105 ± 5.124118875084225e-6
t01: 3503.7720740637483 ± 0.0007616962679933303
ecos1: -0.04597180419773853 ± 0.00499170307833335
esin1: 0.0005267679209105497 ± 0.0038695685209479288
mu_2: 2.7867288932453135e-6 ± 3.966102611304804e-8
P_2: 365.25645869411693 ± 3.102962469375919e-6
t02: 3624.4086089489356 ± 4.645760315517351e-5
ecos2: -0.023389200624018964 ± 0.0038917663242272987
esin2: 0.0024263706468363932 ± 0.003074019343683073
mu_3: 9.863929794615627e-7 ± 6.620464522048764e-8
P_3: 672.8366251071444 ± 0.18363322629499765
t03: 17.89827249265102 ± 5.7997565471930645
ecos3: -0.26133692172800355 ± 0.01270805662412779
esin3: 0.00042928970216796506 ± 0.017035058766308817
mu_4: 0.0003497954575363958 ± 8.032770117204564e-5
P_4: 4063.5959827482156 ± 17.877004893778892
t04: 1889.5603694868632 ± 74.7349724128228
ecos4: -0.06425354350949881 ± 0.04698923316245087
esin4: 0.15524897636519758 ± 0.029994667232718212
Retrieved Earth masses:
[0.9101553136756663, 0.9277528088034329, 0.3283881900021243, 116.45327933502196]
 ± [0.0283606880983559, 0.013203878018272492, 0.02204073231092569, 26.742554888538216]
Retrieved eccentricity:
[0.04597482208380703, 0.023514718376932316, 0.26133727431791476, 0.16802012533017802]
