Global Fit Results.
chi^2: 83.69369164347064
per 4 range=[657.45 - 712.2375, length=100]
mu_1: 2.6366044200788154e-6 ± 1.947407814075958e-7
P_1: 224.70088290395933 ± 1.407051231271252e-5
t01: 3503.770368435813 ± 0.0012091980694110905
ecos1: -0.038795196295788495 ± 0.012373451566720189
esin1: 0.006700569965872963 ± 0.010039930007841766
mu_2: 2.827592665454285e-6 ± 1.1025636327316986e-7
P_2: 365.25645948434357 ± 7.694933165221393e-6
t02: 3624.407455769191 ± 0.00012937417339990378
ecos2: -0.01756295838983312 ± 0.0096042511884088
esin2: 0.007856204071836858 ± 0.007992492411984733
mu_3: 1.1505584291561526e-6 ± 2.0586052038732868e-7
P_3: 672.4728671051175 ± 0.3814708126564608
t03: 698.9551843118147 ± 14.301429376369672
ecos3: -0.24352611713620326 ± 0.03340237202839854
esin3: 0.013815607752029384 ± 0.043553413155041944
mu_4: 0.0003962897250588573 ± 0.00020853701702826705
P_4: 4064.0279558830293 ± 46.21476779584323
t04: 2024.044483080301 ± 159.11701723587353
ecos4: -0.0036471790733108617 ± 0.08391952003072821
esin4: 0.16035993534354545 ± 0.07472192808926578
Retrieved Earth masses:
[0.8777736371703587, 0.9413571029050478, 0.3830418584776631, 131.93206788591985]
 ± [0.06483275333219435, 0.03670635165231713, 0.06853471698449427, 69.42577146862524]
Retrieved eccentricity:
[0.05486469275643055, 0.024837773950296335, 0.3443979376460776, 0.005157890109879557]
 ± [0.017498703019022312, 0.01358246228708564, 0.047238087537992926, 0.11868012337529645]
