Global Fit Results.
chi^2: 11.769425384985626
per 4 range=[657.45 - 712.2375, length=100]
mu_1: 2.636614819113213e-6 ± 5.193125007866518e-7
P_1: 224.70088290151196 ± 3.752097913847263e-5
t01: 3503.7703685820534 ± 0.0032246734866587857
ecos1: -0.038798378149751 ± 0.032999233113564896
esin1: 0.006700643486560939 ± 0.02677566114993029
mu_2: 2.827576867598272e-6 ± 2.940237055338377e-7
P_2: 365.2564594843456 ± 2.0519794036013974e-5
t02: 3624.4074557676145 ± 0.0003449978136002492
ecos2: -0.017565378352426587 ± 0.025614039391828228
esin2: 0.007856260747947371 ± 0.0213153142288702
mu_3: 1.1505080445263255e-6 ± 5.489533852806605e-7
P_3: 672.4728972731433 ± 1.0172737982517541
t03: 698.9550159830065 ± 38.13787628383094
ecos3: -0.24353386094073085 ± 0.08907885300881557
esin3: 0.013817386884478191 ± 0.11614737652695942
mu_4: 0.0003962350342652584 ± 0.0005560980261773387
P_4: 4064.030752170871 ± 123.23915669562645
t04: 2024.0208434478827 ± 424.3720916035726
ecos4: -0.003676206318744354 ± 0.22386042021616656
esin4: 0.16037637478464445 ± 0.19929707011291514
Retrieved Earth masses:
[0.8777770991983281, 0.9413518435110232, 0.3830250845166381, 131.9138603245385]
 ± [0.1728885907844711, 0.09788584721140245, 0.18275658114097473, 185.13516223504945]
Retrieved eccentricity:
[0.054869192577457815, 0.024841196294216453, 0.3444088890394649, 0.005198940834049934]
 ± [0.046667963017114816, 0.03622372189508218, 0.12597652204570636, 0.31658644234824296]
