Global Fit Results.
chi^2: 2.1799173241374046
per 4 range=[657.45 - 803.5500000000001, length=100]
mu_1: 2.807345354017392e-6 ± 1.0284001620497068e-6
P_1: 224.70089677675344 ± 7.589530063165796e-5
t01: 3503.768500078558 ± 0.002657536823238571
ecos1: -0.043807709133876556 ± 0.03905580381919315
esin1: 0.0067293399690417635 ± 0.03788288256497253
mu_2: 2.784448832705046e-6 ± 4.495591168676221e-7
P_2: 365.25646136032015 ± 5.325086684822134e-5
t02: 3624.4074071337195 ± 0.0006375399001152849
ecos2: -0.023809037138166015 ± 0.029012163595307557
esin2: 0.007868795734587547 ± 0.03050058381937273
mu_3: 6.869701620324319e-7 ± 9.350379301727098e-7
P_3: 671.3271835305866 ± 3.313916265222036
t03: 693.0053185470304 ± 116.58745373328506
ecos3: -0.36352928834055337 ± 0.35605559464057246
esin3: -0.042526447645677375 ± 0.39885079842615173
mu_4: 0.0007992006437087017 ± 0.0011424104574261351
P_4: 4185.000578959078 ± 276.1816793118524
t04: 1674.6699970920267 ± 599.3955751295824
ecos4: 0.016776946899711237 ± 0.15588120977988734
esin4: 0.09869172334592798 ± 0.14484249100541904
Retrieved Earth masses:
[0.9346164041231078, 0.9269937351182953, 0.2287048800960035, 266.06845172326183]
 ± [0.34237314624617565, 0.1496664187205569, 0.311291158662098, 380.3292502735075]
Retrieved eccentricity:
[0.061953456393623936, 0.03367106322783908, 0.5141080498910501, 0.02372618584078488]
 ± [0.05523324745048588, 0.041029395230270924, 0.5035386508995147, 0.2204493209898422]
