Global Fit Results.
chi^2: 9.392686242418412
per 4 range=[657.45 - 712.2375, length=100]
mu_1: 2.624351450636807e-6 ± 5.805377335780282e-7
P_1: 224.70088341094737 ± 4.19829050995482e-5
t01: 3503.7704176602347 ± 0.0037116324759077874
ecos1: -0.037557518491353074 ± 0.03227179496576466
esin1: 0.006719138322734069 ± 0.028334518933206678
mu_2: 2.8485031762425945e-6 ± 3.1604585514406567e-7
P_2: 365.2564600756975 ± 2.2093281942531157e-5
t02: 3624.40745062536 ± 0.00038345765445663024
ecos2: -0.016645999204310653 ± 0.024823636748064887
esin2: 0.007951359972594399 ± 0.02255573706112565
mu_3: 1.1480924251368121e-6 ± 6.000521333527313e-7
P_3: 672.503314886481 ± 1.1231456487057858
t03: 24.977410701773827 ± 41.83867674517021
ecos3: -0.24514007997649453 ± 0.0966960692455019
esin3: 0.010294823636252176 ± 0.1272142634906766
mu_4: 0.0004286891754245702 ± 0.0006115535811238714
P_4: 4067.747912928252 ± 134.3990738990519
t04: 2019.829338529181 ± 439.29520676498265
ecos4: 0.004978062449709013 ± 0.21129835612180514
esin4: 0.15367135373359636 ± 0.19888213090522006
Retrieved Earth masses:
[0.8736944004553845, 0.9483185928312444, 0.38222088082138334, 142.71843506836666]
 ± [0.19327158599779246, 0.1052174219499071, 0.1997682851374099, 203.59732659919155]
Retrieved eccentricity:
[0.05311435201954982, 0.023540997833987873, 0.3466804257839837, 0.00704004343071872]
 ± [0.045639210122708156, 0.03510592375653652, 0.13674889255515674, 0.29882100093459696]
