Global Fit Results.
chi^2: 108.49245938378007
per 4 range=[657.45 - 730.5, length=300]
mu_1: 2.783112736576058e-6 ± 2.6470999291125574e-7
P_1: 224.70084962101006 ± 1.5739400866785475e-5
t01: 3503.7753275427854 ± 0.005542055339647491
ecos1: -0.0662691179653831 ± 0.02988519589629904
esin1: 0.005943294291889634 ± 0.014858234756956974
mu_2: 2.6292683480483918e-6 ± 1.6737287693731734e-7
P_2: 365.25645814681224 ± 1.1971711372466578e-5
t02: 3624.408489175299 ± 0.0001552364427937789
ecos2: -0.039651929906533434 ± 0.02351671297431123
esin2: 0.008490637396647753 ± 0.011779554910964283
mu_3: 4.6714856624623294e-7 ± 1.7639086703642075e-7
P_3: 673.1837193497843 ± 0.6834118819238013
t03: 17.389991760289966 ± 31.40853268649462
ecos3: -0.4677625619857192 ± 0.1355526889416057
esin3: 0.03823750744363171 ± 0.11293350123913316
mu_4: 0.0002146505578380078 ± 0.0001949847298293921
P_4: 4025.481905175866 ± 52.43804201937392
t04: 2133.608119814684 ± 341.4344861441581
ecos4: -0.19502997932208513 ± 0.32117366540152575
esin4: 0.33583702073900135 ± 0.2675652369462484
Retrieved Earth masses:
[0.926548924379976, 0.8753313251649437, 0.1555222668103608, 71.46108056227955]
 ± [0.08812677833032954, 0.05572147942790151, 0.058723732594502684, 64.91396820532867]
Retrieved eccentricity:
[0.06653509407034658, 0.04055078875575657, 0.4693228327824522, 0.38835962371649985]
