Global Fit Results.
chi^2: 13.276834415101167
per 4 range=[657.45 - 730.5, length=100]
mu_1: 2.71194592843227e-6 ± 5.867741651194361e-7
P_1: 224.70087431787977 ± 3.414919269267406e-5
t01: 3503.7694756933756 ± 0.002125705004784541
ecos1: -0.06353495547752919 ± 0.052748185241102245
esin1: -0.0010571900592950595 ± 0.0320865513379292
mu_2: 2.6562927930293e-6 ± 3.2017205085471454e-7
P_2: 365.2564675375562 ± 2.3600975262512425e-5
t02: 3624.4073692342126 ± 0.00030340782189305893
ecos2: -0.037458768046828905 ± 0.041924301279276696
esin2: 0.0020398256752242458 ± 0.025305201902273405
mu_3: 7.512120456693665e-7 ± 3.89080992306857e-7
P_3: 672.0734965299043 ± 1.187295447018715
t03: 694.2894938241581 ± 42.42104191046869
ecos3: -0.3177958875788429 ± 0.12617046343511426
esin3: -0.01377811240334397 ± 0.1357751216297556
mu_4: 0.0002522331814247715 ± 0.00041853803763474724
P_4: 4137.153809709652 ± 121.71913738335923
t04: 1471.1039178106741 ± 709.1933086580617
ecos4: -0.24611427248117915 ± 0.5600343178260048
esin4: 0.10348738964324862 ± 0.24726801343781188
Retrieved Earth masses:
[0.90285619764613, 0.8843282551491137, 0.25009217332407957, 83.9730205214684]
 ± [0.19534780765447235, 0.10659110766060037, 0.12953214944577582, 139.3389363952498]
Retrieved eccentricity:
[0.08985199572109254, 0.05297469780161337, 0.4494312542803951, 0.34805814203647095]
 ± [0.07459719895853513, 0.0592899154621688, 0.17843198056083728, 0.7920081276639003]
