Global Fit Results.
chi^2: 5.309672783260995
per 4 range=[657.45 - 803.5500000000001, length=100]
mu_1: 2.5908781861587318e-6 ± 4.179429555277647e-7
P_1: 224.70087538903917 ± 3.198385330198257e-5
t01: 3503.7684948924893 ± 0.000791033308743928
ecos1: -0.07502636582257936 ± 0.04065203925945298
esin1: 0.018972157180880588 ± 0.025763532729901045
mu_2: 2.594780911988938e-6 ± 2.8667376642000707e-7
P_2: 365.25632819239405 ± 6.230832307945474e-5
t02: 3624.408709267025 ± 0.0005854375070074872
ecos2: -0.04796790651503858 ± 0.03230833242995342
esin2: 0.016320230705945352 ± 0.019929282964348
mu_3: 7.039748011977668e-7 ± 4.405645911472504e-7
P_3: 669.4374207694254 ± 2.128076178846206
t03: 77.24860145718758 ± 38.896556590554745
ecos3: -0.38885927567067513 ± 0.2109330502170412
esin3: 0.08847310054740637 ± 0.14276176855895104
mu_4: 0.0012213273078058625 ± 0.0007672020205421995
P_4: 5780.9571522437045 ± 552.3955068400181
t04: 141.48031066868876 ± 731.3916318029229
ecos4: 0.07994391333749393 ± 0.04325355079496046
esin4: 0.11497959385585753 ± 0.08252856562236552
Retrieved Earth masses:
[0.8625505409954177, 0.8638498295124096, 0.23436603421349506, 406.6021072346483]
 ± [0.13914082272242, 0.09543891860133247, 0.14667197727303893, 255.41552721649614]
Retrieved eccentricity:
[0.10610330408185699, 0.0678368639522123, 0.5499300615080469, 0.11305776647106328]
 ± [0.057490665258841916, 0.04569088190009862, 0.2983043803696648, 0.06116975815502665]
