Global Fit Results.
chi^2: 2.5942817809015986
per 4 range=[657.45 - 803.5500000000001, length=100]
mu_1: 2.8073631134187006e-6 ± 9.427250077810967e-7
P_1: 224.7008967770084 ± 6.956934498612604e-5
t01: 3503.768500038812 ± 0.0024360550454683677
ecos1: -0.043806703664696654 ± 0.035797102441832804
esin1: 0.006728020732794467 ± 0.0347237403664911
mu_2: 2.784453172735217e-6 ± 4.120855075554608e-7
P_2: 365.25646135994884 ± 4.881321412914633e-5
t02: 3624.407407136902 ± 0.0005844105703636302
ecos2: -0.02380832488349922 ± 0.026591268514215595
esin2: 0.007867747985169277 ± 0.027957108917600046
mu_3: 6.869702199097997e-7 ± 8.571087130667611e-7
P_3: 671.3271859827644 ± 3.0377642400468017
t03: 21.67044887595038 ± 107.19371099325825
ecos3: -0.3635244047210362 ± 0.3263668554686535
esin3: -0.04255223395675167 ± 0.36557497971078046
mu_4: 0.0007992658923085938 ± 0.001047145254505522
P_4: 4185.006855578743 ± 253.1674504690523
t04: 1674.6548321617672 ± 549.387054593782
ecos4: 0.016781237115404468 ± 0.1428686614379335
esin4: 0.0986831073075708 ± 0.13274312109605343
Retrieved Earth masses:
[0.9346223165512908, 0.926995179993393, 0.22870489936443353, 266.0901741706686]
 ± [0.3138503268179804, 0.1371907715990772, 0.28534710280752945, 348.6137289664094]
Retrieved eccentricity:
[0.061952034445473175, 0.03367005594762944, 0.5141011434100954, 0.023732253122003753]
 ± [0.050624747766898986, 0.037605732573508355, 0.4615524333128295, 0.20204679864361558]
