Global Fit Results.
chi^2: 61.26156207584283
per 4 range=[657.45 - 730.5, length=100]
mu_1: 2.7925587828612846e-6 ± 2.8324574227972894e-7
P_1: 224.70087042855778 ± 1.7217247038912897e-5
t01: 3503.769724019684 ± 0.0011953785709260178
ecos1: -0.05592401010848109 ± 0.021042181945036195
esin1: -0.0019188000471720885 ± 0.014452762347816882
mu_2: 2.7365400631888627e-6 ± 1.412263172947229e-7
P_2: 365.256476024976 ± 1.0850753542786837e-5
t02: 3624.4073072596325 ± 0.00014624625435842586
ecos2: -0.031006043217907512 ± 0.01660999129792043
esin2: 0.0008314076820607492 ± 0.011385274438925955
mu_3: 8.598757851843769e-7 ± 1.9785988799393447e-7
P_3: 672.2710407223549 ± 0.5792429126367639
t03: 20.179021286463467 ± 19.99051242930882
ecos3: -0.27577653573660965 ± 0.045688740205610624
esin3: -0.01414256783248283 ± 0.058450829916671304
mu_4: 0.00032741149914362617 ± 0.00024376533699701843
P_4: 4163.25002467794 ± 63.24578470530497
t04: 1434.9953684463903 ± 351.6778662212181
ecos4: -0.15130877307881255 ± 0.18429697653051164
esin4: 0.079744442398038 ± 0.09148723426110031
Retrieved Earth masses:
[0.9296936852479772, 0.9110440330885462, 0.28626831151767784, 109.00125186246542]
 ± [0.09429766692360457, 0.047016813463529886, 0.06587116072928528, 81.15392086975827]
Retrieved eccentricity:
[0.07908849355770402, 0.043849166834291124, 0.3900069170229819, 0.21398291899408975]
 ± [0.02975813908859246, 0.02349007496441816, 0.06461363604651546, 0.26063528371380557]
