Global Fit Results.
chi^2: 7.608075854247679
per 4 range=[657.45 - 712.2375, length=100]
mu_1: 2.6243525236524386e-6 ± 6.450396115275527e-7
P_1: 224.7008834100887 ± 4.66476481871049e-5
t01: 3503.7704176477464 ± 0.004124056461484071
ecos1: -0.03755875345782311 ± 0.0358583126180609
esin1: 0.006718871015375401 ± 0.03148470827755482
mu_2: 2.848496555957008e-6 ± 3.511590005925383e-7
P_2: 365.25646007581815 ± 2.454788337240246e-5
t02: 3624.407450622634 ± 0.0004260607992836489
ecos2: -0.01664694905959849 ± 0.027582324519587725
esin2: 0.007951149794168453 ± 0.025063194001211344
mu_3: 1.1480738847769952e-6 ± 6.667245906671761e-7
P_3: 672.5033145204847 ± 1.2479407288227355
t03: 24.978120267560097 ± 46.47799643583503
ecos3: -0.24514253635574562 ± 0.10744013314876283
esin3: 0.01029658826150932 ± 0.14132767989846554
mu_4: 0.00042867871893229216 ± 0.0006794904713719808
P_4: 4067.7477797875094 ± 149.32559610344077
t04: 2019.827652890913 ± 488.05961827801815
ecos4: 0.004975264225010479 ± 0.23479602770678365
esin4: 0.1536742476356425 ± 0.22097899280747377
Retrieved Earth masses:
[0.8736947576818331, 0.9483163888175844, 0.38221470839788774, 142.7149539116224]
 ± [0.21474543606832383, 0.1169072276553365, 0.2219647606156071, 226.21475483264032]
Retrieved eccentricity:
[0.053116098525880825, 0.023542341132218227, 0.346683899628835, 0.007036086143399485]
 ± [0.05071131202827601, 0.03900729741737693, 0.15194329344215154, 0.3320517267742624]
