Global Fit Results.
chi^2: 7.39055787026158
per 4 range=[657.45 - 712.2375, length=100]
mu_1: 2.5479638133148052e-6 ± 6.666824852046031e-7
P_1: 224.70088812645307 ± 4.774016633594707e-5
t01: 3503.769699901849 ± 0.0033980575155683093
ecos1: -0.03665154766087595 ± 0.03768817839822027
esin1: 0.009257567819132395 ± 0.03205985263039977
mu_2: 2.8416195174278245e-6 ± 3.6183304644820266e-7
P_2: 365.2564560050183 ± 2.738812380200933e-5
t02: 3624.4074943461865 ± 0.00044268418621898174
ecos2: -0.015749366648990147 ± 0.029219792129074416
esin2: 0.00989165473531888 ± 0.02538371989538312
mu_3: 1.2419491838260154e-6 ± 7.155675248378263e-7
P_3: 672.2665411658072 ± 1.266169023864981
t03: 27.596077948059033 ± 46.070225051503826
ecos3: -0.23257544526636775 ± 0.10293987327134191
esin3: 0.008326169183693501 ± 0.13850709587724525
mu_4: 0.0004627398296261525 ± 0.0006797771782404543
P_4: 4068.26780512656 ± 150.12427813199142
t04: 2064.032011133939 ± 454.00630559332376
ecos4: 0.02304561979873058 ± 0.1911306635583872
esin4: 0.14345745331394488 ± 0.1949242398128297
Retrieved Earth masses:
[0.8482635645907539, 0.9460268974260233, 0.413467505389046, 154.0545180844376]
 ± [0.2219507429401659, 0.12046081194833771, 0.23822546307462916, 226.31020477151827]
Retrieved eccentricity:
[0.051833115783974655, 0.02227296791378837, 0.3289113489706587, 0.032591428072658704]
 ± [0.05329913303189982, 0.04132302631865965, 0.1455789648892994, 0.27029957658964027]
