Global Fit Results.
chi^2: 74.57327859307455
per 4 range=[657.45 - 712.2375, length=100]
mu_1: 2.697942692046117e-6 ± 2.5785260797396875e-7
P_1: 224.70087436538444 ± 1.5386586762267546e-5
t01: 3503.771705390326 ± 0.002482159060627685
ecos1: -0.04622338241622606 ± 0.01795238869091634
esin1: 0.0042367360795506305 ± 0.012856795727796548
mu_2: 2.7791637451105303e-6 ± 1.2900810262779402e-7
P_2: 365.2564607228212 ± 9.305097906049794e-6
t02: 3624.4074409338486 ± 0.00013935473798536217
ecos2: -0.0235553540054407 ± 0.014057017090541735
esin2: 0.005546127331737175 ± 0.010191791361682703
mu_3: 1.0232023062198213e-6 ± 2.0731001814474698e-7
P_3: 672.8769963278085 ± 0.538311430370171
t03: 697.4066527431287 ± 16.433727168085557
ecos3: -0.2567012981022018 ± 0.041426528311664525
esin3: 0.02307632154844983 ± 0.05084897832127467
mu_4: 0.00026885928360487264 ± 0.00024213375866951283
P_4: 4073.428782951314 ± 56.184320144252304
t04: 1969.033827064442 ± 252.26381736102607
ecos4: -0.08509523321129782 ± 0.21305673463374325
esin4: 0.20668217078791554 ± 0.15321462175061845
Retrieved Earth masses:
[0.8981942651843532, 0.9252342331902573, 0.34064268536150893, 89.50815278152778]
 ± [0.08584382997750091, 0.042949147246237496, 0.06901728119052762, 80.61073872534689]
Retrieved eccentricity:
[0.06536973431178494, 0.033312301100993646, 0.3630304572549127, 0.1203428329007188]
 ± [0.025388511563687263, 0.019879624215954506, 0.05858595818038897, 0.3013077236739652]
