Global Fit Results.
chi^2: 74.00211241968982
per 4 range=[657.45 - 1314.9, length=100]
mu_1: 2.7103849006890602e-6 ± 8.32627774285324e-8
P_1: 224.70087900444088 ± 7.485937154687435e-6
t01: 3503.768163970821 ± 0.00014021407862728296
ecos1: -0.07502268997589782 ± 0.0075762868163316895
esin1: 0.004620859886466521 ± 0.004756069923522938
mu_2: 2.5990390709582463e-6 ± 5.0596674301922705e-8
P_2: 365.2564028347693 ± 1.1947562140295807e-5
t02: 3624.4081082803264 ± 9.995463324982565e-5
ecos2: -0.04817958985832034 ± 0.005716462402791196
esin2: 0.005916003231206559 ± 0.003718263122304871
mu_3: 4.903647734821677e-7 ± 7.952720805748915e-8
P_3: 669.7732847503482 ± 0.6837711417880953
t03: 717.642807163974 ± 13.099222825015646
ecos3: -0.46056302976051056 ± 0.05393099897601864
esin3: -0.01516938570982799 ± 0.04290894414263675
mu_4: 0.0012346690310420017 ± 0.0001725560322207431
P_4: 5151.9658450403695 ± 93.15239440911178
t04: 640.6111489163802 ± 107.10570565027649
ecos4: 0.03824493469859409 ± 0.011762753082853234
esin4: 0.09075266169909381 ± 0.012382565218479134
Retrieved Earth masses:
[0.902336503076309, 0.8652674481956203, 0.16325136508221233, 411.0438099193294]
 ± [0.02771969523671063, 0.01684455449308361, 0.02647605614972738, 57.44704623288144]
Retrieved eccentricity:
[0.10609810564962675, 0.06813622940720984, 0.6513344830149574, 0.054086505342825136]
 ± [0.010714487568084753, 0.0080842986588232, 0.07626995018421506, 0.01663504494061698]
