Global Fit Results.
chi^2: 117.71602935553786
per 4 range=[657.45 - 712.2375, length=300]
mu_1: 2.4125152169949447e-6 ± 2.4615372034240556e-7
P_1: 224.70088693937635 ± 1.1364293891312751e-5
t01: 3503.7743736215943 ± 0.0035891204671204898
ecos1: -0.1009380365914481 ± 0.03363323479848666
esin1: 0.011176177327706892 ± 0.01669449930872365
mu_2: 2.4126983717151617e-6 ± 1.621136774940962e-7
P_2: 365.2564732636544 ± 8.805551331346163e-6
t02: 3624.408511920191 ± 0.00013659793863814043
ecos2: -0.06703640679590218 ± 0.026786793318003276
esin2: 0.013698601723483915 ± 0.013114286972633872
mu_3: 7.731040933168611e-7 ± 1.6291898587103077e-7
P_3: 673.1218973297582 ± 0.43901982721550087
t03: 708.104864713795 ± 14.055818405332998
ecos3: -0.37286130844656773 ± 0.08035142773049764
esin3: 0.07703517456012479 ± 0.05226092626513537
mu_4: 3.58144893831014e-7 ± 6.651097572460361e-5
P_4: 4016.1877251337805 ± 41.687123962226245
t04: 221806.8659611161 ± 4.0839052004946135e7
ecos4: -147.13177197505698 ± 27346.44825374274
esin4: 172.1262365303019 ± 31945.768183365242
Retrieved Earth masses:
[0.8031702596808921, 0.8032312352234139, 0.25738043474938427, 0.1192329587624084]
 ± [0.0819490571898191, 0.05397059613698199, 0.05423869796434845, 22.142715315553314]
Retrieved eccentricity:
[0.10155488255419758, 0.06842171822809127, 0.3807360942385098, 226.44027827797242]
