Global Fit Results.
chi^2: 2.5264096352129397
per 4 range=[657.45 - 1314.9, length=100]
mu_1: 4.3632189939442424e-6 ± 4.872089818580785e-7
P_1: 224.70077454431794 ± 2.357160057242529e-5
t01: 3503.7689395436455 ± 0.00034039069961765335
ecos1: -0.03691983539821288 ± 0.02361992001873815
esin1: -0.023461042691935868 ± 0.020494851308182953
mu_2: 2.6801104861872897e-6 ± 2.574268879125317e-7
P_2: 365.2563256059107 ± 0.00010876882412105421
t02: 3624.4087174543374 ± 0.0009689456304366802
ecos2: -0.018688098362130066 ± 0.017826601892346694
esin2: -0.015955581545182486 ± 0.015155721393212463
mu_3: 1.0624642598429614e-8 ± 4.6071847500065294e-6
P_3: 876.5955272330938 ± 9.213093246571166
t03: -16572.579255470126 ± 7.388546791571052e6
ecos3: 8.168869501271134 ± 3399.974716304024
esin3: -61.06674165298975 ± 26480.029436103996
mu_4: 0.0017102647630211467 ± 0.0010671070043921892
P_4: 5393.1552439190355 ± 865.4715344138949
t04: 41.48458099870191 ± 1162.7534590687344
ecos4: 0.04976242201988114 ± 0.036234955379577126
esin4: 0.05510208714918049 ± 0.03466168862804031
Retrieved Earth masses:
[1.4525950790793047, 0.892257599040478, 0.0035371370487878922, 569.3782920672255]
 ± [0.1622007445678366, 0.08570210001456137, 1.5338157231065224, 355.25935910677794]
Retrieved eccentricity:
[0.052212531940734934, 0.026428962158686762, 11.552526037953578, 0.07037469211704946]
 ± [0.03340361123266726, 0.025210622167182575, 4808.290355522767, 0.05124396532978191]
