Global Fit Results.
chi^2: 426.0978895944463
per 4 range=[657.45 - 730.5, length=200]
mu_1: 2.679007789948127e-6 ± 8.547250133894229e-8
P_1: 224.70090134491485 ± 6.270222048519747e-6
t01: 3503.7693384201816 ± 0.0002562646175059347
ecos1: -0.04176308788279455 ± 0.0031767053261037804
esin1: 0.005616044452550519 ± 0.0029795131773810023
mu_2: 2.8340963921233082e-6 ± 3.662651162980894e-8
P_2: 365.2564705835624 ± 4.156899367658313e-6
t02: 3624.408481012747 ± 5.1210759371834584e-5
ecos2: -0.02201620607519621 ± 0.00238484324304707
esin2: 0.0074935132985591265 ± 0.0023904561453247687
mu_3: 7.84039881422301e-7 ± 7.3849904626969e-8
P_3: 671.599643481184 ± 0.24314978046203078
t03: 683.8686005401368 ± 8.455335173526851
ecos3: -0.32753813102894364 ± 0.022004850810039788
esin3: -0.062432344458273684 ± 0.028205501195785392
mu_4: 0.0007152408050735108 ± 9.058551384959458e-5
P_4: 4137.101619005036 ± 16.00821621762565
t04: 1786.4881317027205 ± 53.41575980323816
ecos4: 0.0020694091119940953 ± 0.016615341296570624
esin4: 0.1105490767589499 ± 0.013989229402662562
Retrieved Earth masses:
[0.8918904913768586, 0.9435223119784891, 0.26102115780496854, 238.1166921138909]
 ± [0.028455352576587507, 0.0121936328731478, 0.024585978425675597, 30.157567574861176]
Retrieved eccentricity:
[0.04213900170624649, 0.023256527503072957, 0.33343518847369724, 0.11056844408025737]
