Global Fit Results.
chi^2: 0.6316092712343305
per 4 range=[657.45 - 1314.9, length=100]
mu_1: 4.363493265338012e-6 ± 9.605180838585164e-7
P_1: 224.70077454251125 ± 4.741919355697493e-5
t01: 3503.7689395640614 ± 0.0006857787824347798
ecos1: -0.03689849468274578 ± 0.04738948133807323
esin1: -0.023471729246842793 ± 0.041125560109102205
mu_2: 2.6802088147098985e-6 ± 5.125790088670751e-7
P_2: 365.2563255608648 ± 0.00021863223960443822
t02: 3624.4087176990283 ± 0.0019497221607782654
ecos2: -0.01867148070634988 ± 0.03575594566916952
esin2: -0.01596456858444835 ± 0.030422210199860588
mu_3: 1.1050153043661389e-8 ± 9.419781585123328e-6
P_3: 876.6022018844717 ± 18.479196522234624
t03: -15915.077650404532 ± 1.3964652780324906e7
ecos3: 7.961404957418572 ± 6502.023138355158
esin3: -58.7094622173938 ± 50048.034318557024
mu_4: 0.0017101695637403997 ± 0.0021696521581994195
P_4: 5392.704679096344 ± 1755.8532401245695
t04: 41.87480366725567 ± 2374.086003873473
ecos4: 0.049764368364283995 ± 0.07235690811631683
esin4: 0.05509956489447063 ± 0.07133829312771221
Retrieved Earth masses:
[1.4526863890221418, 0.8922903343967077, 0.003678797226674535, 569.3465984926108]
 ± [0.31977396594487634, 0.17064688867394845, 3.1360168709255616, 722.3167236594003]
Retrieved eccentricity:
[0.05218235161149062, 0.026405461244507576, 11.259126866325738, 0.07037744466370102]
 ± [0.06701884722212986, 0.05056654330081507, 9195.24930512554, 0.10232812078947913]
