Global Fit Results.
chi^2: 733.4293593592905
per 4 range=[657.45 - 712.2375, length=300]
mu_1: 2.4691490101755344e-6 ± 6.964537124706345e-8
P_1: 224.70088747954765 ± 4.568642599695608e-6
t01: 3503.7721018547477 ± 0.0006556939974201478
ecos1: -0.043768859510657857 ± 0.006923702247853927
esin1: 0.012830138905675794 ± 0.004685318805458808
mu_2: 2.7846880440465246e-6 ± 4.671609069741799e-8
P_2: 365.25646647340875 ± 2.9697831542805725e-6
t02: 3624.4085309172847 ± 4.5985363213959805e-5
ecos2: -0.02167454229157968 ± 0.005451811656977102
esin2: 0.01274561223155368 ± 0.003690851036482517
mu_3: 1.1479006193747643e-6 ± 7.607338888148057e-8
P_3: 672.7368392381253 ± 0.14036402648841334
t03: 34.44897588339493 ± 4.767070919614845
ecos3: -0.24831821774167145 ± 0.015392797330279208
esin3: 0.050105186293343436 ± 0.016574970022964475
mu_4: 0.00019202986646545743 ± 7.467370724705302e-5
P_4: 4049.9579830822063 ± 17.187531877122815
t04: 2322.054455134228 ± 121.24882890399992
ecos4: -0.05364859908880588 ± 0.08759545167359482
esin4: 0.3302395264308758 ± 0.11424462244762755
Retrieved Earth masses:
[0.8220246810147507, 0.9270733729311059, 0.3821570251894574, 63.930240368664855]
 ± [0.02318621267796683, 0.01555263752634806, 0.025326216834748474, 24.86023732345899]
Retrieved eccentricity:
[0.04561058569238769, 0.025144311776356235, 0.2533228512311726, 0.33456885240781237]
