Global Fit Results.
chi^2: 64.47545985771994
per 4 range=[657.45 - 730.5, length=100]
mu_1: 5.224591964206817e-6 ± 2.124758023152429e-7
P_1: 224.70072635092225 ± 1.2297627157383282e-5
t01: 3503.7693172989743 ± 0.0002198416630946198
ecos1: -0.019215288570194205 ± 0.0028192213764630697
esin1: -4.44566967229851e-5 ± 0.003135827016814478
mu_2: 2.946686211905697e-6 ± 1.03252318012707e-7
P_2: 365.2564595088612 ± 1.0499422525321962e-5
t02: 3624.4075066083833 ± 0.00015121134341867506
ecos2: 0.0010808144959438399 ± 0.002236189495136413
esin2: 0.0033478213178544346 ± 0.0023586034516344225
mu_3: 5.672444645545258e-7 ± 1.5623831955072967e-7
P_3: 680.2140540765081 ± 1.088362168602799
t03: 384.09355245251356 ± 39.29309832410851
ecos3: -0.19060961064984833 ± 0.048398350483430656
esin3: 0.21440329824550655 ± 0.0992745951153236
mu_4: 0.001972826039857191 ± 0.00028858115324275675
P_4: 4349.821634550404 ± 40.87817253134206
t04: 92.59027547133326 ± 84.15354622788401
ecos4: 0.06334482279245335 ± 0.007902283550575024
esin4: -0.0396414809714046 ± 0.006547040385638076
Retrieved Earth masses:
[1.7393618307807275, 0.9810055138066148, 0.1888460146030912, 656.789723677273]
 ± [0.07073706483559855, 0.03437457740648676, 0.052014582458042455, 96.07392241765989]
Retrieved eccentricity:
[0.02717452170088136, 0.0015285025185732188, 0.26956269649967063, 0.08958310749920788]
 ± [0.003986981105926218, 0.0031624495120581597, 0.06844560365015408, 0.011175516570941015]
