Global Fit Results.
chi^2: 2.567727841105903
per 4 range=[657.45 - 730.5, length=100]
mu_1: 2.7285327703787316e-6 ± 1.0225811238950821e-6
P_1: 224.70089404268148 ± 7.300259478402447e-5
t01: 3503.7687044505906 ± 0.0029547131694009515
ecos1: -0.0446087400741921 ± 0.04336636224791221
esin1: 0.004507284036156005 ± 0.037625002378508805
mu_2: 2.8392957464885467e-6 ± 4.4994682237139736e-7
P_2: 365.2564660144671 ± 4.9809433476633816e-5
t02: 3624.4073698983716 ± 0.0006134012516407632
ecos2: -0.024120942469753444 ± 0.03255886106621363
esin2: 0.0062617967747752275 ± 0.030320415959971824
mu_3: 7.340482150061648e-7 ± 8.590096029786011e-7
P_3: 671.4889747757468 ± 3.0348180531138396
t03: 689.3555995311148 ± 108.81309719687695
ecos3: -0.34433632119896257 ± 0.2905043572936617
esin3: -0.04784821057235827 ± 0.3641467361797112
mu_4: 0.0006734246796054912 ± 0.0011425089126233705
P_4: 4151.105670914306 ± 208.01712913583106
t04: 1719.7594985969624 ± 684.2961397610117
ecos4: -0.005909554769114256 ± 0.2240259743908473
esin4: 0.10856338946896021 ± 0.18261366685060187
Retrieved Earth masses:
[0.908378259459286, 0.9452532717528708, 0.2443780214572765, 224.19534226523274]
 ± [0.3404358824507728, 0.14979549294481598, 0.28597994368387386, 380.3620278020277]
Retrieved eccentricity:
[0.06308628521329865, 0.0341121639779465, 0.48696509545723116, 0.008357372502067984]
 ± [0.06132929764178203, 0.04604518289526065, 0.4108352020131757, 0.3168205713073839]
