Global Fit Results.
chi^2: 11.887618532392928
per 4 range=[657.45 - 712.2375, length=100]
mu_1: 2.6243538283056544e-6 ± 5.160303894949741e-7
P_1: 224.70088341015688 ± 3.7318453791838495e-5
t01: 3503.770417647338 ± 0.003299256684254097
ecos1: -0.03755866168286687 ± 0.02868646153255483
esin1: 0.006718778793159497 ± 0.0251875637490398
mu_2: 2.8484965659036885e-6 ± 2.809334354330198e-7
P_2: 365.256460075782 ± 1.963846746283454e-5
t02: 3624.4074506233655 ± 0.0003408497367084856
ecos2: -0.016646887891884777 ± 0.022065706043777396
esin2: 0.00795107938190585 ± 0.020050341485908698
mu_3: 1.1480723647973773e-6 ± 5.333828651335416e-7
P_3: 672.5033160943698 ± 0.9983658210686437
t03: 697.4807485051086 ± 36.844943671785295
ecos3: -0.2451430256434879 ± 0.08595422596273558
esin3: 0.01029464635581413 ± 0.11307940521607705
mu_4: 0.0004286873643415172 ± 0.0005436244100230739
P_4: 4067.749644218792 ± 119.46503935597667
t04: 2019.820579380581 ± 390.48012034397834
ecos4: 0.004975890655265134 ± 0.18783035661214284
esin4: 0.1536714234426133 ± 0.17678749606173813
Retrieved Earth masses:
[0.873695192024653, 0.9483163921290153, 0.38221420236898657, 142.71783212582946]
 ± [0.1717959161518436, 0.0935278578556864, 0.17757287136711247, 180.98246821048713]
Retrieved eccentricity:
[0.05311596873649302, 0.02354225462800791, 0.346684591586196, 0.0070369720495615]
 ± [0.04056878295583312, 0.031205620750447964, 0.12155763209978226, 0.2656322377462674]
