Global Fit Results.
chi^2: 191.14822088868036
per 4 range=[657.45 - 803.5500000000001, length=100]
mu_1: 2.590853610540356e-6 ± 6.96663956568876e-8
P_1: 224.70087538829245 ± 5.3307082019722965e-6
t01: 3503.7684949918867 ± 0.00013185047266225434
ecos1: -0.07502986378349635 ± 0.006775893989532357
esin1: 0.018967351414519745 ± 0.004294106030175746
mu_2: 2.5947647829223745e-6 ± 4.778069131895499e-8
P_2: 365.2563281935404 ± 1.0385099377720147e-5
t02: 3624.4087092628447 ± 9.757640323178245e-5
ecos2: -0.04797062450899286 ± 0.005385210156884812
esin2: 0.016316558845323015 ± 0.0033217028238261724
mu_3: 7.0397889255132e-7 ± 7.342605133137185e-8
P_3: 669.4377643695574 ± 0.35470350445166565
t03: 77.23978333603097 ± 6.483412315132641
ecos3: -0.3888588226290317 ± 0.0351548844883183
esin3: 0.08845327130275103 ± 0.02379462087104828
mu_4: 0.0012212959191399114 ± 0.0001278710679324649
P_4: 5781.022548828259 ± 92.09446045432577
t04: 141.3754792299131 ± 121.94924578817387
ecos4: 0.07993745107842197 ± 0.007210000380918843
esin4: 0.11497930830823976 ± 0.013755422592667016
Retrieved Earth masses:
[0.8625423593244157, 0.86384445985236, 0.23436739629961692, 406.5916573760089]
 ± [0.023193212086956728, 0.015907062464948604, 0.02444486994308729, 42.57060768508555]
Retrieved eccentricity:
[0.10610825094562644, 0.06784070777612489, 0.5499294208104104, 0.11304862745664014]
 ± [0.009582561177198998, 0.0076158372400958445, 0.04971651442703928, 0.010196480323410608]
