Global Fit Results.
chi^2: 312.0178319313649
per 4 range=[657.45 - 803.5500000000001, length=300]
mu_1: 2.6522937183963685e-6 ± 9.406931339202144e-8
P_1: 224.70088180238412 ± 6.204970806543366e-6
t01: 3503.7704821054913 ± 0.0004398102474164381
ecos1: -0.06879430410152076 ± 0.010458139985509565
esin1: 0.011574100729232881 ± 0.0054078002972074235
mu_2: 2.767407825041609e-6 ± 6.22833759536426e-8
P_2: 365.2564651133623 ± 4.400135605764958e-6
t02: 3624.408572627381 ± 5.326988382369326e-5
ecos2: -0.04264916300740931 ± 0.008335361192816377
esin2: 0.01200511193320382 ± 0.00425923253336152
mu_3: 5.475859721193213e-7 ± 6.878919478330387e-8
P_3: 671.9875041257067 ± 0.29449493924167497
t03: 40.37945327194702 ± 10.266617104110779
ecos3: -0.4295473366177318 ± 0.04084043157942554
esin3: 0.05954301084526638 ± 0.03462086243739105
mu_4: 0.000179029772407316 ± 5.976025832685822e-5
P_4: 4066.46003972502 ± 19.393633499696875
t04: 2002.1395231336649 ± 139.27249552515465
ecos4: -0.35246323115358247 ± 0.1638699366567905
esin4: 0.3461522002434079 ± 0.09952605919827166
Retrieved Earth masses:
[0.882996890360702, 0.9213204732653336, 0.1823013443921463, 59.602272260111626]
 ± [0.031317387899912834, 0.020735270346108073, 0.022901175937934573, 19.89527852958636]
Retrieved eccentricity:
[0.06976113591752177, 0.044306588875260115, 0.43365456821750015, 0.4940158651790204]
