Global Fit Results.
chi^2: 15.315390518960708
per 4 range=[657.45 - 730.5, length=100]
mu_1: 2.7925587828612846e-6 ± 5.664914845594579e-7
P_1: 224.70087042855778 ± 3.4434494077825794e-5
t01: 3503.769724019684 ± 0.0023907571418520356
ecos1: -0.05592401010848109 ± 0.04208436389007239
esin1: -0.0019188000471720885 ± 0.028905524695633764
mu_2: 2.7365400631888627e-6 ± 2.824526345894458e-7
P_2: 365.256476024976 ± 2.1701507085573673e-5
t02: 3624.4073072596325 ± 0.00029249250871685173
ecos2: -0.031006043217907512 ± 0.03321998259584086
esin2: 0.0008314076820607492 ± 0.02277054887785191
mu_3: 8.598757851843769e-7 ± 3.9571977598786893e-7
P_3: 672.2710407223549 ± 1.1584858252735277
t03: 20.179021286463467 ± 39.98102485861764
ecos3: -0.27577653573660965 ± 0.09137748041122125
esin3: -0.01414256783248283 ± 0.11690165983334261
mu_4: 0.00032741149914362617 ± 0.00048753067399403687
P_4: 4163.25002467794 ± 126.49156941060994
t04: 1434.9953684463903 ± 703.3557324424362
ecos4: -0.15130877307881255 ± 0.36859395306102327
esin4: 0.079744442398038 ± 0.18297446852220062
Retrieved Earth masses:
[0.9296936852479772, 0.9110440330885462, 0.28626831151767784, 109.00125186246542]
 ± [0.18859533384720914, 0.09403362692705977, 0.13174232145857057, 162.30784173951653]
Retrieved eccentricity:
[0.07908849355770402, 0.043849166834291124, 0.3900069170229819, 0.21398291899408975]
 ± [0.05951627817718492, 0.04698014992883632, 0.12922727209303092, 0.5212705674276111]
