Global Fit Results.
chi^2: 9.06686166607045
per 4 range=[657.45 - 730.5, length=100]
mu_1: 5.224601258862114e-6 ± 5.665939968911701e-7
P_1: 224.7007263526787 ± 3.279459376768596e-5
t01: 3503.7693174205065 ± 0.0005861818676714671
ecos1: -0.01921608819754558 ± 0.007518320175253857
esin1: -4.631852589056154e-5 ± 0.008362188266049023
mu_2: 2.9466850296294407e-6 ± 2.7534086469410786e-7
P_2: 365.2564595079208 ± 2.7997812337008268e-5
t02: 3624.407506611396 ± 0.0004032228780213938
ecos2: 0.001080703556305319 ± 0.005963478317860159
esin2: 0.00334635667580263 ± 0.006289553823867879
mu_3: 5.672317779297844e-7 ± 4.1665345305597167e-7
P_3: 680.2145946117796 ± 2.902774892492147
t03: 384.07188764137203 ± 104.79657351708306
ecos3: -0.19063977420987427 ± 0.12904324793219968
esin3: 0.2143694321566334 ± 0.26475605763012644
mu_4: 0.0019726458488471595 ± 0.0007695904395722348
P_4: 4349.791757032887 ± 109.01177762726059
t04: 92.66658564151803 ± 224.43844387490108
ecos4: 0.06334221975057519 ± 0.02107485608894323
esin4: -0.03964321695148321 ± 0.01745992978918089
Retrieved Earth masses:
[1.7393649251407781, 0.981005120205314, 0.188841790994628, 656.7297348078558]
 ± [0.18862946206969733, 0.09166598918807622, 0.13871152386128402, 256.2106754166263]
Retrieved eccentricity:
[0.027175652544726522, 0.0015283456262318179, 0.26960535421534876, 0.08957942624208036]
 ± [0.010632510358107269, 0.008433631916035727, 0.18249471135839063, 0.02980434730604472]
