Global Fit Results.
chi^2: 369.7528091294141
per 4 range=[657.45 - 730.5, length=100]
mu_1: 2.728536791728548e-6 ± 8.521555263884527e-8
P_1: 224.70089404272375 ± 6.083546219601314e-6
t01: 3503.7687044538798 ± 0.0002462264496637886
ecos1: -0.04460879098972671 ± 0.0036138093705859954
esin1: 0.004506632171152685 ± 0.0031353353226204928
mu_2: 2.839295162491986e-6 ± 3.7495466645421744e-8
P_2: 365.2564660143958 ± 4.1507932888574865e-6
t02: 3624.407369899662 ± 5.1116772311315117e-5
ecos2: -0.02412097244537424 ± 0.0027131857935285292
esin2: 0.0062612777510672925 ± 0.0025266380209809434
mu_3: 7.340403649622075e-7 ± 7.158349008470288e-8
P_3: 671.4889898371796 ± 0.2528967221676044
t03: 689.3521710461414 ± 9.067950073436574
ecos3: -0.34433756481479216 ± 0.02420872083009139
esin3: -0.04785895460725604 ± 0.030346249668115294
mu_4: 0.0006734332854585336 ± 9.520788251810685e-5
P_4: 4151.1081845013405 ± 17.334687980184583
t04: 1719.747141433765 ± 57.025529633876616
ecos4: -0.0059117919598962974 ± 0.018668482090101062
esin4: 0.10856098822082781 ± 0.015217273777760294
Retrieved Earth masses:
[0.9083795982398886, 0.9452530773297781, 0.2443754080346546, 224.1982073104661]
 ± [0.02836980967400692, 0.012482923825853203, 0.023831447741834426, 31.696438301013202]
Retrieved eccentricity:
[0.06308635721873823, 0.03411220636987597, 0.4869668541956037, 0.008360536367613565]
 ± [0.005110698223713693, 0.003837024146446054, 0.0342363013256193, 0.026401220560740145]
