Global Fit Results.
per 3 range=[1826.25 - 5478.75, length=200]
mu_1: 3.642610560707722e-6 ± 5.468193510444152e-7
P_1: 224.70077446086015 ± 9.603623982386456e-6
t01: 3503.768822865223 ± 0.0002658081448424078
ecos1: -0.08203582105074447 ± 0.049835883316493544
esin1: -0.06537176046698223 ± 0.023476949549525724
mu_2: 2.5888347947298285e-6 ± 3.1542411778346954e-7
P_2: 365.25645864296445 ± 2.0989393942672274e-5
t02: 3624.4074687978596 ± 0.0003579241599586155
ecos2: -0.0494825869282884 ± 0.03941196912004189
esin2: -0.050481878349754546 ± 0.018176241982679028
mu_3: 0.00039808140091387144 ± 0.00019706162978093685
P_3: 4225.768866863858 ± 111.95982992886742
t03: 1451.3665537732704 ± 364.66336186939765
ecos3: -0.0867690703312062 ± 0.10500969754525194
esin3: 0.12058421509432381 ± 0.09935977660914071
Retrieved Earth masses:
[1.2126914057786484, 0.861870258768379, 132.52854941341386]
 ± [0.182046122272314, 0.10501043425762414, 65.6054060299121]
Retrieved eccentricity:
[0.11601617073037508, 0.06997894553529109, 0.12270999605689675]
 ± [0.07047858207902823, 0.05573694124939286, 0.148506138449192]
