Global Fit Results.
chi^2: 0.844783355205162
per 4 range=[547.875 - 1826.25, length=200]
mu_1: 2.6642391972465938e-6 ± 8.052721209037953e-7
P_1: 224.70087268108475 ± 6.799055281554767e-5
t01: 3503.7682431081066 ± 0.001339418915199769
ecos1: -0.0851954242822893 ± 0.08038046889900281
esin1: 0.0066414937695627495 ± 0.04994160256534615
mu_2: 2.5713938617983274e-6 ± 4.915532793319502e-7
P_2: 365.256384713625 ± 0.00010650806410596395
t02: 3624.4082297172513 ± 0.0009403629700601479
ecos2: -0.05541527439047647 ± 0.0618939237162977
esin2: 0.007366637655192261 ± 0.03936255399512707
mu_3: 5.031504331311702e-7 ± 7.512505818197441e-7
P_3: 669.7062224061767 ± 7.035994974435766
t03: 56.073251448978404 ± 123.79506902612964
ecos3: -0.4381581651820377 ± 0.47931476383580973
esin3: 0.013242201424360323 ± 0.38388676123363435
mu_4: 0.001034338393726964 ± 0.0012599520429341176
P_4: 5228.620411588602 ± 885.7664398600302
t04: 609.9106553160711 ± 1083.901316370135
ecos4: 0.03623490594835691 ± 0.11954008711183803
esin4: 0.10912846770472465 ± 0.13908898972225212
Retrieved Earth masses:
[0.8869737578567332, 0.8560638545090438, 0.16750794407004235, 344.35009173637195]
 ± [0.2680897570734117, 0.16364704032822844, 0.2501050027104759, 419.4609851080521]
Retrieved eccentricity:
[0.12048452447214363, 0.07836903260563827, 0.6196492196649486, 0.05124389542347988]
 ± [0.11367514926687854, 0.08753122634807396, 0.6778534396622592, 0.16905521244082256]
