Global Fit Results.
chi^2: 191.4391363614394
per 3 range=[1826.25 - 8035.5, length=300]
mu_1: 3.686151504748068e-6 ± 2.4185086866103577e-7
P_1: 224.70077027869334 ± 4.700042126674385e-6
t01: 3503.769724782331 ± 0.00010909771716149496
ecos1: -0.09736541302171076 ± 0.02237816631033275
esin1: -0.06104374182886639 ± 0.009566428078963062
mu_2: 2.5088186648404125e-6 ± 1.2907178739965624e-7
P_2: 365.25646208706416 ± 9.841996847637818e-6
t02: 3624.4086238541545 ± 0.00014520797609727748
ecos2: -0.061764399631619636 ± 0.017653143256596
esin2: -0.04722741876519608 ± 0.0074078163134909236
mu_3: 0.00042509826047818015 ± 9.037416535248462e-5
P_3: 4255.6951410522115 ± 45.71631943969514
t03: 1443.819394114324 ± 137.44040068334456
ecos3: -0.06835104358039142 ± 0.04112123501510025
esin3: 0.13401250755619068 ± 0.04049252585519127
Retrieved Earth masses:
[1.2271869791475891, 0.8352314316350964, 141.52295407422952]
 ± [0.08051655948868588, 0.04297034906680799, 30.08720581046227]
Retrieved eccentricity:
[0.11491893694843168, 0.07775133532665282, 0.15043675528283182]
