Global Fit Results.
per 3 range=[1826.25 - 5478.75, length=200]
mu_1: 3.4801299043177144e-6 ± 5.27629030797118e-7
P_1: 224.70078867777008 ± 1.766642465419176e-5
t01: 3503.7687324147237 ± 0.00027228790664757854
ecos1: -0.10668348514681979 ± 0.047672709985316905
esin1: -0.02657133739430451 ± 0.02120383954695817
mu_2: 2.5009881441645053e-6 ± 2.82454235954594e-7
P_2: 365.25640917315013 ± 3.964648850265908e-5
t02: 3624.407909410654 ± 0.0003842502938619491
ecos2: -0.06950869352979791 ± 0.03677488816401334
esin2: -0.01890086730539196 ± 0.016699750248993936
mu_3: 0.00080149401629163 ± 0.0004432154727037009
P_3: 4646.423391959781 ± 226.1906710105763
t03: 1104.9961882370721 ± 324.96167584713936
ecos3: 0.00686365519346901 ± 0.061771178569640324
esin3: 0.09793410892936127 ± 0.0626111596487875
Retrieved Earth masses:
[1.1585986356827003, 0.8326245086692222, 266.83195722987995]
 ± [0.1756573151104757, 0.09403416005068646, 147.55450402896534]
Retrieved eccentricity:
[0.1508732315758612, 0.09830013709267521, 0.009706674262056403]
 ± [0.06741939301631444, 0.052007545596301476, 0.08735763849695563]
