Global Fit Results.
chi^2: 216.95776360039773
per 3 range=[1826.25 - 8035.5, length=300]
mu_1: 3.905313925614067e-6 ± 2.1394815373858166e-7
P_1: 224.7007800862233 ± 3.6008693158776937e-6
t01: 3503.76941650554 ± 9.961946234241564e-5
ecos1: -0.06715209548763572 ± 0.017444552261921365
esin1: -0.057435026266382055 ± 0.008319865669386584
mu_2: 2.6455877092535033e-6 ± 1.183712642973677e-7
P_2: 365.2564616505869 ± 7.853183864365222e-6
t02: 3624.408517619886 ± 0.00013387465945850993
ecos2: -0.03677168992450119 ± 0.013754004721703862
esin2: -0.0437144479401026 ± 0.0064512114065636015
mu_3: 0.0003497733993136701 ± 7.44280584873931e-5
P_3: 4187.168143870032 ± 46.56068778097852
t03: 1498.4355658249017 ± 160.54348084742625
ecos3: -0.1133939841922374 ± 0.055075442565837976
esin3: 0.12689897193244068 ± 0.04325809046066146
Retrieved Earth masses:
[1.300150141095432, 0.8807643377671449, 116.44593575088625]
 ± [0.07122723744329613, 0.03940795001612275, 24.77845637687822]
Retrieved eccentricity:
[0.0883639415746069, 0.05712363905259891, 0.17018091763914]
