Global Fit Results.
chi^2: 4.098408591446437
per 4 range=[547.875 - 1826.25, length=200]
mu_1: 2.6822441583705225e-6 ± 1.1059653164853533e-6
P_1: 224.70078182123441 ± 1.462319407723717e-5
t01: 3503.7687048192442 ± 0.0003296360453806844
ecos1: -0.004658560517950518 ± 0.017744606078553878
esin1: -0.0061224941915368454 ± 0.022827674267805822
mu_2: 3.085055165723824e-6 ± 3.3248182475513434e-7
P_2: 365.2564682582257 ± 3.2119254566672126e-5
t02: 3624.407414705396 ± 0.00045110569270901725
ecos2: 0.009815932758179102 ± 0.013744816678872385
esin2: -0.0022094159378393415 ± 0.018163472569629906
mu_3: 6.959111116073813e-5 ± 3.924400634019622e-5
P_3: 1732.1771722271008 ± 14.69079962185516
t03: 160.71437314596128 ± 63.25391832872377
ecos3: 0.2979623027739816 ± 0.07914055709486945
esin3: 0.013389949004293366 ± 0.07617583386874031
mu_4: 0.0009094093065518325 ± 0.0004736976754997178
P_4: 4212.853050861436 ± 144.56579668166196
t04: 548.0129707978693 ± 399.3001612838302
ecos4: 0.03194159169770223 ± 0.05940320598004524
esin4: -0.05388907906571654 ± 0.040438944918827754
Retrieved Earth masses:
[0.892967937375096, 1.0270710589219356, 23.16814850688214, 302.7589230335561]
 ± [0.3681959990064023, 0.11068925561447253, 13.065044539878656, 157.70258457281287]
Retrieved eccentricity:
[0.006588199465621453, 0.01388182523395923, 0.4213823296588833, 0.04517223218267435]
 ± [0.02509466257525896, 0.01943810615959325, 0.11192164917732664, 0.08400881954542253]
