Global Fit Results.
chi^2: 17.682452465087763
per 4 range=[547.875 - 1826.25, length=200]
mu_1: 4.868084261513145e-6 ± 3.0996211551965625e-7
P_1: 224.70077762315253 ± 7.2602203201938236e-6
t01: 3503.7688247124097 ± 0.0001303403420811336
ecos1: 0.005948388935982974 ± 0.012459139160986678
esin1: -0.029255793300847464 ± 0.009111742789194672
mu_2: 2.923270630608745e-6 ± 1.3660058572786504e-7
P_2: 365.25636101729896 ± 2.764864281040875e-5
t02: 3624.4083936109255 ± 0.000287309742249496
ecos2: 0.015616094155428563 ± 0.010099000843384892
esin2: -0.018715490330127326 ± 0.007151401406914729
mu_3: 2.2882878208954553e-6 ± 7.119247128336406e-7
P_3: 879.8702683262209 ± 1.9707279324483142
t03: 356.09987789920484 ± 21.688489216055874
ecos3: 0.39383007512306856 ± 0.11316781697502999
esin3: -0.180559088103299 ± 0.11106821934024312
mu_4: 0.0011381921179348844 ± 0.0002779458775953444
P_4: 4956.114849132148 ± 231.07743120368556
t04: 18.929985084030665 ± 358.9943986210495
ecos4: 0.006065919422158219 ± 0.029760036971273846
esin4: 0.009947532760284488 ± 0.014979868346412907
Retrieved Earth masses:
[1.620673922769362, 0.973210040278254, 0.7618126967184541, 378.9248882198537]
 ± [0.10319203421367792, 0.04547682316726345, 0.23701270460464735, 92.53324543318476]
Retrieved eccentricity:
[0.008412292307537187, 0.022084492145902298, 0.5569598335094584, 0.008578505515078522]
 ± [0.017619883576961107, 0.01428214395913224, 0.16004346159024357, 0.0420870479015002]
