Global Fit Results.
chi^2: 382.129476444902
per 3 range=[1826.25 - 8035.5, length=300]
mu_1: 3.783320280487898e-6 ± 7.283941425660388e-8
P_1: 224.70078181038826 ± 2.792323085715357e-6
t01: 3503.7694848788183 ± 4.492348449003174e-5
ecos1: -0.08256019199921283 ± 0.005093762886192212
esin1: -0.02685712723279134 ± 0.003092893369362605
mu_2: 2.571702988485385e-6 ± 4.18364346984472e-8
P_2: 365.2563960946652 ± 6.869851959420501e-6
t02: 3624.409116348835 ± 6.906518610842121e-5
ecos2: -0.05077738118942035 ± 0.0038926636717750308
esin2: -0.01980201739690165 ± 0.00244082912049982
mu_3: 0.0009518458020101339 ± 7.76473936433003e-5
P_3: 4585.752587385064 ± 39.23256446022992
t03: 1095.9635623962054 ± 57.67026093160009
ecos3: 0.02500654070942897 ± 0.008001012165831968
esin3: 0.08138740614957732 ± 0.007783943905440224
Retrieved Earth masses:
[1.2595362345197665, 0.8561667684139052, 316.88680535201286]
 ± [0.02424956777530792, 0.013928111161399954, 25.850231690441035]
Retrieved eccentricity:
[0.08681872255536377, 0.054501947978424545, 0.0851424509748726]
