Global Fit Results.
chi^2: 1189.941366905427
per 3 range=[1826.25 - 8035.5, length=300]
mu_1: 3.662167929391859e-6 ± 8.140974847407288e-8
P_1: 224.7007766696213 ± 1.5589431252831198e-6
t01: 3503.7695092046415 ± 3.618570335349427e-5
ecos1: -0.08925678526022748 ± 0.007436509717241485
esin1: -0.06323312190024821 ± 0.0032034234641516867
mu_2: 2.5893357812793976e-6 ± 4.436185281887424e-8
P_2: 365.25646647192946 ± 3.2228282409965337e-6
t02: 3624.4085559775435 ± 4.763638048476326e-5
ecos2: -0.0544215498437618 ± 0.005853513328149125
esin2: -0.04864552325158477 ± 0.002474909210668429
mu_3: 0.00039562103349324667 ± 2.8295238749259257e-5
P_3: 4228.694726920098 ± 16.62576327259511
t03: 1425.4447027257643 ± 50.82667003702467
ecos3: -0.10720031941181674 ± 0.016642735077709546
esin3: 0.10903419187880754 ± 0.013622248232444685
Retrieved Earth masses:
[1.219202410050895, 0.8620370463161962, 131.70944828351716]
 ± [0.027102788144865088, 0.014768868854158774, 9.420000377151203]
Retrieved eccentricity:
[0.10938556312531382, 0.07299378069272426, 0.15290638796551356]
