Global Fit Results.
chi^2: 460.3145081244572
per 4 range=[547.875 - 1826.25, length=500]
mu_1: 2.4542151721880643e-6 ± 1.0952735322941991e-7
P_1: 224.7007735068901 ± 1.2998817920317466e-6
t01: 3503.7695823005474 ± 3.402536126349935e-5
ecos1: -0.0007229440285420446 ± 0.0019335532746531739
esin1: -0.001678875446588375 ± 0.002281969058712642
mu_2: 3.1222881131060876e-6 ± 3.5403772023918e-8
P_2: 365.25645338928064 ± 2.7746586234389242e-6
t02: 3624.408686321701 ± 4.574722671453541e-5
ecos2: 0.01298886837697432 ± 0.0015036180161092723
esin2: 0.001278961690294096 ± 0.0018206317115582993
mu_3: 8.362883890817651e-5 ± 3.4486565378469846e-6
P_3: 1732.4824776346825 ± 1.21258869735819
t03: 737.6858108859363 ± 5.314415205566859
ecos3: 0.27696427100700965 ± 0.006260266054640634
esin3: 0.017829419569930977 ± 0.006792115881563066
mu_4: 0.0008996050188293435 ± 4.658022635450499e-5
P_4: 4214.037434558847 ± 14.744494527109786
t04: 640.3548796926528 ± 35.66754951719592
ecos4: 0.028202187440062847 ± 0.0055413993791768685
esin4: -0.035218357340724885 ± 0.003995308200729572
Retrieved Earth masses:
[0.8170529343289954, 1.0394665853032974, 27.84156377109076, 299.4948970657256]
 ± [0.03646365092984129, 0.011786560586155632, 1.1481205786975033, 15.50740581182452]
Retrieved eccentricity:
[0.0018279143397768715, 0.013051683597130426, 0.2775375571281208, 0.04511868870194954]
