Global Fit Results.
chi^2: 35.970280610321744
per 4 range=[547.875 - 1826.25, length=500]
mu_1: 4.27572890121183e-6 ± 1.8215567489441387e-7
P_1: 224.70077471848157 ± 7.632385999175176e-6
t01: 3503.769611320079 ± 0.00013355972138825322
ecos1: -0.029776736423364644 ± 0.006126607479367682
esin1: -0.03435789395429649 ± 0.005777140167296981
mu_2: 2.8427068142154783e-6 ± 1.18123828436665e-7
P_2: 365.25634095199945 ± 2.9368573257993017e-5
t02: 3624.409711261286 ± 0.00029437694249644206
ecos2: -0.011156809996906138 ± 0.004991755694182934
esin2: -0.020622384638894656 ± 0.005094857225526388
mu_3: 4.164412912099574e-7 ± 1.4393347981575952e-7
P_3: 625.0487769769318 ± 0.9369079820213694
t03: 172.67602115011343 ± 34.191518844382664
ecos3: -0.03261819549994293 ± 0.10137764463476015
esin3: 0.2717031096766905 ± 0.12302152772676579
mu_4: 0.0022537447421181003 ± 0.00040627755006897504
P_4: 4954.9989442644655 ± 173.6548574692213
t04: 313.7059573791258 ± 246.28219444853988
ecos4: 0.042876950424035463 ± 0.009609851666528028
esin4: 0.03135320058311264 ± 0.010231282328675215
Retrieved Earth masses:
[1.423468033577422, 0.9463888783317346, 0.13864089131821974, 750.3126765915991]
 ± [0.06064294213635258, 0.039325574111052815, 0.04791807717772428, 135.257196759932]
Retrieved eccentricity:
[0.04546557938706174, 0.023446900808029685, 0.2736540269860032, 0.053117380060297495]
