Global Fit Results.
chi^2: 47.847621580898846
per 4 range=[547.875 - 1826.25, length=500]
mu_1: 2.490473410798036e-6 ± 3.164328843926461e-7
P_1: 224.7007748052741 ± 3.55097797427621e-6
t01: 3503.7688167054016 ± 9.889115900740552e-5
ecos1: 0.005292447346693543 ± 0.00675345545501322
esin1: -0.0014229693141752234 ± 0.007832759541312713
mu_2: 3.145552527042923e-6 ± 1.0558006029035624e-7
P_2: 365.2564524335293 ± 8.127892272510339e-6
t02: 3624.407554643552 ± 0.0001374402509052953
ecos2: 0.017269750914933876 ± 0.005259036198896968
esin2: 0.0010285106940282741 ± 0.006268218066509927
mu_3: 8.31172170493157e-5 ± 9.708108434367855e-6
P_3: 1733.7829851080335 ± 2.978118925598576
t03: 729.3207827503271 ± 14.19094454104038
ecos3: 0.283149776400531 ± 0.01933671286350426
esin3: 0.005787204247410354 ± 0.020451918654444477
mu_4: 0.0007865674309015466 ± 0.00013280012494562977
P_4: 4225.8190596026425 ± 41.107799654177626
t04: 631.6871408110835 ± 108.04145970509859
ecos4: 0.013972692693158172 ± 0.02031888493737348
esin4: -0.036155687730614484 ± 0.014071265977829987
Retrieved Earth masses:
[0.8291239624057496, 1.0472117324639634, 27.671235535088375, 261.8626250659007]
 ± [0.10534627103649388, 0.03514952521052113, 3.2320061309100656, 44.2115805474979]
Retrieved eccentricity:
[0.0054804051480349366, 0.017300350600828584, 0.2832089115982616, 0.03876170657196536]
 ± [0.010342208788013958, 0.008182176939582161, 0.028145860104349718, 0.024715533806030948]
