Global Fit Results.
chi^2: 66.91273845956938
per 4 range=[547.875 - 1826.25, length=500]
mu_1: 1.7180394587005567e-6 ± 4.2545554023743844e-7
P_1: 224.70078518914227 ± 6.195170006354469e-6
t01: 3503.7693792028185 ± 0.000120906980922441
ecos1: 0.007509408410076001 ± 0.006451915248276349
esin1: 0.00389083200899911 ± 0.007820158174883698
mu_2: 3.161603933483987e-6 ± 1.2545160000884618e-7
P_2: 365.25644938798087 ± 1.3368259396353638e-5
t02: 3624.4088485015423 ± 0.00016194577140123004
ecos2: 0.018000187720687344 ± 0.004919351555832225
esin2: 0.004317411857489009 ± 0.0063439837281679895
mu_3: 9.806842213156119e-5 ± 1.4067767434470664e-5
P_3: 1737.1429316894983 ± 4.414193699736462
t03: 727.745014447705 ± 16.46812151805041
ecos3: 0.3177045207989774 ± 0.023910810978966184
esin3: 0.02424053948582089 ± 0.029938524663511767
mu_4: 0.0010663711783748227 ± 0.00016807983772644896
P_4: 4122.44180132933 ± 61.96328678839839
t04: 794.1511604955366 ± 100.79458566509108
ecos4: 0.05537384520951323 ± 0.012735375601890635
esin4: -0.026319364406515885 ± 0.00985605441345227
Retrieved Earth masses:
[0.5719666298749139, 1.0525555380444196, 32.64876404303583, 355.01438922253226]
 ± [0.14164189901393426, 0.04176512274272611, 4.683416023194301, 55.95683955188792]
Retrieved eccentricity:
[0.008457528503739861, 0.018510721302185125, 0.3186279433613309, 0.061310453236378105]
