Global Fit Results.
per 3 range=[1826.25 - 5478.75, length=200]
mu_1: 3.6490192474133154e-6 ± 9.787340911687007e-7
P_1: 224.70077748436506 ± 3.180365414689054e-5
t01: 3503.7688049104627 ± 0.0005356658714932162
ecos1: -0.09305348076856941 ± 0.07857877063815709
esin1: -0.02814805318307348 ± 0.0401039997220656
mu_2: 2.532467289306091e-6 ± 5.25837123342341e-7
P_2: 365.2564168050096 ± 7.979003066914662e-5
t02: 3624.40778553704 ± 0.0008025576313835043
ecos2: -0.05930779740172298 ± 0.06066613041417123
esin2: -0.02054923436724067 ± 0.031468126015310516
mu_3: 0.000784054405911387 ± 0.0008639196220026393
P_3: 4469.113284441074 ± 404.1200817223677
t03: 1245.766984489356 ± 625.1340320345405
ecos3: 0.007983314531749358 ± 0.12500993904641683
esin3: 0.0936500863379295 ± 0.11904587346784314
Retrieved Earth masses:
[1.214824974317112, 0.8431044894792057, 261.02599327194866]
 ± [0.32583840658284824, 0.17506075647920202, 287.6145784529291]
Retrieved eccentricity:
[0.13159749452893482, 0.08387389143999244, 0.011290111683490157]
 ± [0.1111271631510865, 0.08579486440841587, 0.17679075123087662]
