Global Fit Results.
chi^2: 1265.050037230154
per 3 range=[1826.25 - 8035.5, length=300]
mu_1: 3.7336944478138075e-6 ± 7.161556719730338e-8
P_1: 224.70077576646239 ± 1.4393677544267727e-6
t01: 3503.7695312410688 ± 3.525686662868288e-5
ecos1: -0.07778504783647622 ± 0.005831286264781818
esin1: -0.057163570687016774 ± 0.0030470244934689933
mu_2: 2.6265508849829742e-6 ± 3.958520384697473e-8
P_2: 365.2564522349599 ± 3.030051842192621e-6
t02: 3624.408713037908 ± 4.6616131860242806e-5
ecos2: -0.04645940453509966 ± 0.0046169661250671555
esin2: -0.04457763594445984 ± 0.0023414836644256275
mu_3: 0.0005410377573081805 ± 3.498867958339808e-5
P_3: 4283.577739137303 ± 14.81605047551537
t03: 1349.6688446368798 ± 42.571568261728906
ecos3: -0.029766760377347493 ± 0.010038220242137774
esin3: 0.09363227449777838 ± 0.00946980944681955
Retrieved Earth masses:
[1.24301489088846, 0.8744266322119006, 180.12132440584287]
 ± [0.023842126796903458, 0.01317863540479478, 11.64836875180143]
Retrieved eccentricity:
[0.0965307592460168, 0.06438665930262912, 0.09825000178620732]
