Global Fit Results.
chi^2: 998.4120184889715
per 3 range=[1826.25 - 8035.5, length=300]
mu_1: 3.7347124226619715e-6 ± 7.909399454353767e-8
P_1: 224.7007810488296 ± 1.776434398413875e-6
t01: 3503.7694855112854 ± 3.791768297599612e-5
ecos1: -0.0719662839491166 ± 0.006648428662310355
esin1: -0.05696769776714954 ± 0.003192107112078149
mu_2: 2.6528204877745732e-6 ± 4.487353156680029e-8
P_2: 365.25647243166503 ± 3.762232663997965e-6
t02: 3624.408506196504 ± 5.033711202132287e-5
ecos2: -0.042088239482909705 ± 0.005281176588203923
esin2: -0.04364012140021658 ± 0.002464075838038477
mu_3: 0.00045179472350465554 ± 3.2898637013942906e-5
P_3: 4207.368317264068 ± 18.102699788115924
t03: 1353.6618978955455 ± 54.98571214998814
ecos3: -0.08182968350672211 ± 0.015641171404461633
esin3: 0.0785614840318946 ± 0.011837387620809933
Retrieved Earth masses:
[1.2433537932578167, 0.8831722614818057, 150.41069289158037]
 ± [0.026331831479952616, 0.014939216029567211, 10.952555510322942]
Retrieved eccentricity:
[0.09178488227553692, 0.06062903676124502, 0.1134372243846963]
