Global Fit Results.
chi^2: 295.6754187916374
per 4 range=[547.875 - 1826.25, length=500]
mu_1: 2.436491514705724e-6 ± 1.2979702931384075e-7
P_1: 224.70079076580691 ± 1.9338539465296716e-6
t01: 3503.7693336238717 ± 3.9011735220136836e-5
ecos1: 0.017315690391355887 ± 0.003339402594588866
esin1: -0.0054835727647265095 ± 0.0036036079092796832
mu_2: 3.27576918178092e-6 ± 4.480371755083615e-8
P_2: 365.2564634964512 ± 4.215134273393492e-6
t02: 3624.4085894787586 ± 5.3013811390882e-5
ecos2: 0.02526044712404126 ± 0.002589423282042493
esin2: -0.0023767205031490993 ± 0.00286459275564848
mu_3: 7.948348627338932e-5 ± 3.73978148662201e-6
P_3: 1734.454308541544 ± 1.6998622175628422
t03: 736.1454651330646 ± 6.361974512351682
ecos3: 0.3006258767739799 ± 0.008224973190419711
esin3: 0.028112293776963063 ± 0.009911667501801918
mu_4: 0.0006211285704911309 ± 4.864601989594672e-5
P_4: 4181.746413385543 ± 18.798535197452946
t04: 683.0721467438445 ± 43.92349767860139
ecos4: -0.016381249758413804 ± 0.012179763460482579
esin4: -0.055437638508317406 ± 0.007851384051309517
Retrieved Earth masses:
[0.8111524059168604, 1.0905632287214533, 26.461500371408636, 206.7850149678986]
 ± [0.04321179531031504, 0.014915973671991064, 1.2450413769830684, 16.195146110181504]
Retrieved eccentricity:
[0.01816322394277362, 0.025372011927645266, 0.3019374419437351, 0.05780724095670377]
