Global Fit Results.
chi^2: 154.79274606988156
per 4 range=[547.875 - 1826.25, length=500]
mu_1: 4.894130050359035e-6 ± 1.017198911199789e-7
P_1: 224.700779065022 ± 2.4023502125808803e-6
t01: 3503.7695349518062 ± 4.31926925255766e-5
ecos1: 0.0054374433817257865 ± 0.003961917305485934
esin1: -0.02836297420704621 ± 0.00300575289884561
mu_2: 2.8519912582534583e-6 ± 4.467644606361953e-8
P_2: 365.2563613091124 ± 9.114347884633924e-6
t02: 3624.409544978403 ± 9.497509545161951e-5
ecos2: 0.014926507603623537 ± 0.003216481929468706
esin2: -0.017828074705214178 ± 0.0023618820931083327
mu_3: 2.7679584041687767e-6 ± 2.415367073045072e-7
P_3: 880.0551772546537 ± 0.6215197381682684
t03: 358.20838618312996 ± 5.7536198955095905
ecos3: 0.3427075989990596 ± 0.02895322649146282
esin3: -0.17007026233885159 ± 0.028424197363586038
mu_4: 0.001161894384554498 ± 9.527656524023022e-5
P_4: 4983.8668856105505 ± 78.93390319111212
t04: -32.32431465014877 ± 122.44545533388481
ecos4: 0.008673217103107053 ± 0.009637586575960446
esin4: 0.006495309802339263 ± 0.004726182939935662
Retrieved Earth masses:
[1.6293450402999718, 0.9494798388680439, 0.9215037710855617, 386.8158045140993]
 ± [0.03386440458075532, 0.014873602675647645, 0.0804119694506512, 31.719304030263242]
Retrieved eccentricity:
[0.028879475348403443, 0.02325168546440728, 0.3825864510717885, 0.010835762287259408]
