Global Fit Results.
per 3 range=[1826.25 - 5478.75, length=200]
mu_1: 3.8296832591261904e-6 ± 7.66850894922971e-8
P_1: 224.7007794204347 ± 1.6234440564251317e-6
t01: 3503.7687468070303 ± 3.670080703590222e-5
ecos1: -0.06711008263469231 ± 0.006349391242101073
esin1: -0.05579875174909743 ± 0.0030553485406270057
mu_2: 2.6786835833735662e-6 ± 4.35248515692364e-8
P_2: 365.2564794240262 ± 3.480020848653155e-6
t02: 3624.407267895629 ± 4.899410163151771e-5
ecos2: -0.03814580023350871 ± 0.00503240278883556
esin2: -0.04226583246206683 ± 0.002363210435132486
mu_3: 0.00043101786263371154 ± 3.172361899091863e-5
P_3: 4211.013903939837 ± 17.24561076886726
t03: 1318.308483538491 ± 56.63943886203159
ecos3: -0.10963584263552932 ± 0.01789952173772613
esin3: 0.07562513644434182 ± 0.012816161763384593
Retrieved Earth masses:
[1.2749713146096988, 0.8917825571027674, 143.49369745730667]
 ± [0.025529863110210493, 0.014490215892184001, 10.561370607515293]
Retrieved eccentricity:
[0.094907989033961, 0.053946308037802794, 0.15504849557736797]
 ± [0.008979395207392288, 0.007116892275295436, 0.02531374640148432]
