Global Fit Results.
per 3 range=[1826.25 - 5478.75, length=200]
mu_1: 3.7622950716519684e-6 ± 8.711906054051052e-7
P_1: 224.70077398378547 ± 1.7267563024781873e-5
t01: 3503.76884372545 ± 0.00042301806081307804
ecos1: -0.07549055513547688 ± 0.07037977953686084
esin1: -0.05698729067671151 ± 0.036606622939457725
mu_2: 2.6246188986392905e-6 ± 4.781154961853147e-7
P_2: 365.25645391625693 ± 3.639171976950867e-5
t02: 3624.407539115733 ± 0.0005602012057623887
ecos2: -0.04475209264760979 ± 0.055773472256713426
esin2: -0.04439531182546462 ± 0.0281328169983487
mu_3: 0.0005168128095692975 ± 0.00041011328310147015
P_3: 4276.572642034322 ± 184.81412340071378
t03: 1357.7007967052743 ± 532.1675310135536
ecos3: -0.03327489849841267 ± 0.1267680959926185
esin3: 0.09579835336969666 ± 0.11883937005895517
Retrieved Earth masses:
[1.2525365595242932, 0.8737834387669743, 172.05639804636053]
 ± [0.29003522126850817, 0.15917335754961268, 136.5341821542928]
Retrieved eccentricity:
[0.1067597669036653, 0.06328901636682704, 0.04705781274304333]
 ± [0.09953203873785703, 0.07887560088608368, 0.1792771606289755]
