Global Fit Results.
chi^2: 1.5914210828729147
per 4 range=[547.875 - 1826.25, length=200]
mu_1: 4.868139082835544e-6 ± 1.0339550869533666e-6
P_1: 224.70077762368652 ± 2.4142235351485866e-5
t01: 3503.7688246948455 ± 0.00043400726229740285
ecos1: 0.005950883585752679 ± 0.04153353533497699
esin1: -0.02924478076505234 ± 0.030377289319819315
mu_2: 2.9232968124010476e-6 ± 4.5542948764085935e-7
P_2: 365.25636101286744 ± 9.200324544896284e-5
t02: 3624.4083936529028 ± 0.0009562248081972259
ecos2: 0.015618827073407388 ± 0.03366299567202582
esin2: -0.018707072817882867 ± 0.023841976608384007
mu_3: 2.2884253865095284e-6 ± 2.373396398137247e-6
P_3: 879.8708422470096 ± 6.570567089614623
t03: 356.10729225667774 ± 72.20273283283981
ecos3: 0.39382439639561495 ± 0.37740770619669967
esin3: -0.180483966758209 ± 0.3698445666020614
mu_4: 0.0011383713902300024 ± 0.0009271084379436274
P_4: 4956.171955159133 ± 769.8932727624481
t04: 18.679192295277886 ± 1196.3276522234817
ecos4: 0.006076749933036057 ± 0.09941088717174597
esin4: 0.00992874923325934 ± 0.049907624116404134
Retrieved Earth masses:
[1.6206921737861588, 0.9732187566738126, 0.7618584948171355, 378.98457123234175]
 ± [0.3442224819295119, 0.1516207720797191, 0.7901468923342261, 308.6512862634059]
Retrieved eccentricity:
[0.008415820275074874, 0.022088357075572804, 0.5569518025760765, 0.008593822170449388]
 ± [0.05873728896402663, 0.04760666502948571, 0.5337350966474931, 0.14058822488582468]
