Global Fit Results.
per 3 range=[1826.25 - 5478.75, length=200]
mu_1: 3.4801177855596105e-6 ± 8.793870145290775e-8
P_1: 224.70078867786842 ± 2.944390099951371e-6
t01: 3503.768732412383 ± 4.538126573083258e-5
ecos1: -0.10668478165661902 ± 0.007945580090189754
esin1: -0.026571431835131814 ± 0.00353402871251837
mu_2: 2.500983101136626e-6 ± 4.7076031751872995e-8
P_2: 365.2564091734864 ± 6.607741058055386e-6
t02: 3624.407909406995 ± 6.404167463950269e-5
ecos2: -0.06950969498585063 ± 0.0061292444996139
esin2: -0.018900920059172415 ± 0.002783335715230159
mu_3: 0.0008014809891863091 ± 7.386894848473413e-5
P_3: 4646.418746400335 ± 37.69826373452766
t03: 1105.0057192668341 ± 54.15972924186045
ecos3: 0.00686212589842484 ± 0.01029548402761865
esin3: 0.09793585813305702 ± 0.010435436390285026
Retrieved Earth masses:
[1.1585946011273844, 0.8326228297533824, 266.82762026922995]
 ± [0.029276395516339808, 0.015672468459699246, 24.592318472809314]
Retrieved eccentricity:
[0.150875065117603, 0.0983015533654071, 0.009704511512264069]
 ± [0.01123674712446799, 0.00866806069845467, 0.014560013143053871]
