Global Fit Results.
per 3 range=[1826.25 - 5478.75, length=200]
mu_1: 3.4801060334566224e-6 ± 7.914665202644517e-7
P_1: 224.70078867792563 ± 2.649973756234071e-5
t01: 3503.7687324113213 ± 0.00040843455233075947
ecos1: -0.10668607058052408 ± 0.07151249696139657
esin1: -0.02657137457542908 ± 0.03180641597376753
mu_2: 2.5009778713874606e-6 ± 4.236877012068161e-7
P_2: 365.2564091735293 ± 5.946887005857935e-5
t02: 3624.4079094073645 ± 0.0005763683377922579
ecos2: -0.06951068798275636 ± 0.05516502448629042
esin2: -0.018900849614214153 ± 0.025050126148017802
mu_3: 0.0008014706635772347 ± 0.0006648260771142835
P_3: 4646.418561870355 ± 339.2804255415128
t03: 1105.0109914567404 ± 487.4336243757418
ecos3: 0.0068609828377270326 ± 0.09266219926014009
esin3: 0.09793751653199094 ± 0.09392273151745767
Retrieved Earth masses:
[1.1585906886382353, 0.8326210886746256, 266.8241826858882]
 ± [0.26349362115168107, 0.1410533531994678, 221.3327108724416]
Retrieved eccentricity:
[0.1508768879312704, 0.09830295767509857, 0.009702894980322613]
 ± [0.10113394308197178, 0.07801512579715579, 0.13104413891300828]
