Global Fit Results.
per 3 range=[1826.25 - 5478.75, length=200]
mu_1: 3.469302411254129e-6 ± 8.498269507315481e-8
P_1: 224.70078827884666 ± 1.920217775397149e-6
t01: 3503.768652960304 ± 3.888747731484224e-5
ecos1: -0.09909319716044093 ± 0.008146697978087192
esin1: -0.05230801917210926 ± 0.003490152438220328
mu_2: 2.5945460435241094e-6 ± 4.7458779436854576e-8
P_2: 365.25647262715324 ± 4.057271431244528e-6
t02: 3624.407329904462 ± 5.128078358765111e-5
ecos2: -0.06421696345316537 ± 0.0064147416489585135
esin2: -0.03894653838353193 ± 0.002697341597122783
mu_3: 0.0004499061308041481 ± 3.686820523775635e-5
P_3: 4218.974276806887 ± 16.45936662767185
t03: 1542.961674562875 ± 47.963017002075325
ecos3: -0.06700187674559553 ± 0.01558553011791391
esin3: 0.12707060925800645 ± 0.014637981141727865
Retrieved Earth masses:
[1.1549939660191426, 0.8637716375223413, 149.78194598088214]
 ± [0.028292287148890073, 0.0157998921357753, 12.274097077680418]
Retrieved eccentricity:
[0.14013894336320665, 0.09081650064988385, 0.09475496279807169]
 ± [0.011521170769168379, 0.009071814639076681, 0.022041268069528195]
