Global Fit Results.
chi^2: 91.90794540013806
per 4 range=[547.875 - 1826.25, length=500]
mu_1: 2.2664734367459544e-6 ± 3.0644490311376566e-7
P_1: 224.7007866968815 ± 4.1792442066468e-6
t01: 3503.7693297000064 ± 0.0001044177216149369
ecos1: 0.005609234902625007 ± 0.0071922441846470125
esin1: 0.007524279165907159 ± 0.008137539888514678
mu_2: 3.0359560502322415e-6 ± 1.1289162929399388e-7
P_2: 365.2564637155002 ± 8.781839522530622e-6
t02: 3624.408625548846 ± 0.00014019002040529627
ecos2: 0.01657988729401775 ± 0.00559033513769965
esin2: 0.010146948813547775 ± 0.00642485586347842
mu_3: 8.890402221448581e-5 ± 1.0083878267689669e-5
P_3: 1741.0847753838295 ± 2.9801726772708266
t03: 713.063206213408 ± 14.28784686287974
ecos3: 0.2940278425625645 ± 0.020350207917601053
esin3: 0.04870920672234132 ± 0.022309810254607383
mu_4: 0.0008232921097854639 ± 0.00012893895863489585
P_4: 4171.423742542456 ± 44.12855806725384
t04: 712.4348959455857 ± 102.99922962277216
ecos4: 0.016243780938738576 ± 0.018881569381840334
esin4: -0.03245770682704627 ± 0.013175502162198302
Retrieved Earth masses:
[0.7545502908862715, 1.0107250690348346, 29.597768381178252, 274.08893960605684]
 ± [0.10202109013776418, 0.03758367971199664, 3.3571067530670775, 42.92612795154448]
Retrieved eccentricity:
[0.009385003631290245, 0.019438447286424135, 0.29803516406879904, 0.03629549767748353]
