Global Fit Results.
per 3 range=[1826.25 - 5478.75, length=200]
mu_1: 3.7089538088939443e-6 ± 7.581619076208702e-7
P_1: 224.70078087741229 ± 2.8478750594467803e-5
t01: 3503.7688141105705 ± 0.0005140361637535779
ecos1: -0.07059584792103717 ± 0.04688136387387081
esin1: -0.03075503028709428 ± 0.03160513349212096
mu_2: 2.6808413359424766e-6 ± 4.606005421189539e-7
P_2: 365.25640635593544 ± 7.362981014800467e-5
t02: 3624.407944958356 ± 0.0007863951678953636
ecos2: -0.04183059956546779 ± 0.03611894040952175
esin2: -0.023201600524271546 ± 0.025031151575802373
mu_3: 0.001036289182834892 ± 0.0009046896226138898
P_3: 4684.313771993496 ± 476.38125262234445
t03: 925.3833110821657 ± 693.6308351728434
ecos3: 0.0355728717115453 ± 0.07447220346334604
esin3: 0.0670786581717959 ± 0.07204242990299407
Retrieved Earth masses:
[1.2347782815415191, 0.8925009122364016, 344.9995449640075]
 ± [0.25240590895940895, 0.15334231030618825, 301.18765428161385]
Retrieved eccentricity:
[0.09983760557715923, 0.05915740122768264, 0.05030763762702558]
 ± [0.06630026061297616, 0.05107989538569129, 0.10531960015767255]
