Global Fit Results.
chi^2: 801.852691419114
per 3 range=[1826.25 - 8035.5, length=300]
mu_1: 3.295876343330303e-6 ± 9.172620907969785e-8
P_1: 224.7007897100104 ± 1.9949816350323295e-6
t01: 3503.7693820051472 ± 3.937124006906972e-5
ecos1: -0.11716304296498052 ± 0.010023200531867494
esin1: -0.04804916275541526 ± 0.003637975276180605
mu_2: 2.5634096217497677e-6 ± 5.270944591394054e-8
P_2: 365.2564643935934 ± 4.383340181030185e-6
t02: 3624.4085954229076 ± 5.3089702647224536e-5
ecos2: -0.07897839010353035 ± 0.007903307491651019
esin2: -0.035558012444311275 ± 0.0028185860284528053
mu_3: 0.00036106039924409895 ± 3.334938419829957e-5
P_3: 4204.457066221007 ± 19.555403522372384
t03: 1645.367549960278 ± 52.13524950502607
ecos3: -0.09878140760463042 ± 0.02035873443539051
esin3: 0.16440394042072493 ± 0.019673771543846374
Retrieved Earth masses:
[1.0972572690530122, 0.8534057555640165, 120.20358362032964]
 ± [0.03053732579471605, 0.017547934646840516, 11.102617458351238]
Retrieved eccentricity:
[0.12663293678309076, 0.08661384619294547, 0.19179786785627573]
