Global Fit Results.
chi^2: 4.272354344941098
per 4 range=[547.875 - 1826.25, length=200]
mu_1: 2.5253071429694128e-6 ± 1.0686580208635675e-6
P_1: 224.70077523266696 ± 1.2998269323464316e-5
t01: 3503.7688084740994 ± 0.0003403547576909129
ecos1: 0.00465863281893625 ± 0.023061073272785615
esin1: -0.0011191877368923087 ± 0.0270686237104087
mu_2: 3.1360654459204676e-6 ± 3.6602948610548916e-7
P_2: 365.2564521859844 ± 2.783153167655261e-5
t02: 3624.407553273251 ± 0.00045964592063783133
ecos2: 0.016919406481157296 ± 0.018019853305315903
esin2: 0.0012763061779851289 ± 0.021566112173395685
mu_3: 8.177324427397424e-5 ± 3.314545341422816e-5
P_3: 1733.0696447706237 ± 11.96483268814574
t03: 732.044009168993 ± 53.08479937737372
ecos3: 0.2817536721328962 ± 0.06568678414902133
esin3: 0.008929380646348057 ± 0.07246076459601121
mu_4: 0.0007815862241672804 ± 0.00045089029945377267
P_4: 4215.707511504801 ± 155.31477412747944
t04: 640.0447874994311 ± 376.3086229889102
ecos4: 0.013885389347303382 ± 0.06988900219573455
esin4: -0.0377995024928345 ± 0.04825835289731258
Retrieved Earth masses:
[0.8407207463417233, 1.0440533103511995, 27.22380251772502, 260.20429061142704]
 ± [0.35577572074185104, 0.12185788314835952, 11.034725185736447, 150.1095936509654]
Retrieved eccentricity:
[0.006588301714656047, 0.023927654112955894, 0.3984598643787642, 0.019636905933787342]
 ± [0.03261328258525312, 0.025483920936351396, 0.09289514101222002, 0.09883797476593081]
