Global Fit Results.
per 3 range=[1826.25 - 5478.75, length=200]
mu_1: 3.4801177855596105e-6 ± 7.03509611623262e-7
P_1: 224.70078867786842 ± 2.3555120799610966e-5
t01: 3503.768732412383 ± 0.00036305012584666064
ecos1: -0.10668478165661902 ± 0.06356464072151803
esin1: -0.026571431835131814 ± 0.02827222970014696
mu_2: 2.500983101136626e-6 ± 3.7660825401498396e-7
P_2: 365.2564091734864 ± 5.2861928464443086e-5
t02: 3624.407909406995 ± 0.0005123333971160215
ecos2: -0.06950969498585063 ± 0.0490339559969112
esin2: -0.018900920059172415 ± 0.022266685721841272
mu_3: 0.0008014809891863091 ± 0.000590951587877873
P_3: 4646.418746400335 ± 301.58610987622126
t03: 1105.0057192668341 ± 433.2778339348836
ecos3: 0.00686212589842484 ± 0.0823638722209492
esin3: 0.09793585813305702 ± 0.0834834911222802
Retrieved Earth masses:
[1.1585946011273844, 0.8326228297533824, 266.82762026922995]
 ± [0.23421116413071846, 0.12537974767759397, 196.7385477824745]
Retrieved eccentricity:
[0.150875065117603, 0.0983015533654071, 0.009704511512264069]
 ± [0.08989397699574392, 0.06934448558763737, 0.11648010514443097]
