Global Fit Results.
chi^2: 427.23543398374864
per 4 range=[547.875 - 1826.25, length=200]
mu_1: 2.5253133493951597e-6 ± 1.0686654502007229e-7
P_1: 224.7007752326754 ± 1.2998275395353213e-6
t01: 3503.7688084736988 ± 3.403547775330334e-5
ecos1: 0.004658174725820971 ± 0.0023060939329769994
esin1: -0.0011190406692030443 ± 0.0027068437516281287
mu_2: 3.136061939276311e-6 ± 3.6602963878225854e-8
P_2: 365.25645218602244 ± 2.7831941012571117e-6
t02: 3624.40755327234 ± 4.596494607291972e-5
ecos2: 0.016919049079602674 ± 0.0018019770996790746
esin2: 0.001276432593683061 ± 0.0021565937192514137
mu_3: 8.177335531260886e-5 ± 3.3145946739964102e-6
P_3: 1733.0695487581793 ± 1.1964931253597884
t03: 732.0443111316054 ± 5.308517316326782
ecos3: 0.2817521163696366 ± 0.006568677857485312
esin3: 0.008929816033829476 ± 0.007246075081200821
mu_4: 0.000781588058841224 ± 4.5089112518052135e-5
P_4: 4215.70748285145 ± 15.53109612712752
t04: 640.0401844917533 ± 37.630179293253086
ecos4: 0.013885586379306016 ± 0.006988863422286296
esin4: -0.03780007574122294 ± 0.004825888208636206
Retrieved Earth masses:
[0.8407228125739045, 1.0440521429254863, 27.223839484509053, 260.2049014078014]
 ± [0.03557781941035154, 0.012185793397723705, 1.1034889422859864, 15.010986855044065]
Retrieved eccentricity:
[0.006587653873159591, 0.023927148670830133, 0.3984576641972626, 0.019637184579117686]
 ± [0.003261309316122384, 0.0025483804534518818, 0.009289513312915573, 0.009883745437370523]
