Global Fit Results.
chi^2: 47.4706037927906
per 4 range=[547.875 - 1826.25, length=200]
mu_1: 2.525315583341105e-6 ± 3.2059944201403866e-7
P_1: 224.7007752326745 ± 3.899482602609968e-6
t01: 3503.768808473686 ± 0.0001021064469344193
ecos1: 0.004658257645639175 ± 0.006918294275262434
esin1: -0.0011190665239134698 ± 0.008120800308038856
mu_2: 3.136062559850016e-6 ± 1.0980903395996096e-7
P_2: 365.2564521860117 ± 8.349491831656915e-6
t02: 3624.407553272711 ± 0.00013789391285363295
ecos2: 0.016919117480279224 ± 0.005405932991224886
esin2: 0.0012764033131791293 ± 0.006469994872983707
mu_3: 8.177325161438061e-5 ± 9.943751000999855e-6
P_3: 1733.0695238271137 ± 3.5894787245614865
t03: 732.0444024680497 ± 15.925557948449649
ecos3: 0.2817524155680284 ± 0.019706021332613986
esin3: 0.008929706305611079 ± 0.02173828042500427
mu_4: 0.0007815854918760592 ± 0.00013526750296300697
P_4: 4215.7078701359 ± 46.59237521369841
t04: 640.0399377164105 ± 112.88920528424806
ecos4: 0.013885119653684256 ± 0.020966802427621042
esin4: -0.03780008078362967 ± 0.014477530715936071
Retrieved Earth masses:
[0.8407235562952011, 1.0440523495257765, 27.223804961480006, 260.20404681834077]
 ± [0.10673339396246555, 0.03655742757585041, 3.310455833569119, 45.033015632751464]
Retrieved eccentricity:
[0.0065877711394910846, 0.023927245403994584, 0.39845808732768606, 0.019636524529413488]
 ± [0.009783945592564276, 0.007645143753470387, 0.02786852262899623, 0.02965153635273881]
