Global Fit Results.
per 3 range=[1826.25 - 5478.75, length=200]
mu_1: 3.76229148210241e-6 ± 5.807819524405945e-7
P_1: 224.70077398373155 ± 1.151173173874404e-5
t01: 3503.7688437269353 ± 0.0002820123653534146
ecos1: -0.07549084411003601 ± 0.04691849750766001
esin1: -0.05698793773953636 ± 0.024404398709695733
mu_2: 2.6246179664030233e-6 ± 3.1873831247335306e-7
P_2: 365.2564539160805 ± 2.4261090477758956e-5
t02: 3624.4075391197925 ± 0.0003734671069308532
ecos2: -0.04475231500492948 ± 0.03718121367639115
esin2: -0.04439582412199917 ± 0.01875520444559098
mu_3: 0.0005168094061918721 ± 0.0002734036167010542
P_3: 4276.57739120757 ± 123.20981127051414
t03: 1357.6920719321515 ± 354.76665870564267
ecos3: -0.033276379955468886 ± 0.08451297565057601
esin3: 0.09579884623718757 ± 0.07922428415859982
Retrieved Earth masses:
[1.2525353644978616, 0.8737831284085402, 172.05526500002316]
 ± [0.19335289090558522, 0.10611379003791324, 91.02104404423365]
Retrieved eccentricity:
[0.106760175575406, 0.06328933082756423, 0.04705990783970431]
 ± [0.06635277550150104, 0.05258217664664437, 0.11951939636155175]
