Global Fit Results.
chi^2: 551.701160651682
per 4 range=[547.875 - 1826.25, length=500]
mu_1: 2.634988298712291e-6 ± 1.0674094869605877e-7
P_1: 224.70077605843915 ± 1.2227001400144659e-6
t01: 3503.7695009573704 ± 3.335714680508021e-5
ecos1: 0.006508552397900091 ± 0.0024115922004593173
esin1: -0.001700072727287362 ± 0.002810270523467807
mu_2: 3.1091675269393714e-6 ± 3.6361499274898826e-8
P_2: 365.2564528637863 ± 2.7528826928409676e-6
t02: 3624.4086991747336 ± 4.599734674600027e-5
ecos2: 0.018246485209984616 ± 0.0018835473800185387
esin2: 0.0005094566287437518 ± 0.002252199493297909
mu_3: 7.640667955158059e-5 ± 3.232726555721393e-6
P_3: 1733.3870251001006 ± 1.1417518197440728
t03: 732.2432914758202 ± 5.22636054665213
ecos3: 0.3014868376726287 ± 0.0073800163234822745
esin3: 0.012610119036954756 ± 0.007578305136728306
mu_4: 0.0007677331336223635 ± 4.639690364252342e-5
P_4: 4226.389818178641 ± 13.948910721652274
t04: 648.2750361866556 ± 37.119970117292056
ecos4: 0.006652142148951016 ± 0.007647423802430982
esin4: -0.03476377999094218 ± 0.004947621936132472
Retrieved Earth masses:
[0.8772356009298065, 1.035098503177037, 25.437175369711365, 255.5923444351028]
 ± [0.035536006106351506, 0.012105405433000531, 1.0762335544851849, 15.446374341784285]
Retrieved eccentricity:
[0.006726923635234558, 0.018253596045019686, 0.30175044058288986, 0.03539451079515696]
