Global Fit Results.
chi^2: 72.56401358966819
per 4 range=[547.875 - 1826.25, length=500]
mu_1: 2.528177322297206e-6 ± 7.844483343652942e-8
P_1: 224.70087928211373 ± 6.570951939063715e-6
t01: 3503.7689762557798 ± 0.00012190693391749172
ecos1: -0.0921334365903228 ± 0.009342723224347954
esin1: 0.014154377315852442 ± 0.005301274683294274
mu_2: 2.553145354685189e-6 ± 5.2736329126402335e-8
P_2: 365.2563772715492 ± 1.079701729485139e-5
t02: 3624.4094177474167 ± 9.590171689803416e-5
ecos2: -0.061716688441870386 ± 0.007265628529120053
esin2: 0.013144526864161657 ± 0.004163834540476694
mu_3: 4.83922944877476e-7 ± 7.353711515739741e-8
P_3: 669.2169395255534 ± 0.6399143123474804
t03: 67.27830575855694 ± 12.522946274312757
ecos3: -0.49200364801138824 ± 0.05764315339746994
esin3: 0.0451598992705126 ± 0.04131410948131154
mu_4: 0.000958935545846473 ± 0.00011854017914481866
P_4: 5241.7128045994505 ± 89.20775171133127
t04: 636.5856471300212 ± 106.68352818733747
ecos4: 0.029804105351874156 ± 0.013829893896763952
esin4: 0.12754946433578288 ± 0.015826661700677664
Retrieved Earth masses:
[0.8416762813202369, 0.8499885940946846, 0.16110676300185958, 319.2471102147513]
 ± [0.02611571392296577, 0.017556884557946524, 0.024481845113797803, 39.464184845621624]
Retrieved eccentricity:
[0.09321435798814769, 0.06310093674988958, 0.4940718633545497, 0.13098530661173705]
