Global Fit Results.
per 3 range=[1826.25 - 5478.75, length=200]
mu_1: 3.4692926979645914e-6 ± 8.498329840413966e-7
P_1: 224.70078827886744 ± 1.9202179419808593e-5
t01: 3503.7686529606285 ± 0.00038887412506144947
ecos1: -0.09909406200988308 ± 0.08146686220063647
esin1: -0.05230853727078352 ± 0.03490145707427914
mu_2: 2.59454322206208e-6 ± 4.745785826630166e-7
P_2: 365.25647262718826 ± 4.057278177300785e-5
t02: 3624.4073299056536 ± 0.000512808465444486
ecos2: -0.06421764666978233 ± 0.06414734642421077
esin2: -0.038946942308923156 ± 0.02697338647959172
mu_3: 0.00044990503864117463 ± 0.00036867651807388535
P_3: 4218.978152859995 ± 164.59185035816537
t03: 1542.9582420822383 ± 479.6216969267926
ecos3: -0.06700225608645032 ± 0.15585472594538277
esin3: 0.1270711057552419 ± 0.14637853139917
Retrieved Earth masses:
[1.154990732288128, 0.8637706982062389, 149.78158237993455]
 ± [0.28292488008764594, 0.1579958546131912, 122.73912830630243]
Retrieved eccentricity:
[0.14014016644501714, 0.09081746686408959, 0.09475549926705329]
 ± [0.11521154140812014, 0.09071804730336414, 0.2204118671919022]
