Global Fit Results.
chi^2: 89.98889408585077
per 4 range=[547.875 - 1826.25, length=500]
mu_1: 2.311454298117838e-6 ± 3.548350169591786e-7
P_1: 224.7007835938463 ± 4.879043597526991e-6
t01: 3503.7694783136526 ± 0.0001100194432793274
ecos1: -0.008498819524277862 ± 0.0047236414817363745
esin1: -0.00864201442835994 ± 0.005848608875236499
mu_2: 2.953265387909889e-6 ± 1.0689484531076025e-7
P_2: 365.25647558216485 ± 1.0553261155341283e-5
t02: 3624.4083206921987 ± 0.0001468246175613788
ecos2: 0.005481697580587075 ± 0.0036010196544470265
esin2: -0.004335553100088637 ± 0.004693374723606264
mu_3: 9.43497447836118e-5 ± 1.3475846321282573e-5
P_3: 1731.2938556327495 ± 4.154375493170418
t03: 162.4189335719801 ± 17.867038354928614
ecos3: 0.25209124021530777 ± 0.016796473186891796
esin3: 0.005862967033167029 ± 0.017787252756710673
mu_4: 0.0010000386274576433 ± 0.000152462485299567
P_4: 4134.496091052786 ± 44.984807787577346
t04: 726.4073717967195 ± 119.17173096836186
ecos4: 0.04021760877582215 ± 0.016035920985194817
esin4: -0.052200400203756735 ± 0.012059545635778664
Retrieved Earth masses:
[0.7695252389629624, 0.9831958413380429, 31.410748618228578, 332.93107477537677]
 ± [0.11813104046239656, 0.035587241092611105, 4.486354702776159, 50.75753845904301]
Retrieved eccentricity:
[0.012120822855162432, 0.006988993421709766, 0.25215940945307597, 0.06589641748287575]
