Global Fit Results.
chi^2: 380.1619642387833
per 4 range=[547.875 - 1826.25, length=500]
mu_1: 2.298936945244059e-6 ± 1.139138074090883e-7
P_1: 224.7007784636161 ± 1.4371646766791345e-6
t01: 3503.769476341119 ± 3.513558818092197e-5
ecos1: 0.006390371082822852 ± 0.002206168438362828
esin1: -0.0027067866785045244 ± 0.002567731760485543
mu_2: 3.1755888010957275e-6 ± 3.756757347783953e-8
P_2: 365.2564607358109 ± 3.0530701701682123e-6
t02: 3624.4086380164363 ± 4.6894457847219375e-5
ecos2: 0.01771641997875827 ± 0.0017316027210105332
esin2: -0.00017809016048862735 ± 0.0020508503546907216
mu_3: 8.512845618411089e-5 ± 3.330186600867375e-6
P_3: 1731.797009128752 ± 1.145062676441562
t03: 743.5182164237523 ± 5.153823856182542
ecos3: 0.2897968196938304 ± 0.0065222895627792205
esin3: 0.02697747340286622 ± 0.007142501586290648
mu_4: 0.0008653433312664332 ± 4.8078345669719807e-5
P_4: 4219.645569949166 ± 14.735909228861008
t04: 627.5840130642133 ± 34.97701460574386
ecos4: 0.025647659971398836 ± 0.006182096408671028
esin4: -0.0413117001748372 ± 0.004321928306421572
Retrieved Earth masses:
[0.7653579841878099, 1.0572113552066074, 28.34081367776469, 288.08855719969773]
 ± [0.037923981425476865, 0.012506929503790398, 1.1086797787481402, 16.006157020089567]
Retrieved eccentricity:
[0.006939995439415509, 0.017717315060951193, 0.2910497908878493, 0.04862570342261527]
