Global Fit Results.
per 3 range=[1826.25 - 5478.75, length=200]
mu_1: 3.626745902531683e-6 ± 7.119887973849014e-7
P_1: 224.70077536204676 ± 1.2977423831126895e-5
t01: 3503.7688102857514 ± 0.00033990288615410593
ecos1: -0.08574347559606257 ± 0.06427293435793588
esin1: -0.06564501463112113 ± 0.02983512468160523
mu_2: 2.5836226422546506e-6 ± 4.0370064946774135e-7
P_2: 365.2564555377092 ± 2.766415029024355e-5
t02: 3624.407497615845 ± 0.000452890764219485
ecos2: -0.052428589403732864 ± 0.050814911223628
esin2: -0.05061745546641743 ± 0.023065846289030217
mu_3: 0.00040727882719490156 ± 0.00025372932586403824
P_3: 4227.741773590267 ± 145.42886223291242
t03: 1455.1434700467682 ± 455.3670652288483
ecos3: -0.08420220215982643 ± 0.12896571270553844
esin3: 0.11995111793537108 ± 0.12357055120746581
Retrieved Earth masses:
[1.207409772097237, 0.8601350382700813, 135.59054015340692]
 ± [0.23703403951906163, 0.13439929961155972, 84.47111425755799]
Retrieved eccentricity:
[0.12125958607295818, 0.07414522219084936, 0.11907989627610766]
 ± [0.0908956554625086, 0.07186313662323952, 0.18238505998928467]
