Global Fit Results.
chi^2: 3.6363366178541847
per 4 range=[547.875 - 1826.25, length=200]
mu_1: 2.352672823181526e-6 ± 1.1771644832414128e-6
P_1: 224.70077656475289 ± 1.4379242009098726e-5
t01: 3503.768794215973 ± 0.00035154878426402425
ecos1: 0.005416547949529739 ± 0.02162631560711242
esin1: -0.0024936289708689416 ± 0.025143185885551984
mu_2: 3.1599845048611775e-6 ± 3.741640904760738e-7
P_2: 365.25646118136945 ± 3.0661895496972795e-5
t02: 3624.4074817339874 ± 0.0004704820945960045
ecos2: 0.01713601517287646 ± 0.01694770909386995
esin2: 0.00023583768206790327 ± 0.020119034924721835
mu_3: 8.431088390468649e-5 ± 3.450124811057714e-5
P_3: 1732.9489007754305 ± 11.972254284212903
t03: 735.7524576625358 ± 52.849132476628306
ecos3: 0.2840915168929102 ± 0.06419210853776482
esin3: 0.014877580684580933 ± 0.06998983353380848
mu_4: 0.0008889511858464535 ± 0.0004910749010458047
P_4: 4233.894592904853 ± 148.59640439772863
t04: 610.0772437084016 ± 350.43063730861206
ecos4: 0.03047991094977489 ± 0.05820408217324938
esin4: -0.037469933877797096 ± 0.04146428729298625
Retrieved Earth masses:
[0.7832476367517326, 1.0520164007580082, 28.068628973872492, 295.9480420062483]
 ± [0.3918994985116854, 0.12456604111507359, 11.486093935939387, 163.48777948311437]
Retrieved eccentricity:
[0.007660155571469136, 0.02423398506251303, 0.4017660761450988, 0.043105103445095855]
 ± [0.03058422883573932, 0.02396768005170472, 0.09078135049143275, 0.08231300239488736]
