Global Fit Results.
chi^2: 1.1054412235615747
per 4 range=[547.875 - 1826.25, length=200]
mu_1: 4.890594410660168e-6 ± 1.2629772098671263e-6
P_1: 224.70077757010898 ± 2.8675935730572416e-5
t01: 3503.768824908033 ± 0.0005130971079594372
ecos1: 0.007080601505634512 ± 0.050356242787911266
esin1: -0.02904715672356854 ± 0.03644171961788328
mu_2: 2.9295414340979795e-6 ± 5.507028631438819e-7
P_2: 365.2563602895669 ± 0.00011142483543875074
t02: 3624.40840198396 ± 0.0011307186892628492
ecos2: 0.016540949424670767 ± 0.04070138156441492
esin2: -0.018567944828599477 ± 0.02858007499221938
mu_3: 2.2871901674056385e-6 ± 2.8227125063792517e-6
P_3: 879.8549023316099 ± 7.867049446946624
t03: 356.2042013748904 ± 86.63058052945738
ecos3: 0.39530221876256033 ± 0.4505249771697994
esin3: -0.1795715720770187 ± 0.44124255263042295
mu_4: 0.0011200215955338491 ± 0.0011080739659948668
P_4: 4961.865617689333 ± 902.2099541579872
t04: 1.3466231812826286 ± 1392.1263299033717
ecos4: 0.003925937759597266 ± 0.12028620048381171
esin4: 0.009259631828017707 ± 0.06014561424588937
Retrieved Earth masses:
[1.6281679614425733, 0.9752977049824499, 0.7614472678779456, 372.87559033664473]
 ± [0.42046811828343955, 0.18333901418836487, 0.9397324090569149, 368.89800683715146]
Retrieved eccentricity:
[0.010013482679027684, 0.023392435010896842, 0.559041759010189, 0.005552114424655098]
 ± [0.07121448150081647, 0.05756044581571784, 0.6371385329013594, 0.17011037609053567]
