Global Fit Results.
per 3 range=[1826.25 - 5478.75, length=200]
mu_1: 3.6267480393237485e-6 ± 2.1359525490932004e-7
P_1: 224.7007753620582 ± 3.893228886567196e-6
t01: 3503.7688102858415 ± 0.00010197117157725146
ecos1: -0.08574325590818274 ± 0.019281734899499896
esin1: -0.06564406703140793 ± 0.008950515237874015
mu_2: 2.583623990080477e-6 ± 1.2110862283764997e-7
P_2: 365.2564555377503 ± 8.299299750361471e-6
t02: 3624.407497615562 ± 0.0001358677435585726
ecos2: -0.05242841367579467 ± 0.015244356231860323
esin2: -0.050616720061694154 ± 0.006919738796871127
mu_3: 0.00040728727538477693 ± 7.612098488286535e-5
P_3: 4227.740220994876 ± 43.628900324369646
t03: 1455.1489699102822 ± 136.61127248654026
ecos3: -0.08419616663555135 ± 0.03868874088491164
esin3: 0.11994968327071005 ± 0.037070714155293734
Retrieved Earth masses:
[1.2074104834742376, 0.8601354869858496, 135.59335270970013]
 ± [0.07110975099498591, 0.04031926653514425, 25.34206241057021]
Retrieved eccentricity:
[0.12125927538737905, 0.07414497367401587, 0.11907136075582181]
 ± [0.02726849100095538, 0.02155877533274368, 0.05471414207058051]
