Global Fit Results.
chi^2: 88.70812352043465
per 4 range=[547.875 - 1826.25, length=500]
mu_1: 2.7500643981047314e-6 ± 2.869364537038196e-7
P_1: 224.70077561712708 ± 3.677797532166671e-6
t01: 3503.769479826169 ± 0.00010012300088256737
ecos1: 0.012237762575447926 ± 0.00903415199547628
esin1: -0.00788022995120099 ± 0.010099578830693231
mu_2: 3.271086867259897e-6 ± 1.1601098527441453e-7
P_2: 365.2564585847666 ± 8.3657056901133e-6
t02: 3624.408620358196 ± 0.00013915545691696663
ecos2: 0.021403736442968804 ± 0.007118347276374383
esin2: -0.005945611024118362 ± 0.008042894141651217
mu_3: 7.93826818276545e-5 ± 9.240908867821918e-6
P_3: 1732.145071498434 ± 3.458089877764055
t03: 723.9510048086278 ± 16.08761775897384
ecos3: 0.27788366451308916 ± 0.021322631447651248
esin3: 0.0010160633720013436 ± 0.0226580439393988
mu_4: 0.0005259020734060029 ± 0.00011864248812095508
P_4: 4154.89562792954 ± 45.74739720866054
t04: 849.275869180552 ± 124.62620982177206
ecos4: -0.06898623684720415 ± 0.046298648360942427
esin4: -0.03792956926352999 ± 0.02386269465589178
Retrieved Earth masses:
[0.9155465305276793, 1.0890044009290873, 26.427940735271427, 175.08237953845992]
 ± [0.0955263719829602, 0.038622170136920174, 3.076466885170963, 39.49824536733453]
Retrieved eccentricity:
[0.014555440801873333, 0.02221418970320972, 0.2778855220913803, 0.07872580961067004]
