Global Fit Results.
per 3 range=[1826.25 - 5478.75, length=200]
mu_1: 3.6267548936948532e-6 ± 7.119900347334921e-8
P_1: 224.70077536203294 ± 1.2977402738675447e-6
t01: 3503.768810286344 ± 3.3990293974098826e-5
ecos1: -0.08574261363946097 ± 0.006427273001679813
esin1: -0.06564406849218446 ± 0.002983511719440809
mu_2: 2.5836263230862445e-6 ± 4.0369637533371376e-8
P_2: 365.25645553764764 ± 2.7664282248479263e-6
t02: 3624.40749761707 ± 4.528918870860235e-5
ecos2: -0.05242790550851777 ± 0.005081476832237928
esin2: -0.05061672915469426 ± 0.0023065842126785466
mu_3: 0.000407287114174948 ± 2.5373474314617157e-5
P_3: 4227.741782139344 ± 14.543113799644416
t03: 1455.1401052705774 ± 45.53737078316986
ecos3: -0.0841976119513328 ± 0.012896315400827328
esin3: 0.11994856246376294 ± 0.01235682425527982
Retrieved Earth masses:
[1.2074127654192306, 0.8601362636859651, 135.59329904001166]
 ± [0.023703445145494575, 0.013439787667448862, 8.447291776945592]
Retrieved eccentricity:
[0.12125836708224202, 0.07414425501696094, 0.11907340474100184]
 ± [0.009089536648050024, 0.00718629345303555, 0.018238144144491025]
