Global Fit Results.
chi^2: 1022.0410325307372
per 3 range=[1826.25 - 8035.5, length=300]
mu_1: 4.052982284585531e-6 ± 8.571056956932175e-8
P_1: 224.70077931435537 ± 1.618546457890301e-6
t01: 3503.769502053251 ± 3.659165356918362e-5
ecos1: -0.0550914756443962 ± 0.006497159782110896
esin1: -0.058087033639103475 ± 0.002982703617647196
mu_2: 2.717905176076562e-6 ± 4.500876105711085e-8
P_2: 365.25647431251133 ± 3.4654914140308295e-6
t02: 3624.408481015778 ± 4.875734930452317e-5
ecos2: -0.02829411341197468 ± 0.005137075424910721
esin2: -0.04452734923794809 ± 0.0023154422300879296
mu_3: 0.0003650505930885943 ± 2.905778119735329e-5
P_3: 4176.132759986104 ± 17.089850866844895
t03: 1247.0405440174243 ± 65.92842382244704
ecos3: -0.1683174974982467 ± 0.02456068786992555
esin3: 0.054153490921051484 ± 0.016115191467626022
Retrieved Earth masses:
[1.3493116275748809, 0.9048401397345578, 121.5319918325076]
 ± [0.028534609826891533, 0.014984236390095561, 9.673864647825633]
Retrieved eccentricity:
[0.08005731800196306, 0.05275643736955597, 0.17681453713710502]
