Global Fit Results.
chi^2: 1.8096663840199634
per 4 range=[547.875 - 1826.25, length=200]
mu_1: 5.392364081591745e-6 ± 1.394980031120762e-6
P_1: 224.70080531666412 ± 1.537940829604153e-5
t01: 3503.768445492664 ± 0.0002561881245170232
ecos1: 0.0019290482306655629 ± 0.062255738459320524
esin1: -0.00792474983087343 ± 0.019377296476280243
mu_2: 3.0287319824003964e-6 ± 4.474175480424246e-7
P_2: 365.2564937458407 ± 3.71369358528061e-5
t02: 3624.4070910577275 ± 0.0003608164400202049
ecos2: 0.015745512238082154 ± 0.048688406355338366
esin2: -0.0021344917083277555 ± 0.015493389619908515
mu_3: 6.021553273249686e-7 ± 2.9311679409930194e-7
P_3: 626.2000649956047 ± 1.7225006305233959
t03: 173.07155574530802 ± 27.772320624436627
ecos3: 0.08938605547868145 ± 0.1592228947484826
esin3: -0.16922413116620913 ± 0.09943562455337315
mu_4: 9.777725146022222e-6 ± 0.00017954550010518115
P_4: 3545.7679098218277 ± 136.53119657963995
t04: 27.33670034841852 ± 28305.594158069256
ecos4: -8.701679914454344 ± 162.32730465064836
esin4: -1.4091366104974965 ± 25.124573672293536
Retrieved Earth masses:
[1.7952162246257994, 1.0083200452672818, 0.20046847672042725, 3.2551828022875893]
 ± [0.464414261908993, 0.14895345144999148, 0.09758391987546175, 59.773967404706376]
Retrieved eccentricity:
[0.0027280861702790615, 0.02226751695360733, 0.1264109719449852, 12.306033750450887]
 ± [0.08804290966472338, 0.06885580459805192, 0.22517517719360797, 229.56547578041608]
