Global Fit Results.
chi^2: 65.14656415007552
per 4 range=[547.875 - 1826.25, length=200]
mu_1: 5.392504364536494e-6 ± 2.3233071617182439e-7
P_1: 224.70080531642358 ± 2.576259608873195e-6
t01: 3503.768445485104 ± 4.2685113376976524e-5
ecos1: 0.001932797886705495 ± 0.009776715762778861
esin1: -0.007920882235376875 ± 0.003173169234622852
mu_2: 3.028750646466703e-6 ± 7.130779189802784e-8
P_2: 365.25649373657274 ± 5.837761385215298e-6
t02: 3624.407091126213 ± 5.855948172078125e-5
ecos2: 0.01574853773456351 ± 0.007638209768907601
esin2: -0.002130628350797856 ± 0.002537953173784179
mu_3: 6.022292355489508e-7 ± 4.4882586545817674e-8
P_3: 626.2009440661056 ± 0.2823497556080816
t03: 173.0657628789839 ± 4.700951743497239
ecos3: 0.08937705928412307 ± 0.02612938220655346
esin3: -0.16921103711090146 ± 0.016215209828843637
mu_4: 9.659292130264566e-6 ± 1.731304899912503e-5
P_4: 3545.8396324238806 ± 22.793378161289237
t04: 5.753043405545051 ± 2759.6607212688905
ecos4: -8.810076421544274 ± 16.082695344262163
esin4: -1.4280820155061573 ± 2.454460303474034
Retrieved Earth masses:
[1.7952629273733594, 1.0083262588749213, 0.20049308211442857, 3.215754294085534]
 ± [0.07734712731553428, 0.023739662793650283, 0.01494223059701846, 5.763829368842649]
Retrieved eccentricity:
[0.002733388984704968, 0.022271795651764174, 0.12639824940463099, 12.459329560891335]
 ± [0.013826364027188684, 0.010802059847439793, 0.03695252669293814, 22.744365875370182]
