Global Fit Results.
per 3 range=[1826.25 - 5478.75, length=200]
mu_1: 3.6490192474133154e-6 ± 4.893670455843504e-7
P_1: 224.70077748436506 ± 1.590182707344527e-5
t01: 3503.7688049104627 ± 0.0002678329357466081
ecos1: -0.09305348076856941 ± 0.039289385319078544
esin1: -0.02814805318307348 ± 0.0200519998610328
mu_2: 2.532467289306091e-6 ± 2.629185616711705e-7
P_2: 365.2564168050096 ± 3.989501533457331e-5
t02: 3624.40778553704 ± 0.00040127881569175213
ecos2: -0.05930779740172298 ± 0.030333065207085615
esin2: -0.02054923436724067 ± 0.015734063007655258
mu_3: 0.000784054405911387 ± 0.00043195981100131964
P_3: 4469.113284441074 ± 202.06004086118384
t03: 1245.766984489356 ± 312.56701601727025
ecos3: 0.007983314531749358 ± 0.06250496952320841
esin3: 0.0936500863379295 ± 0.05952293673392157
Retrieved Earth masses:
[1.214824974317112, 0.8431044894792057, 261.02599327194866]
 ± [0.16291920329142412, 0.08753037823960101, 143.80728922646455]
Retrieved eccentricity:
[0.13159749452893482, 0.08387389143999244, 0.011290111683490157]
 ± [0.05556358157554325, 0.042897432204207935, 0.08839537561543831]
