Global Fit Results.
chi^2: 465.4100312227853
per 3 range=[1826.25 - 8035.5, length=300]
mu_1: 3.7339311356134923e-6 ± 7.750915360677317e-8
P_1: 224.70077915279137 ± 2.6546618617862183e-6
t01: 3503.769580254198 ± 4.477009903878905e-5
ecos1: -0.08581393268926073 ± 0.005702263841891711
esin1: -0.022419481248601346 ± 0.0030991195392933196
mu_2: 2.5422239751309884e-6 ± 4.2080476157620645e-8
P_2: 365.2564264600307 ± 6.598866785602872e-6
t02: 3624.4088480174573 ± 6.664824438578748e-5
ecos2: -0.05403586920625985 ± 0.004369809390649968
esin2: -0.01646725058540402 ± 0.002450612456861076
mu_3: 0.0008588043719313522 ± 7.699330642657422e-5
P_3: 4467.553081383979 ± 34.7143466108129
t03: 1249.4495590489637 ± 51.435935109346076
ecos3: 0.025749167896642312 ± 0.008953461471677067
esin3: 0.08561197228150173 ± 0.008599713891841112
Retrieved Earth masses:
[1.2430936885682413, 0.8463526679082597, 285.91161852996294]
 ± [0.025804209064240115, 0.014009357008371805, 25.63247414180007]
Retrieved eccentricity:
[0.0886942173033471, 0.05648933972634581, 0.0894003883956781]
