Global Fit Results.
per 3 range=[1826.25 - 5478.75, length=200]
mu_1: 3.7622950716519684e-6 ± 2.177976513512763e-7
P_1: 224.70077398378547 ± 4.316890756195468e-6
t01: 3503.76884372545 ± 0.00010575451520326951
ecos1: -0.07549055513547688 ± 0.01759494488421521
esin1: -0.05698729067671151 ± 0.009151655734864431
mu_2: 2.6246188986392905e-6 ± 1.1952887404632868e-7
P_2: 365.25645391625693 ± 9.097929942377167e-6
t02: 3624.407539115733 ± 0.00014005030144059716
ecos2: -0.04475209264760979 ± 0.013943368064178356
esin2: -0.04439531182546462 ± 0.007033204249587175
mu_3: 0.0005168128095692975 ± 0.00010252832077536754
P_3: 4276.572642034322 ± 46.203530850178446
t03: 1357.7007967052743 ± 133.0418827533884
ecos3: -0.03327489849841267 ± 0.03169202399815463
esin3: 0.09579835336969666 ± 0.029709842514738793
Retrieved Earth masses:
[1.2525365595242932, 0.8737834387669743, 172.05639804636053]
 ± [0.07250880531712704, 0.03979333938740317, 34.1335455385732]
Retrieved eccentricity:
[0.1067597669036653, 0.06328901636682704, 0.04705781274304333]
 ± [0.024883009684464257, 0.01971890022152092, 0.044819290157243875]
