Global Fit Results.
chi^2: 9.221419336096549
per 4 range=[547.875 - 1826.25, length=200]
mu_1: 2.6822846284743874e-6 ± 7.37295922092974e-7
P_1: 224.70078182134034 ± 9.748732633247997e-6
t01: 3503.768704817462 ± 0.0002197559951820371
ecos1: -0.004658460125264434 ± 0.011829861931219071
esin1: -0.006121734381837807 ± 0.015219036152152542
mu_2: 3.08505407809768e-6 ± 2.216552421050168e-7
P_2: 365.256468257978 ± 2.141290811493813e-5
t02: 3624.4074147127085 ± 0.0003007367738486192
ecos2: 0.009816020304219495 ± 0.009163310308826934
esin2: -0.002208823728509475 ± 0.01210941594488314
mu_3: 6.958976763983591e-5 ± 2.6161565458833958e-5
P_3: 1732.1767573546538 ± 9.79398138150047
t03: 160.7160578523914 ± 42.17001584607107
ecos3: 0.29796393193054194 ± 0.052760974462579505
esin3: 0.01339187800903 ± 0.05078555165471543
mu_4: 0.0009094098851278186 ± 0.0003158039945760868
P_4: 4212.8625257857375 ± 96.3784432034963
t04: 547.9822773400234 ± 266.20183057373083
ecos4: 0.03194188277919185 ± 0.039603103457827596
esin4: -0.05389056268681563 ± 0.02695876248081723
Retrieved Earth masses:
[0.8929814106098354, 1.0270706968313812, 23.167701224301567, 302.7591156520406]
 ± [0.24545924230343102, 0.07379306754502862, 8.709661673928565, 105.13690216133885]
Retrieved eccentricity:
[0.00658805748892323, 0.013881949042756884, 0.4213846336341861, 0.04517264383406472]
 ± [0.016729951184131186, 0.012958877714976244, 0.07461528564900045, 0.056007246022124604]
