Global Fit Results.
per 3 range=[1826.25 - 5478.75, length=200]
mu_1: 3.7089578919651235e-6 ± 6.317972891477354e-7
P_1: 224.70078087686375 ± 2.373201614912267e-5
t01: 3503.768814118244 ± 0.0004283596234066203
ecos1: -0.07059565891265136 ± 0.039067935718928117
esin1: -0.03075547047083079 ± 0.026337725237463243
mu_2: 2.6808413724260592e-6 ± 3.8383216445822246e-7
P_2: 365.25640635351834 ± 6.135755565736013e-5
t02: 3624.407944981568 ± 0.0006553243300483951
ecos2: -0.041830399952834905 ± 0.030099262717279696
esin2: -0.023201991578557454 ± 0.02085937194827691
mu_3: 0.001036296637911966 ± 0.0007539124415631955
P_3: 4684.337396306823 ± 396.98756207850886
t03: 925.3465272647695 ± 578.0422118228317
ecos3: 0.03557206356964062 ± 0.062059902501287185
esin3: 0.06707811836332546 ± 0.06003538910725319
Retrieved Earth masses:
[1.2347796408702878, 0.8925009243824507, 345.00202689495956]
 ± [0.21033682573929796, 0.12778471904761268, 250.99118430482253]
Retrieved eccentricity:
[0.09983733827893662, 0.05915711893279, 0.050306494741783656]
 ± [0.05525040454762842, 0.0425667855522078, 0.0877659557968723]
