Global Fit Results.
chi^2: 221.5261858104823
per 4 range=[547.875 - 1826.25, length=500]
mu_1: 2.1312090720568845e-6 ± 1.2716556274821355e-7
P_1: 224.70078857428294 ± 2.0355309636368964e-6
t01: 3503.7693900444942 ± 3.987601064907416e-5
ecos1: 0.016787562260167314 ± 0.0032846247521416748
esin1: 0.0031651184711458196 ± 0.004074794628634792
mu_2: 3.3785601802953245e-6 ± 4.6001142316721284e-8
P_2: 365.25646098813235 ± 4.443230440269684e-6
t02: 3624.4086609644896 ± 5.391928733124692e-5
ecos2: 0.024881430969809753 ± 0.002543431994418375
esin2: 0.004577561251357401 ± 0.0032479071044119625
mu_3: 7.894996345959905e-5 ± 4.001987012075876e-6
P_3: 1738.1671213801478 ± 1.7664675927933506
t03: 722.8627670816271 ± 6.891371457820223
ecos3: 0.32594607378906293 ± 0.009824184930334
esin3: 0.03982566701773719 ± 0.01256788336609227
mu_4: 0.0006585633376536345 ± 4.586733855432732e-5
P_4: 4114.209857710886 ± 21.43561722456533
t04: 752.0331211995374 ± 42.094567854604385
ecos4: 0.005188483499757807 ± 0.009640929124695876
esin4: -0.054468487714941095 ± 0.006926129189377499
Retrieved Earth masses:
[0.7095183200420774, 1.1247842244640247, 26.283880908584536, 219.24773083024783]
 ± [0.0423357321584776, 0.015314618187635716, 1.3323343724779804, 15.27007247790042]
Retrieved eccentricity:
[0.017083331688385096, 0.025299005397749073, 0.32837010639202974, 0.05471504834120087]
