Global Fit Results.
per 3 range=[1826.25 - 5478.75, length=200]
mu_1: 3.8296832591261904e-6 ± 6.134807159383768e-7
P_1: 224.7007794204347 ± 1.2987552451401054e-5
t01: 3503.7687468070303 ± 0.0002936064562872178
ecos1: -0.06711008263469231 ± 0.05079512993680858
esin1: -0.05579875174909743 ± 0.024442788325016045
mu_2: 2.6786835833735662e-6 ± 3.481988125538912e-7
P_2: 365.2564794240262 ± 2.784016678922524e-5
t02: 3624.407267895629 ± 0.00039195281305214166
ecos2: -0.03814580023350871 ± 0.04025922231068448
esin2: -0.04226583246206683 ± 0.01890568348105989
mu_3: 0.00043101786263371154 ± 0.00025378895192734903
P_3: 4211.013903939837 ± 137.96488615093807
t03: 1318.308483538491 ± 453.1155108962527
ecos3: -0.10963584263552932 ± 0.14319617390180903
esin3: 0.07562513644434182 ± 0.10252929410707674
Retrieved Earth masses:
[1.2749713146096988, 0.8917825571027674, 143.49369745730667]
 ± [0.20423890488168395, 0.11592172713747201, 84.49096486012235]
Retrieved eccentricity:
[0.094907989033961, 0.053946308037802794, 0.15504849557736797]
 ± [0.07183516165913831, 0.05693513820236349, 0.20250997121187456]
