Global Fit Results.
chi^2: 206.57380309974354
per 3 range=[1826.25 - 8035.5, length=300]
mu_1: 3.4326821456215673e-6 ± 2.30033336683452e-7
P_1: 224.7007790857216 ± 3.887876539122481e-6
t01: 3503.7694771835095 ± 0.00010185569743516307
ecos1: -0.10728345939861249 ± 0.023477345754517143
esin1: -0.06965493916695702 ± 0.009310330656798657
mu_2: 2.614109347110285e-6 ± 1.310934669233899e-7
P_2: 365.2564615427001 ± 8.112918563665943e-6
t02: 3624.4086389464137 ± 0.0001336385615463114
ecos2: -0.07001272592015371 ± 0.018479377599714
esin2: -0.05304121083320027 ± 0.007178843558853158
mu_3: 0.0004064040223030475 ± 7.975982732507566e-5
P_3: 4275.57456123096 ± 42.50337952356049
t03: 1481.2124350255222 ± 132.56917981499438
ecos3: -0.08195797486415582 ± 0.037852692843832386
esin3: 0.12276106884612864 ± 0.03912837569036472
Retrieved Earth masses:
[1.1428024125522491, 0.8702846176315805, 135.29930167034536]
 ± [0.07658228783710812, 0.0436434030051335, 26.55349934106482]
Retrieved eccentricity:
[0.12791227935927893, 0.08783593704983493, 0.14760552045258177]
