Global Fit Results.
chi^2: 23.76330299225791
per 4 range=[547.875 - 1826.25, length=200]
mu_1: 2.3006929344432496e-6 ± 3.904909422271478e-7
P_1: 224.70078830376505 ± 5.798275782716484e-6
t01: 3503.7686453103584 ± 0.00011697646161044811
ecos1: 0.01735388459233053 ± 0.009624535935675053
esin1: -0.0016448517455760249 ± 0.010342492188554044
mu_2: 3.2972213608079233e-6 ± 1.3426922537175537e-7
P_2: 365.256459391315 ± 1.2648423572949007e-5
t02: 3624.4074684367747 ± 0.0001588249292454141
ecos2: 0.02530346109131486 ± 0.007448450892595935
esin2: 0.0006869365108578771 ± 0.008207582143917362
mu_3: 8.408380757671488e-5 ± 1.14040625820105e-5
P_3: 1737.1754740946494 ± 4.813307738537509
t03: 724.7353755225704 ± 17.917266216241956
ecos3: 0.30312415821444105 ± 0.02367107490390466
esin3: 0.027788404969468584 ± 0.028672827599456035
mu_4: 0.0006534672967874386 ± 0.0001427863685893652
P_4: 4172.3622180701905 ± 56.32830654974514
t04: 676.6998681575329 ± 129.25659772673248
ecos4: -0.0022823987716882577 ± 0.03107784829347409
esin4: -0.05653383293965372 ± 0.021662963619699434
Retrieved Earth masses:
[0.7659425849775481, 1.0977050498707934, 27.993031128097442, 217.55116600155205]
 ± [0.13000154745646594, 0.04470067083900634, 3.7966201584500556, 47.5361829558368]
Retrieved eccentricity:
[0.024542098950331322, 0.03578449785031739, 0.4286822956297904, 0.0032277992976652275]
 ± [0.013611149251778887, 0.010533700270979158, 0.03347595516505138, 0.043950714546004604]
