Global Fit Results.
per 3 range=[1826.25 - 5478.75, length=200]
mu_1: 3.649024784164308e-6 ± 8.15607212636717e-7
P_1: 224.70077748413843 ± 2.6502517769078278e-5
t01: 3503.768804914101 ± 0.0004463827717030007
ecos1: -0.0930529492149656 ± 0.06548157014006425
esin1: -0.02814817391454142 ± 0.03342005851188739
mu_2: 2.5324689963899863e-6 ± 4.3819394507603603e-7
P_2: 365.2564168040008 ± 6.649048268291882e-5
t02: 3624.407785546533 ± 0.0006687896910643694
ecos2: -0.05930737469131585 ± 0.05055453152999547
esin2: -0.020549351129540188 ± 0.026223494623421637
mu_3: 0.0007840596086014719 ± 0.0007199288969715557
P_3: 4469.121808519537 ± 336.7634917172668
t03: 1245.753453588251 ± 520.9421778105946
ecos3: 0.00798346164649091 ± 0.10417411177922781
esin3: 0.09364961328182327 ± 0.09920405757507934
Retrieved Earth masses:
[1.2148268176023693, 0.8431050577985288, 261.0277253422449]
 ± [0.2715304973649056, 0.1458827460146345, 239.67744330030237]
Retrieved eccentricity:
[0.1315967427986192, 0.08387329363720172, 0.011290319735152885]
 ± [0.09260492457756396, 0.07149490412913785, 0.14732444172635475]
