Global Fit Results.
per 3 range=[1826.25 - 5478.75, length=200]
mu_1: 3.6267514744895174e-6 ± 7.831958864633703e-7
P_1: 224.700775362034 ± 1.4275188047211769e-5
t01: 3503.7688102863244 ± 0.0003738937635673364
ecos1: -0.08574293059496405 ± 0.07070118277084894
esin1: -0.0656445108968612 ± 0.03281865971204662
mu_2: 2.5836251845326533e-6 ± 4.440755347896814e-7
P_2: 365.2564555376372 ± 3.0430691853963996e-5
t02: 3624.4074976173188 ± 0.0004981803774953872
ecos2: -0.05242815468525619 ± 0.05589715501286245
esin2: -0.05061707091898428 ± 0.025372450806214742
mu_3: 0.00040728413741311767 ± 0.0002791099604083335
P_3: 4227.742402387599 ± 159.97077104787758
t03: 1455.1404165581462 ± 500.91620596771327
ecos3: -0.08419912840305518 ± 0.1418611095317661
esin3: 0.11994958055291817 ± 0.13592952042137604
Retrieved Earth masses:
[1.2074116271034934, 0.8601358846407359, 135.59230802177663]
 ± [0.26074017650977976, 0.14784083436341153, 92.92078980538695]
Retrieved eccentricity:
[0.12125881532501315, 0.07414460740608383, 0.11907554932759432]
 ± [0.09998657155035356, 0.07905051471726132, 0.20062190507311875]
