Global Fit Results.
chi^2: 40.65757404981295
per 4 range=[547.875 - 1826.25, length=500]
mu_1: 2.1133966209673133e-6 ± 2.1386150929269674e-7
P_1: 224.7008903902831 ± 1.6115606759379893e-5
t01: 3503.76854329897 ± 0.0002488233544575193
ecos1: -0.12889808897227972 ± 0.035704512466130434
esin1: 0.01931099390173735 ± 0.016108635044779294
mu_2: 2.424881962785639e-6 ± 1.7210227052900436e-7
P_2: 365.25626277470013 ± 3.319366330805412e-5
t02: 3624.4105538572876 ± 0.00031109872187908927
ecos2: -0.09121291141375305 ± 0.028543293696961812
esin2: 0.013390778808610527 ± 0.012448156844547668
mu_3: 2.6933340237120933e-7 ± 1.8598858942316247e-7
P_3: 667.965618529966 ± 1.0464932549909103
t03: -3.938637620085474 ± 82.27722470463951
ecos3: -1.0806943647796539 ± 0.6374888471084434
esin3: -0.3007532185725462 ± 0.3894318322070089
mu_4: 0.0010463671945288879 ± 0.00033327079044601885
P_4: 5757.400970263249 ± 181.8852304253692
t04: 263.8622538616151 ± 262.1655774428466
ecos4: 0.0442472011444954 ± 0.02960247158953775
esin4: 0.19232219226286523 ± 0.067907759050394
Retrieved Earth masses:
[0.7035882306207205, 0.807287374614779, 0.08966599555491038, 348.35469862783225]
 ± [0.07119839192903324, 0.05729598070043643, 0.06191898919947713, 110.95191666397105]
Retrieved eccentricity:
[0.13033660969266722, 0.09219060779534048, 1.1217632586906408, 0.19734649843844693]
