Global Fit Results.
chi^2: 47.87982675115948
per 4 range=[547.875 - 1826.25, length=500]
mu_1: 2.748423549509401e-6 ± 2.589237168999084e-7
P_1: 224.700908716421 ± 1.9385101184283572e-5
t01: 3503.7679343054247 ± 0.0003310505253205284
ecos1: -0.05166994095208717 ± 0.009710593207201752
esin1: 0.0077738142439253855 ± 0.008545669051600879
mu_2: 2.6778529214140424e-6 ± 1.1295290117145346e-7
P_2: 365.2564544105016 ± 1.5229058565223754e-5
t02: 3624.408642824983 ± 0.00016933474927598502
ecos2: -0.031328996147417854 ± 0.0071243468573991085
esin2: 0.009004428130617649 ± 0.006939130185262353
mu_3: 4.957123199115856e-7 ± 2.2844087186981208e-7
P_3: 669.4941138372956 ± 0.9039689926707889
t03: 687.8645212975533 ± 40.464484547622895
ecos3: -0.49829392630883973 ± 0.17067838697174834
esin3: -0.1455240011643774 ± 0.16032045478977505
mu_4: 0.0010908309567718786 ± 0.0002827190399416559
P_4: 4244.391228997036 ± 76.15432254969444
t04: 1597.715571782176 ± 123.62511409859837
ecos4: 0.024266513886192328 ± 0.026964167660259417
esin4: 0.08841335949795903 ± 0.02469676523359708
Retrieved Earth masses:
[0.9150002621422513, 0.8915060146059416, 0.16503166069407632, 363.1574949855587]
 ± [0.0862004216491858, 0.037604078236069635, 0.07605212729391495, 94.12231812138164]
Retrieved eccentricity:
[0.05225145917475637, 0.03259732696962101, 0.519108921047567, 0.09168307277738955]
