Global Fit Results.
chi^2: 2.138697269455851
per 4 range=[547.875 - 1826.25, length=200]
mu_1: 2.3006957734478514e-6 ± 1.3016506349610563e-6
P_1: 224.7007883037728 ± 1.9327614684443556e-5
t01: 3503.7686453102615 ± 0.00038992197388333253
ecos1: 0.01735393638128519 ± 0.03208211360546806
esin1: -0.0016450281678044075 ± 0.03447402203018221
mu_2: 3.2972217446546515e-6 ± 4.4756416189875026e-7
P_2: 365.25645939133597 ± 4.216132326797713e-5
t02: 3624.4074684367874 ± 0.000529415262589636
ecos2: 0.02530350820518656 ± 0.024828395546103107
esin2: 0.0006867923501389056 ± 0.027357914836839137
mu_3: 8.408375511193045e-5 ± 3.801367047175405e-5
P_3: 1737.1754236437162 ± 16.044297896303004
t03: 724.7356829823894 ± 59.72432618441711
ecos3: 0.30312403040311575 ± 0.0789031711796285
esin3: 0.027788460248842968 ± 0.09557623436072334
mu_4: 0.0006534650979708533 ± 0.0004759597461762843
P_4: 4172.362501815636 ± 187.75878889051145
t04: 676.7003379226705 ± 430.84069741710266
ecos4: -0.0022831316952139644 ± 0.10359472122507682
esin4: -0.05653386185611411 ± 0.07221053985950679
Retrieved Earth masses:
[0.7659435301338925, 1.097705177660361, 27.993013661615063, 217.55043397545938]
 ± [0.43334320593330383, 0.14900226187333238, 12.655443318717326, 158.45566910463918]
Retrieved eccentricity:
[0.024542172190973387, 0.035784564479393724, 0.4286821148772807, 0.0032288358080554643]
 ± [0.045370960170447325, 0.03511265371326276, 0.11158593479647655, 0.1465050597467636]
