Global Fit Results.
chi^2: 0.5866551073562365
per 4 range=[547.875 - 1826.25, length=200]
mu_1: 2.6642391932709294e-6 ± 9.663244443603006e-7
P_1: 224.70087268080377 ± 8.158817689924053e-5
t01: 3503.7682430826 ± 0.0016072596824344425
ecos1: -0.0851963786819863 ± 0.09645283730362417
esin1: 0.006640292620204693 ± 0.05993105034140935
mu_2: 2.571390157134033e-6 ± 5.89858716678968e-7
P_2: 365.25638471582783 ± 0.00012780498331586244
t02: 3624.408229701826 ± 0.0011284250040593388
ecos2: -0.05541598248071077 ± 0.07427040647027464
esin2: 0.007365672779511305 ± 0.047235850925547884
mu_3: 5.031439969051336e-7 ± 9.014971123242962e-7
P_3: 669.7062151932818 ± 8.443317059683519
t03: 725.7755058685176 ± 144.2851257894392
ecos3: -0.4381596211032744 ± 0.5751841394204287
esin3: 0.013227033616189343 ± 0.46068382033188143
mu_4: 0.0010343342600203692 ± 0.0015117844110711417
P_4: 5228.6148400971615 ± 1062.8415393513976
t04: 609.9121422799028 ± 1300.5793647010394
ecos4: 0.03623213965328922 ± 0.14345423707274407
esin4: 0.1091273477204613 ± 0.16688900409808605
Retrieved Earth masses:
[0.886973756533162, 0.8560626211588196, 0.16750580133315895, 344.3487155501511]
 ± [0.32170700911872535, 0.1963747110537198, 0.3001248094546616, 503.3005675852189]
Retrieved eccentricity:
[0.12048587419713906, 0.07837003399645101, 0.6196512786485072, 0.05123998329147762]
 ± [0.1364049106441509, 0.10503421611322486, 0.8134332108302674, 0.20287492764815993]
