Global Fit Results.
chi^2: 2.9904763495786506
per 4 range=[547.875 - 1826.25, length=200]
mu_1: 2.4904752388962683e-6 ± 1.2657265666866037e-6
P_1: 224.7007748052609 ± 1.4203913769724664e-5
t01: 3503.7688167056076 ± 0.0003955642624517416
ecos1: 0.005292335114986943 ± 0.027013794392675736
esin1: -0.0014226245337531237 ± 0.031331180451979
mu_2: 3.1455519199009565e-6 ± 4.2232063115228863e-7
P_2: 365.2564524333809 ± 3.2511616025861155e-5
t02: 3624.4075546458794 ± 0.0005497644571109267
ecos2: 0.01726966137951629 ± 0.02103613234037011
esin2: 0.001028791186327829 ± 0.025073032926007897
mu_3: 8.311715087529277e-5 ± 3.8832405729016705e-5
P_3: 1733.7829743268514 ± 11.912568242645294
t03: 729.3209239799968 ± 56.76366346930516
ecos3: 0.2831498467986054 ± 0.07734709170734848
esin3: 0.0057881542121184385 ± 0.08180715481562467
mu_4: 0.0007865700577942646 ± 0.0005312050817271086
P_4: 4225.820604740899 ± 164.4373009043161
t04: 631.6810040828117 ± 432.18056861310214
ecos4: 0.013973149638636606 ± 0.08127593671148486
esin4: -0.036155939121561835 ± 0.056285052254796714
Retrieved Earth masses:
[0.8291245710129499, 1.0472115303353438, 27.671213504550778, 261.8634996063353]
 ± [0.42138342924815364, 0.14059823067714672, 12.928015199115514, 176.8478476028055]
Retrieved eccentricity:
[0.007484492096237908, 0.024422989340502792, 0.40043435352645185, 0.0197610177280286]
 ± [0.038203274401280296, 0.029749583655626684, 0.10938530610264777, 0.11494153199195922]
