Global Fit Results.
per 3 range=[1826.25 - 5478.75, length=200]
mu_1: 3.480112928014621e-6 ± 8.79391351113397e-7
P_1: 224.70078867788237 ± 2.9444002163329328e-5
t01: 3503.7687324123426 ± 0.00045381426243496436
ecos1: -0.10668541468243421 ± 0.07945666356117526
esin1: -0.02657132102975465 ± 0.03534060776007759
mu_2: 2.5009800070605403e-6 ± 4.7076609092746103e-7
P_2: 365.25640917341747 ± 6.607735690910477e-5
t02: 3624.4079094085837 ± 0.0006404203540654629
ecos2: -0.06951018424567595 ± 0.06129312510319092
esin2: -0.018900818970065528 ± 0.027833609236149626
mu_3: 0.0008014769490411361 ± 0.0007386861125733269
P_3: 4646.421418535398 ± 376.99140516700226
t03: 1105.0049721471744 ± 541.600821575047
ecos3: 0.00686160818054992 ± 0.10295652736921247
esin3: 0.09793657225280199 ± 0.10435503768331944
Retrieved Earth masses:
[1.1585929839621774, 0.8326217996790951, 266.82627523131066]
 ± [0.29276539889130887, 0.1567266066699216, 245.9220620366478]
Retrieved eccentricity:
[0.1508759603512962, 0.09830224528328758, 0.009703779348623872]
 ± [0.11236869122913015, 0.0866815688011634, 0.14560251734037702]
