Global Fit Results.
chi^2: 1457.5264698784406
per 3 range=[1826.25 - 8035.5, length=300]
mu_1: 3.760769311152275e-6 ± 6.580169744338936e-8
P_1: 224.7007751808193 ± 1.2299787569514938e-6
t01: 3503.769516829535 ± 3.346638970122326e-5
ecos1: -0.076168456154247 ± 0.00569150306231544
esin1: -0.061815855429045524 ± 0.002865368382987334
mu_2: 2.582670158640245e-6 ± 3.861702158766307e-8
P_2: 365.25645615193173 ± 2.706025385266175e-6
t02: 3624.408634714165 ± 4.5118910323976983e-5
ecos2: -0.045148306993389814 ± 0.00451903827662104
esin2: -0.04789563382150786 ± 0.0022143585574363003
mu_3: 0.00044783189447222674 ± 2.684472442627651e-5
P_3: 4228.19613729401 ± 13.746186044445013
t03: 1405.5062605778533 ± 43.96423690810594
ecos3: -0.07539246577271787 ± 0.012111795808255013
esin3: 0.10457193057854296 ± 0.010866217563967084
Retrieved Earth masses:
[1.2520286060622314, 0.8598179391253651, 149.09139492378915]
 ± [0.021906583656239487, 0.012856309895238666, 8.937097737924722]
Retrieved eccentricity:
[0.0980960432196228, 0.06582067580580846, 0.12891591275018782]
