Global Fit Results.
chi^2: 1.31997399234079
per 4 range=[547.875 - 1826.25, length=200]
mu_1: 2.6642366707862097e-6 ± 6.442142789316327e-7
P_1: 224.70087268190977 ± 5.439173980427866e-5
t01: 3503.7682431056273 ± 0.0010715575578413732
ecos1: -0.08519468011848869 ± 0.06429979989715973
esin1: 0.006640680755945606 ± 0.039951602337447274
mu_2: 2.5713966441080583e-6 ± 3.932384236992599e-7
P_2: 365.256384716128 ± 8.520682258507063e-5
t02: 3624.4082297009086 ± 0.0007522859003855019
ecos2: -0.055414679376133195 ± 0.04951186659754221
esin2: 0.0073659803214884524 ± 0.03148887759402388
mu_3: 5.031656395328311e-7 ± 6.009932613622878e-7
P_3: 669.7063380453839 ± 5.628724445212812
t03: 56.06962434906366 ± 99.02897649350116
ecos3: -0.43814733809062956 ± 0.3834297649395862
esin3: 0.013232697941510099 ± 0.30709113277013517
mu_4: 0.0010343553488871365 ± 0.001007888211745826
P_4: 5228.638384376367 ± 708.5880986409105
t04: 609.8830822778528 ± 867.0796362373129
ecos4: 0.03623419820277434 ± 0.09562761080090361
esin4: 0.10912474923794338 ± 0.11125894449641052
Retrieved Earth masses:
[0.8869729167520519, 0.8560647807906329, 0.16751300655813975, 344.3557364180314]
 ± [0.2144706678137161, 0.13091623408388267, 0.2000816037944296, 335.5443443650209]
Retrieved eccentricity:
[0.12048347206560418, 0.0783681911282842, 0.6196339078454381, 0.051242894520078304]
 ± [0.09093364907243943, 0.07002035324065162, 0.5422515737950906, 0.13523786413197375]
