Global Fit Results.
chi^2: 2.3053548329729945
per 4 range=[547.875 - 1826.25, length=200]
mu_1: 2.6822440975346066e-6 ± 1.4746416965519399e-6
P_1: 224.7007818212349 ± 1.9497615553904177e-5
t01: 3503.768704819418 ± 0.000439513762798567
ecos1: -0.004658321585959192 ± 0.023659722414586214
esin1: -0.006122441176182628 ± 0.030438959431412872
mu_2: 3.085056257940299e-6 ± 4.433100002669533e-7
P_2: 365.2564682581266 ± 4.2825656931019834e-5
t02: 3624.407414708102 ± 0.0006014727977166565
ecos2: 0.009816098355621772 ± 0.01832661143014094
esin2: -0.0022093766271027455 ± 0.02421967060222963
mu_3: 6.959115357857e-5 ± 5.23243715120163e-5
P_3: 1732.1773803079348 ± 19.587678227287924
t03: -17161.060059623393 ± 274.76437804547766
ecos3: 0.2979625216938296 ± 0.10551839271634027
esin3: 0.01339089222213351 ± 0.10157479938688438
mu_4: 0.0009094057554227587 ± 0.000631600561483256
P_4: 4212.856671033211 ± 192.75252447195814
t04: 548.0035427763133 ± 532.4225728339183
ecos4: 0.031941208111845726 ± 0.07920579908236983
esin4: -0.053889585130011936 ± 0.053919522937744165
Retrieved Earth masses:
[0.8929679171217116, 1.0270714225406947, 23.16816262855101, 302.7577407980036]
 ± [0.4909350813675612, 0.1475859739765908, 17.41973636431312, 210.2713315164001]
Retrieved eccentricity:
[0.006587861564758835, 0.013882059424108547, 0.42138263925830133, 0.04517168971035374]
 ± [0.03345990032069054, 0.0259177424368471, 0.1492255420592588, 0.11201391528088585]
