Global Fit Results.
chi^2: 89.42415947898174
per 4 range=[547.875 - 1826.25, length=500]
mu_1: 5.447209797255402e-6 ± 2.401872687201453e-7
P_1: 224.70080645853898 ± 2.5918039156275182e-6
t01: 3503.76921938984 ± 4.3017253846574794e-5
ecos1: 0.004434834074364106 ± 0.010285537578753792
esin1: -0.00500484707784704 ± 0.003188375183041777
mu_2: 3.018949579238888e-6 ± 7.52406211511633e-8
P_2: 365.25650128106906 ± 5.912384501493653e-6
t02: 3624.4081693209655 ± 5.918663037258676e-5
ecos2: 0.0176001375372042 ± 0.008074186066866062
esin2: -0.0002915818135095733 ± 0.0025566150422186916
mu_3: 5.764617923990355e-7 ± 5.08803407257147e-8
P_3: 626.2066506704333 ± 0.29732367246092795
t03: 172.62081987551562 ± 4.785318358627613
ecos3: 0.09888007852389337 ± 0.027092153921690794
esin3: -0.16584354382364097 ± 0.018276781047643218
mu_4: 9.48914164171997e-6 ± 2.5374131742608414e-5
P_4: 3535.695230868684 ± 22.657192206669457
t04: 14.95331277828849 ± 4239.640243404435
ecos4: -8.738235753765512 ± 23.767034122351788
esin4: -1.4375808454490673 ± 3.7722440123414755
Retrieved Earth masses:
[1.8134753623844555, 1.005063305068429, 0.1919146309360734, 3.159108097159399]
 ± [0.0799627167659053, 0.025048973288469036, 0.01693899221254536, 8.447510646698927]
Retrieved eccentricity:
[0.006687020826928461, 0.01760255269222262, 0.19308379257947894, 8.855698886908247]
