Global Fit Results.
chi^2: 5.940825749604917
per 4 range=[547.875 - 1826.25, length=200]
mu_1: 2.300701548126001e-6 ± 7.810093043491408e-7
P_1: 224.70078830378515 ± 1.159656787348918e-5
t01: 3503.768645309995 ± 0.00023395325159780416
ecos1: 0.01735401687318114 ± 0.019249284349122972
esin1: -0.0016448377769121066 ± 0.020684792148909475
mu_2: 3.297222133025574e-6 ± 2.68538213311178e-7
P_2: 365.2564593912114 ± 2.529675629259317e-5
t02: 3624.407468437967 ± 0.00031764877722002404
ecos2: 0.02530357574572219 ± 0.014897058981480077
esin2: 0.0006869495314306639 ± 0.01641503405080311
mu_3: 8.408344694289746e-5 ± 2.2808535977252712e-5
P_3: 1737.1754961122203 ± 9.6269052611768
t03: 724.7353683692694 ± 35.8351595068659
ecos3: 0.30312477435310264 ± 0.047342510002295515
esin3: 0.027788938305688477 ± 0.0573457096697487
mu_4: 0.0006534631478101313 ± 0.000285572614055971
P_4: 4172.362065931862 ± 112.65929556198633
t04: 676.6980671266773 ± 258.52036571263193
ecos4: -0.002283244030218026 ± 0.062156363040614844
esin4: -0.056534486562907965 ± 0.04332680814200187
Retrieved Earth masses:
[0.7659454526294341, 1.0977053069561153, 27.992911066530684, 217.54978473143285]
 ± [0.260012223495379, 0.08940126263246428, 7.593377084107907, 95.07232492186432]
Retrieved eccentricity:
[0.0245422860237043, 0.035784659996135226, 0.4286831669814419, 0.003228994673741737]
 ± [0.027222598992505863, 0.02106762285108105, 0.06695241972203023, 0.0879023715998233]
