Global Fit Results.
per 3 range=[1826.25 - 5478.75, length=200]
mu_1: 3.708976267058497e-6 ± 6.31773820949651e-8
P_1: 224.7007808762531 ± 2.3731894434764504e-6
t01: 3503.768814127808 ± 4.283578506566436e-5
ecos1: -0.07059406600991161 ± 0.003906498857999933
esin1: -0.030755805412119558 ± 0.0026337095222988788
mu_2: 2.680847354245889e-6 ± 3.838297156276505e-8
P_2: 365.25640635150006 ± 6.13592244827455e-6
t02: 3624.407944998622 ± 6.553314349731845e-5
ecos2: -0.04182915631662184 ± 0.0030096958018573992
esin2: -0.023202275294660193 ± 0.0020858870261439124
mu_3: 0.001036332228311711 ± 7.539033164424911e-5
P_3: 4684.351411466508 ± 39.69891589323368
t03: 925.3245570886362 ± 57.80329431971185
ecos3: 0.03557436797891301 ± 0.006205593178120152
esin3: 0.06707533932257696 ± 0.0060030730718868275
Retrieved Earth masses:
[1.2347857582735737, 0.8925029158392308, 345.01387558731346]
 ± [0.021032901274868267, 0.012778390378730986, 25.098814638592604]
Retrieved eccentricity:
[0.09983508557427852, 0.05915536016559082, 0.05030975366862993]
 ± [0.0055246236663785125, 0.004256352621604101, 0.008776034035067477]
