Global Fit Results.
per 3 range=[1826.25 - 5478.75, length=200]
mu_1: 3.4801299043177144e-6 ± 2.63814515398559e-7
P_1: 224.70078867777008 ± 8.83321232709588e-6
t01: 3503.7687324147237 ± 0.00013614395332378927
ecos1: -0.10668348514681979 ± 0.023836354992658453
esin1: -0.02657133739430451 ± 0.010601919773479084
mu_2: 2.5009881441645053e-6 ± 1.41227117977297e-7
P_2: 365.25640917315013 ± 1.982324425132954e-5
t02: 3624.407909410654 ± 0.00019212514693097454
ecos2: -0.06950869352979791 ± 0.01838744408200667
esin2: -0.01890086730539196 ± 0.008349875124496968
mu_3: 0.00080149401629163 ± 0.00022160773635185045
P_3: 4646.423391959781 ± 113.09533550528815
t03: 1104.9961882370721 ± 162.48083792356968
ecos3: 0.00686365519346901 ± 0.030885589284820162
esin3: 0.09793410892936127 ± 0.03130557982439375
Retrieved Earth masses:
[1.1585986356827003, 0.8326245086692222, 266.83195722987995]
 ± [0.08782865755523785, 0.04701708002534323, 73.77725201448267]
Retrieved eccentricity:
[0.1508732315758612, 0.09830013709267521, 0.009706674262056403]
 ± [0.03370969650815722, 0.026003772798150738, 0.043678819248477815]
