Global Fit Results.
chi^2: 626.1704384158817
per 3 range=[1826.25 - 8035.5, length=300]
mu_1: 3.569030095211953e-6 ± 7.049755551821568e-8
P_1: 224.7007741439276 ± 2.5648268680178373e-6
t01: 3503.7696350175615 ± 4.4091874122216154e-5
ecos1: -0.08129491770425679 ± 0.005247520480245491
esin1: -0.03197563206706256 ± 0.0032768518672246258
mu_2: 2.5972578443851248e-6 ± 4.1531558814141555e-8
P_2: 365.256422112815 ± 6.447674095669429e-6
t02: 3624.408942256258 ± 6.683591088691759e-5
ecos2: -0.050413199220164684 ± 0.004051710091276565
esin2: -0.023747943282689653 ± 0.0025642828210587386
mu_3: 0.0008797861811639316 ± 7.298973575148693e-5
P_3: 4599.316580012356 ± 36.9590326512122
t03: 1058.845555481115 ± 56.01893488811262
ecos3: 0.021107620616819926 ± 0.008349223331609767
esin3: 0.08271292210183455 ± 0.008194973278457399
Retrieved Earth masses:
[1.1881951285475807, 0.8646744454244019, 292.89684500695773]
 ± [0.023469920344362346, 0.013826612426203075, 24.299612539059183]
Retrieved eccentricity:
[0.0873573390770921, 0.05572661362194779, 0.08536368742461722]
