Global Fit Results.
per 3 range=[1826.25 - 5478.75, length=200]
mu_1: 3.4801299043177144e-6 ± 1.055258061594236e-6
P_1: 224.70078867777008 ± 3.533284930838352e-5
t01: 3503.7687324147237 ± 0.0005445758132951571
ecos1: -0.10668348514681979 ± 0.09534541997063381
esin1: -0.02657133739430451 ± 0.04240767909391634
mu_2: 2.5009881441645053e-6 ± 5.64908471909188e-7
P_2: 365.25640917315013 ± 7.929297700531816e-5
t02: 3624.407909410654 ± 0.0007685005877238982
ecos2: -0.06950869352979791 ± 0.07354977632802669
esin2: -0.01890086730539196 ± 0.03339950049798787
mu_3: 0.00080149401629163 ± 0.0008864309454074018
P_3: 4646.423391959781 ± 452.3813420211526
t03: 1104.9961882370721 ± 649.9233516942787
ecos3: 0.00686365519346901 ± 0.12354235713928065
esin3: 0.09793410892936127 ± 0.125222319297575
Retrieved Earth masses:
[1.1585986356827003, 0.8326245086692222, 266.83195722987995]
 ± [0.3513146302209514, 0.18806832010137292, 295.1090080579307]
Retrieved eccentricity:
[0.1508732315758612, 0.09830013709267521, 0.009706674262056403]
 ± [0.1348387860326289, 0.10401509119260295, 0.17471527699391126]
