Global Fit Results.
chi^2: 1447.4073872816844
per 3 range=[1826.25 - 8035.5, length=300]
mu_1: 3.636640838180578e-6 ± 7.16509620137125e-8
P_1: 224.70077355001922 ± 1.2971166689283464e-6
t01: 3503.7695846095867 ± 3.3973903500010764e-5
ecos1: -0.08481374545004043 ± 0.00646749587230123
esin1: -0.06653773742371276 ± 0.0029749754386797027
mu_2: 2.608612908738244e-6 ± 4.078917067536304e-8
P_2: 365.25645631624553 ± 2.7664639416705075e-6
t02: 3624.4086410637124 ± 4.532389891467568e-5
ecos2: -0.05145227389543281 ± 0.005111938833096545
esin2: -0.05117772600909977 ± 0.0022987685989466836
mu_3: 0.00040297369133934855 ± 2.507460683753809e-5
P_3: 4241.768961526012 ± 14.713545392865793
t03: 1411.0698098160478 ± 46.81132773109009
ecos3: -0.09546871114768002 ± 0.013527678688203464
esin3: 0.11624667871835397 ± 0.012545106727497675
Retrieved Earth masses:
[1.2107039764109193, 0.8684547531799518, 134.15728200908188]
 ± [0.023853910376002322, 0.013579457892210349, 8.347793349957525]
Retrieved eccentricity:
[0.10779908125179546, 0.07257062855228087, 0.15042461607478802]
