Global Fit Results.
chi^2: 1.9647173599925145
per 4 range=[547.875 - 1826.25, length=200]
mu_1: 4.867632053252064e-6 ± 9.284053051112451e-7
P_1: 224.7007776145007 ± 2.1745336123431032e-5
t01: 3503.768824854542 ± 0.00039077570399285923
ecos1: 0.005922987652876443 ± 0.037328013159914616
esin1: -0.0292626404752081 ± 0.027335240162944342
mu_2: 2.923128477834334e-6 ± 4.092394970255306e-7
P_2: 365.25636096386023 ± 8.283528328045944e-5
t02: 3624.4083941098397 ± 0.0008610062050606823
ecos2: 0.015596385067563175 ± 0.030255323001647898
esin2: -0.0187202857531778 ± 0.021455337661760377
mu_3: 2.2884923495346615e-6 ± 2.135901334569595e-6
P_3: 879.870389654766 ± 5.913423533663233
t03: 356.07822771135415 ± 65.12123766931308
ecos3: 0.39362433300084904 ± 0.33957000452507985
esin3: -0.1807407999704619 ± 0.33349412684202046
mu_4: 0.0011386141601885797 ± 0.0008337871797759266
P_4: 4956.649744569434 ± 694.1419128737618
t04: 18.329566236066515 ± 1076.835725651089
ecos4: 0.006082233844366057 ± 0.08918022492726936
esin4: 0.009963542645302236 ± 0.04491604742306069
Retrieved Earth masses:
[1.620523374402279, 0.973162715030341, 0.7618807880279331, 379.0653937736048]
 ± [0.30908303696592976, 0.13624328285360687, 0.7110804597020788, 277.58293957348866]
Retrieved eccentricity:
[0.008376369468466252, 0.02205661928654106, 0.5566688702098642, 0.008601577592227126]
 ± [0.05278978246719262, 0.04278748812290912, 0.4802245057744612, 0.1261198835876275]
