Global Fit Results.
chi^2: 2.966912737031499
per 4 range=[547.875 - 1826.25, length=200]
mu_1: 2.525327302582818e-6 ± 1.282389546135616e-6
P_1: 224.70077523267227 ± 1.5597913472758342e-5
t01: 3503.768808473732 ± 0.00040842538374609064
ecos1: 0.004658462160453972 ± 0.027673378767861107
esin1: -0.0011186200610833403 ± 0.032483007582679864
mu_2: 3.136063452063718e-6 ± 4.3923524758293694e-7
P_2: 365.2564521857415 ± 3.339783722616916e-5
t02: 3624.4075532775273 ± 0.0005515752354324717
ecos2: 0.016919284027251735 ± 0.021623904022024947
esin2: 0.0012767539121761734 ± 0.025879818684317074
mu_3: 8.177285874003458e-5 ± 3.9774908575703344e-5
P_3: 1733.069478812525 ± 14.357968508906668
t03: 732.0443538635045 ± 63.70243337986449
ecos3: 0.28175310558469463 ± 0.07882486584857294
esin3: 0.008929667274656555 ± 0.08695337470775062
mu_4: 0.0007815837313657802 ± 0.0005410684329390611
P_4: 4215.711900461483 ± 186.372060433235
t04: 640.0269572647487 ± 451.5675364095973
ecos4: 0.013885052432185218 ± 0.08386774654577793
esin4: -0.03780087631220257 ± 0.057911271096465856
Retrieved Earth masses:
[0.8407274578442331, 1.0440526465599693, 27.223674166454014, 260.20346071240124]
 ± [0.4269308386227527, 0.14622941458649777, 13.241791564458486, 180.13153688211935]
Retrieved eccentricity:
[0.006588060367115876, 0.023927480936981882, 0.3984590631586138, 0.019636429463857866]
 ± [0.03913606757019683, 0.030580818339401798, 0.11147519433529166, 0.11860690461070844]
