Global Fit Results.
chi^2: 374.4318219544982
per 4 range=[547.875 - 1826.25, length=500]
mu_1: 2.498974864459173e-6 ± 1.2968721923552788e-7
P_1: 224.7007809081735 ± 1.7800597910453638e-6
t01: 3503.7694839007686 ± 3.800419457304332e-5
ecos1: 0.011330117991692562 ± 0.00284318068404548
esin1: -0.0059123122428224525 ± 0.0031840296499028617
mu_2: 3.196973246810643e-6 ± 4.0762057677791516e-8
P_2: 365.25646079375775 ± 3.92895149226276e-6
t02: 3624.408638358495 ± 5.1314848740692165e-5
ecos2: 0.02204532251141625 ± 0.002198584093533064
esin2: -0.0030732826576636094 ± 0.0025535529150189215
mu_3: 7.870154301596042e-5 ± 3.775299318633885e-6
P_3: 1736.498573552256 ± 1.5530860647238562
t03: 720.7551451730294 ± 6.332332661841698
ecos3: 0.2929007389416555 ± 0.007754730010228631
esin3: 0.00933337658203783 ± 0.00887288479356131
mu_4: 0.0007310667608686294 ± 4.747847161565459e-5
P_4: 4187.741171324517 ± 18.981361683801655
t04: 667.3137834086259 ± 40.57843972601862
ecos4: 0.016552368374751325 ± 0.0081893270004242
esin4: -0.04851940258677185 ± 0.0057057271860004154
Retrieved Earth masses:
[0.8319542511834452, 1.0643306267025918, 26.20117721792106, 243.3854410677303]
 ± [0.04317523753505509, 0.013570431481455777, 1.2568659102168167, 15.806448020790688]
Retrieved eccentricity:
[0.012779945608738082, 0.022258510977292527, 0.29304940674055285, 0.05126512777893673]
