Global Fit Results.
chi^2: 11.867650955306082
per 4 range=[547.875 - 1826.25, length=200]
mu_1: 2.525326859460478e-6 ± 6.411922273466016e-7
P_1: 224.7007752326918 ± 7.798964909845224e-6
t01: 3503.7688084731894 ± 0.00020421277353724058
ecos1: 0.004658397625522777 ± 0.01383672976697866
esin1: -0.0011184494066494202 ± 0.016241588671365572
mu_2: 3.136062936223805e-6 ± 2.1961833371092406e-7
P_2: 365.25645218589426 ± 1.66990375044251e-5
t02: 3624.4075532750126 ± 0.00027578852696090184
ecos2: 0.016919229209327247 ± 0.01081198674792195
esin2: 0.0012768920351847884 ± 0.012940008155451323
mu_3: 8.177277023648842e-5 ± 1.9887375804512703e-5
P_3: 1733.0694498749517 ± 7.17891252370028
t03: 732.0445221245466 ± 31.851034042404834
ecos3: 0.281753590222462 ± 0.03941266311214653
esin3: 0.00893000378817662 ± 0.04347689512738319
mu_4: 0.0007815850283213004 ± 0.0002705343829508458
P_4: 4215.710014969484 ± 93.18598379527944
t04: 640.0291246077641 ± 225.78673418845096
ecos4: 0.013885386681401305 ± 0.0419334741247263
esin4: -0.03780091307771517 ± 0.02895586458596042
Retrieved Earth masses:
[0.8407273103207348, 1.0440524748274664, 27.223644702011406, 260.2038924925179]
 ± [0.21346457179441647, 0.07311494363836682, 6.620869653696127, 90.06582386572197]
Retrieved eccentricity:
[0.0065879691009409335, 0.02392740341272961, 0.3984597485399172, 0.019636902163632466]
 ± [0.019568090895352736, 0.015290458295109395, 0.05573792270243942, 0.05930288782460918]
