Global Fit Results.
per 3 range=[1826.25 - 5478.75, length=200]
mu_1: 3.6426180800610584e-6 ± 6.151740929650099e-7
P_1: 224.7007744608428 ± 1.080411748620059e-5
t01: 3503.7688228657535 ± 0.00029903534207885164
ecos1: -0.08203505185731307 ± 0.05606547881931552
esin1: -0.06537111834164605 ± 0.02641153620632482
mu_2: 2.588838489341282e-6 ± 3.548502564437616e-7
P_2: 365.25645864291033 ± 2.36132448452509e-5
t02: 3624.4074687989028 ± 0.00040266800179462653
ecos2: -0.04948197245519551 ± 0.04433858238992541
esin2: -0.050481390530333826 ± 0.020448244830465083
mu_3: 0.0003980871480320263 ± 0.00022169917548746593
P_3: 4225.76916035914 ± 125.95682344695139
t03: 1451.3619700896754 ± 410.2546159831451
ecos3: -0.08676605519942919 ± 0.11813509107095055
esin3: 0.12058195028787816 ± 0.11177917526481058
Retrieved Earth masses:
[1.212693909108339, 0.8618714887718294, 132.53046273373133]
 ± [0.20480266093869762, 0.1181361139644013, 73.8076937682921]
Retrieved eccentricity:
[0.1160150829265923, 0.06997807653910941, 0.12270573201664536]
 ± [0.07928856052721751, 0.0627042245522294, 0.167068247984719]
