Global Fit Results.
chi^2: 175.56943037169347
per 3 range=[1826.25 - 8035.5, length=300]
mu_1: 3.7578304143302194e-6 ± 2.2943916724378206e-7
P_1: 224.70077478418642 ± 3.6897873683138652e-6
t01: 3503.7694926738204 ± 0.0001002717797650843
ecos1: -0.06454973481853803 ± 0.019569304595513128
esin1: -0.0788542042657717 ± 0.008908401420950186
mu_2: 2.7781079217301754e-6 ± 1.3026231141823387e-7
P_2: 365.25645952188677 ± 8.136488577690842e-6
t02: 3624.408594125845 ± 0.0001354445982328894
ecos2: -0.0370398544145249 ± 0.015524503698040096
esin2: -0.06209424374789329 ± 0.006922463517854145
mu_3: 0.0002984107972262306 ± 5.696541657455047e-5
P_3: 4186.313519762772 ± 39.97206309964054
t03: 1485.2454311557901 ± 155.75145739989182
ecos3: -0.2076722036453807 ± 0.06824305027739379
esin3: 0.1538812273841832 ± 0.05073348602572831
Retrieved Earth masses:
[1.2510501937781895, 0.9248827303551237, 99.3463899466363]
 ± [0.07638447800785092, 0.043366696197976916, 18.964824802225387]
Retrieved eccentricity:
[0.10190512153729873, 0.0723024613804536, 0.25847084227856565]
