Global Fit Results.
per 3 range=[1826.25 - 5478.75, length=200]
mu_1: 3.7089756414593595e-6 ± 5.686048834532061e-7
P_1: 224.70078087612222 ± 2.135867840078713e-5
t01: 3503.768814129446 ± 0.00038552072120056106
ecos1: -0.07059414639445245 ± 0.03515892840895229
esin1: -0.030755678603642048 ± 0.0237035019788928
mu_2: 2.6808474453693126e-6 ± 3.4544804359238944e-7
P_2: 365.2564063505184 ± 5.522243726525819e-5
t02: 3624.407945009559 ± 0.0005897893655215611
ecos2: -0.041829189967136346 ± 0.027087624208837896
esin2: -0.02320220501976603 ± 0.018773092692779
mu_3: 0.001036326979753257 ± 0.0006785134510740281
P_3: 4684.363979390484 ± 357.2826937248785
t03: 925.303338612977 ± 520.2277724092821
ecos3: 0.035573030656381226 ± 0.05585124105909377
esin3: 0.06707605370451254 ± 0.05402903394222732
Retrieved Earth masses:
[1.2347855500002258, 0.8925029461758784, 345.0121282466017]
 ± [0.18929892283448002, 0.11500594604495583, 225.8894869790358]
Retrieved eccentricity:
[0.09983519925518639, 0.059155407754604816, 0.050307862408968215]
 ± [0.04972223339444503, 0.03830768552860433, 0.07898558258113947]
