Global Fit Results.
chi^2: 88.11341204088573
per 4 range=[547.875 - 1826.25, length=500]
mu_1: 2.0383607464699385e-6 ± 3.5566035038888124e-7
P_1: 224.70076854834815 ± 5.330520207105155e-6
t01: 3503.7697676294506 ± 0.00011395809375595036
ecos1: 0.007649813931684503 ± 0.007259993097680602
esin1: -0.011127714801723634 ± 0.007905007419120268
mu_2: 3.1532676570275165e-6 ± 1.1822861829321508e-7
P_2: 365.25645309855463 ± 1.1834570726134517e-5
t02: 3624.4085765457794 ± 0.00015281281720879472
ecos2: 0.018653831386365824 ± 0.005585196349460646
esin2: -0.00514837007246973 ± 0.006375676723760336
mu_3: 8.470084195940927e-5 ± 1.089381519768755e-5
P_3: 1736.6032214465733 ± 4.013185546432024
t03: 728.1542042646665 ± 17.019976398746426
ecos3: 0.3000245881200342 ± 0.022846991703342933
esin3: 0.03535333415731481 ± 0.027251903612034875
mu_4: 0.0008241817969162547 ± 0.00013361437178137272
P_4: 4078.696748808061 ± 58.497739226601254
t04: 887.5684502993803 ± 107.02284157003537
ecos4: 0.04452644035837926 ± 0.016541426686339858
esin4: -0.03482684862999382 ± 0.012046385155164884
Retrieved Earth masses:
[0.6786074212227561, 1.0497802397668587, 28.19845311337221, 274.3851326575403]
 ± [0.11840580899458567, 0.039360460563044646, 3.6267495100573672, 44.48265815061562]
Retrieved eccentricity:
[0.013503543605213173, 0.019351256801408756, 0.302100333850585, 0.05652887117645998]
