Global Fit Results.
chi^2: 0.5384292338937043
per 4 range=[547.875 - 1826.25, length=200]
mu_1: 5.391721257571539e-6 ± 2.571238972521932e-6
P_1: 224.7008053157316 ± 2.8172203088468305e-5
t01: 3503.7684455050376 ± 0.00046997725364081777
ecos1: 0.001903384517936892 ± 0.11105463105320199
esin1: -0.007926033032167937 ± 0.03508101591542804
mu_2: 3.028584488960944e-6 ± 8.004907179439241e-7
P_2: 365.2564937551339 ± 6.878852563017484e-5
t02: 3624.407090988699 ± 0.0006745323019550205
ecos2: 0.015725673189311222 ± 0.08675131336234043
esin2: -0.0021354288160660914 ± 0.028093656517684477
mu_3: 6.020493614130714e-7 ± 5.420754134214437e-7
P_3: 626.1995043389078 ± 3.2781554890219113
t03: 173.07619135091144 ± 51.32113954048695
ecos3: 0.08932878546620307 ± 0.29178023846523893
esin3: -0.16924387649686803 ± 0.1821976486357025
mu_4: 9.953558636656869e-6 ± 0.0004080586729842199
P_4: 3545.7831687494 ± 249.5846330928305
t04: 54.32095555418697 ± 62503.477625887
ecos4: -8.545388449583502 ± 356.1605859025026
esin4: -1.3851692651349263 ± 55.46402809592616
Retrieved Earth masses:
[1.7950022168004391, 1.0082709420146965, 0.20043319873818852, 3.3137209741253355]
 ± [0.8560122890476248, 0.2664979409348581, 0.18046677902684505, 135.8501650215551]
Retrieved eccentricity:
[0.002691792199677328, 0.022239460301770896, 0.126329979916621, 12.085004241147384]
 ± [0.15705496539977853, 0.12268488391070015, 0.4126395704699967, 503.68713096606695]
