Global Fit Results.
chi^2: 111.31382521478227
per 3 range=[1826.25 - 8035.5, length=300]
mu_1: 3.433536942694794e-6 ± 2.465512001485786e-7
P_1: 224.7007947467251 ± 6.856015765859103e-6
t01: 3503.769209543049 ± 0.00012606100959114167
ecos1: -0.09876766128739321 ± 0.02196180890480328
esin1: -0.034443808519116256 ± 0.010435872138560537
mu_2: 2.515526428054967e-6 ± 1.3360461760730626e-7
P_2: 365.2564523291349 ± 1.5959601864916125e-5
t02: 3624.408672822768 ± 0.00017892425649187013
ecos2: -0.06406618296989612 ± 0.017056523420050252
esin2: -0.02459266092424452 ± 0.00814252977275428
mu_3: 0.0006397348919502967 ± 0.0001674499932560289
P_3: 4285.232967170286 ± 81.26553147026141
t03: 1495.8322768543387 ± 129.27819420446542
ecos3: -0.02260122118280542 ± 0.03901524130546153
esin3: 0.10726174462999734 ± 0.03538325545180574
Retrieved Earth masses:
[1.1430869900680474, 0.8374645681910691, 212.97939829563524]
 ± [0.08208138545738525, 0.0444794108083967, 55.747152855073644]
Retrieved eccentricity:
[0.10460127562072452, 0.06862415589037923, 0.10961704730572182]
