Global Fit Results.
chi^2: 204.560706270286
per 4 range=[547.875 - 1826.25, length=500]
mu_1: 2.1055852434268146e-6 ± 1.2955019366317095e-7
P_1: 224.70077306246526 ± 1.2909547453698553e-6
t01: 3503.76958397423 ± 3.453313446189086e-5
ecos1: 0.0009451723166090684 ± 0.00199204095076089
esin1: -0.005422566099671917 ± 0.0024744823863477494
mu_2: 3.0254175592951534e-6 ± 3.428489006414817e-8
P_2: 365.2564583711227 ± 2.8154579603674225e-6
t02: 3624.4086685173443 ± 4.8324319982454745e-5
ecos2: 0.013135782277564234 ± 0.001531172653446988
esin2: -0.0014448561087978514 ± 0.0020138781379675772
mu_3: 2.3335071546460753e-7 ± 4.624223595663496e-8
P_3: 688.8860049085301 ± 0.8992574726510612
t03: 363.6311108595358 ± 11.820832953548829
ecos3: -0.050216449900596254 ± 0.032064109132585526
esin3: -0.15498374330327394 ± 0.03408211367045782
mu_4: 0.0011363254023224656 ± 5.9222012701191474e-5
P_4: 4348.262265993332 ± 12.392795768577718
t04: 393.47937830603183 ± 38.60367819552605
ecos4: 0.03518195892230507 ± 0.004545475136138013
esin4: -0.02876601274367614 ± 0.0035832176363036574
tsin: 0.0001414294441610992 ± 5.886548632842156e-5
tcos: -0.001854752874570768 ± 6.931957578194645e-5
dphi: 2.315719486655513 ± 0.002181211142726824
Retrieved Earth masses:
[0.7009876807533159, 1.007216613443359, 0.07768670365937987, 378.30342459027116]
 ± [0.04312961922609788, 0.011414064401323287, 0.01539488265188149, 19.716086756662605]
Retrieved eccentricity:
[0.005504323193036112, 0.013215006062000163, 0.16291609045430167, 0.04544506268870249]
