Global Fit Results.
per 3 range=[1826.25 - 5478.75, length=200]
mu_1: 3.6267480393237485e-6 ± 8.543810196372802e-7
P_1: 224.7007753620582 ± 1.5572915546268785e-5
t01: 3503.7688102858415 ± 0.00040788468630900584
ecos1: -0.08574325590818274 ± 0.07712693959799959
esin1: -0.06564406703140793 ± 0.03580206095149606
mu_2: 2.583623990080477e-6 ± 4.844344913505999e-7
P_2: 365.2564555377503 ± 3.3197199001445884e-5
t02: 3624.407497615562 ± 0.0005434709742342904
ecos2: -0.05242841367579467 ± 0.06097742492744129
esin2: -0.050616720061694154 ± 0.02767895518748451
mu_3: 0.00040728727538477693 ± 0.0003044839395314614
P_3: 4227.740220994876 ± 174.51560129747858
t03: 1455.1489699102822 ± 546.445089946161
ecos3: -0.08419616663555135 ± 0.15475496353964657
esin3: 0.11994968327071005 ± 0.14828285662117494
Retrieved Earth masses:
[1.2074104834742376, 0.8601354869858496, 135.59335270970013]
 ± [0.28443900397994365, 0.161277066140577, 101.36824964228084]
Retrieved eccentricity:
[0.12125927538737905, 0.07414497367401587, 0.11907136075582181]
 ± [0.10907396400382152, 0.08623510133097471, 0.21885656828232203]
