Global Fit Results.
chi^2: 5.68177596688545
per 4 range=[547.875 - 1826.25, length=200]
mu_1: 2.352682632533217e-6 ± 9.417422465709262e-7
P_1: 224.7007765647911 ± 1.1503390657418349e-5
t01: 3503.7687942151942 ± 0.00028123906754605704
ecos1: 0.005416537836196565 ± 0.017301148413089728
esin1: -0.002493047703405197 ± 0.020114544664945853
mu_2: 3.159984134134328e-6 ± 2.993309369888483e-7
P_2: 365.25646118125985 ± 2.4529733833536602e-5
t02: 3624.407481736235 ± 0.00037638811817324665
ecos2: 0.017136008872070292 ± 0.013558266004474951
esin2: 0.00023630620399825168 ± 0.016095144816737645
mu_3: 8.431064486384025e-5 ± 2.7601655594599535e-5
P_3: 1732.9488184882778 ± 9.577860440115243
t03: 735.7526822036987 ± 42.279246617193756
ecos3: 0.2840916288623709 ± 0.051354330072819775
esin3: 0.01487807916026343 ± 0.0559917735749327
mu_4: 0.0008889542080430465 ± 0.00039285882297195165
P_4: 4233.896468032942 ± 118.88096117851566
t04: 610.068184137001 ± 280.3592088353136
ecos4: 0.030480560660731154 ± 0.046562940478345693
esin4: -0.03747038698101485 ± 0.03317192193583883
Retrieved Earth masses:
[0.7832509024635876, 1.0520162773362873, 28.068549392820653, 295.9490481505433]
 ± [0.31352314771012796, 0.09965272123394933, 9.189093911353972, 130.78985808733788]
Retrieved eccentricity:
[0.007660141269056201, 0.02423397615182749, 0.4017662344938287, 0.04310602227514183]
 ± [0.024467518730421245, 0.019174283665790548, 0.07262599007556622, 0.06584994192844765]
