Global Fit Results.
chi^2: 404.98723024471843
per 4 range=[547.875 - 1826.25, length=500]
mu_1: 2.2636600748568406e-6 ± 1.1924206147902994e-7
P_1: 224.70077742546013 ± 1.5594504257930256e-6
t01: 3503.7694953826585 ± 3.615402916112127e-5
ecos1: 0.004003883735228587 ± 0.002221021310137804
esin1: -0.00247279908177562 ± 0.002542297835139314
mu_2: 3.1716863163816213e-6 ± 3.803397788592444e-8
P_2: 365.25646779927416 ± 3.302173203931144e-6
t02: 3624.408564597036 ± 4.860701574450927e-5
ecos2: 0.016741505463966994 ± 0.0017265946742076642
esin2: 0.00041805403001115595 ± 0.002033054967013942
mu_3: 8.941221850653896e-5 ± 3.6339097829024524e-6
P_3: 1737.5289913112108 ± 1.302789918765011
t03: 715.4632651475739 ± 5.692187477531564
ecos3: 0.2757830850372581 ± 0.006132744475143833
esin3: 0.017047407011124355 ± 0.006808975589913992
mu_4: 0.0008351583321829237 ± 4.786943581590873e-5
P_4: 4216.5431727220475 ± 15.42221694256896
t04: 611.9411269291127 ± 36.36862226444135
ecos4: 0.026178875840844686 ± 0.0065094511084578905
esin4: -0.049692641746964694 ± 0.004883634660016532
Retrieved Earth masses:
[0.7536136714680237, 1.0559121469615569, 29.766956183593695, 278.03942118530694]
 ± [0.03969785425946105, 0.01266220402679402, 1.2097947583626838, 15.93660712446473]
Retrieved eccentricity:
[0.004705934579236984, 0.01674672428781358, 0.27630947156851227, 0.056166646544747]
