Global Fit Results.
per 3 range=[1826.25 - 5478.75, length=200]
mu_1: 3.6425954428378277e-6 ± 6.835286624419794e-7
P_1: 224.7007744608956 ± 1.2004549754158323e-5
t01: 3503.76882286451 ± 0.0003322605246468173
ecos1: -0.08203756521277838 ± 0.06229575484008487
esin1: -0.0653713566916351 ± 0.029346350428015887
mu_2: 2.5888260915658786e-6 ± 3.9427938199186096e-7
P_2: 365.2564586431123 ± 2.6236890687192567e-5
t02: 3624.4074687961347 ± 0.00044740731449616206
ecos2: -0.04948397254341446 ± 0.049265664478819055
esin2: -0.0504815312748106 ± 0.022720473521688576
mu_3: 0.0003980778898369965 ± 0.00024632477345402324
P_3: 4225.768002137223 ± 139.9517038395778
t03: 1451.3806263864708 ± 455.8347278766796
ecos3: -0.0867689843279425 ± 0.13126291856883096
esin3: 0.12058820955835613 ± 0.12420075380036587
Retrieved Earth masses:
[1.2126863727643888, 0.861867361326572, 132.52738051196795]
 ± [0.2275591421954574, 0.13126278806053562, 82.00600388640753]
Retrieved eccentricity:
[0.11601863734797842, 0.0699809050909946, 0.12270987442991482]
 ± [0.08809950137311741, 0.06967217086526835, 0.18563379967671592]
