Global Fit Results.
per 3 range=[1826.25 - 5478.75, length=200]
mu_1: 3.76229148210241e-6 ± 7.259774405507432e-8
P_1: 224.70077398373155 ± 1.438966467343005e-6
t01: 3503.7688437269353 ± 3.525154566917683e-5
ecos1: -0.07549084411003601 ± 0.005864812188457501
esin1: -0.05698793773953636 ± 0.0030505498387119667
mu_2: 2.6246179664030233e-6 ± 3.984228905916913e-8
P_2: 365.2564539160805 ± 3.0326363097198695e-6
t02: 3624.4075391197925 ± 4.668338836635665e-5
ecos2: -0.04475231500492948 ± 0.004647651709548894
esin2: -0.04439582412199917 ± 0.0023444005556988723
mu_3: 0.0005168094061918721 ± 3.417545208763177e-5
P_3: 4276.57739120757 ± 15.401226408814267
t03: 1357.6920719321515 ± 44.345832338205334
ecos3: -0.033276379955468886 ± 0.010564121956322002
esin3: 0.09579884623718757 ± 0.009903035519824977
Retrieved Earth masses:
[1.2525353644978616, 0.8737831284085402, 172.05526500002316]
 ± [0.024169111363198152, 0.013264223754739155, 11.377630505529206]
Retrieved eccentricity:
[0.106760175575406, 0.06328933082756423, 0.04705990783970431]
 ± [0.00829409693768763, 0.006572772080830546, 0.014939924545193968]
