Global Fit Results.
chi^2: 84.47833550981056
per 4 range=[547.875 - 1826.25, length=200]
mu_1: 2.6642366707862097e-6 ± 8.052678486645409e-8
P_1: 224.70087268190977 ± 6.798967475534832e-6
t01: 3503.7682431056273 ± 0.00013394469473017166
ecos1: -0.08519468011848869 ± 0.008037474987144966
esin1: 0.006640680755945606 ± 0.004993950292180909
mu_2: 2.5713966441080583e-6 ± 4.9154802962407486e-8
P_2: 365.256384716128 ± 1.0650852823133828e-5
t02: 3624.4082297009086 ± 9.403573754818774e-5
ecos2: -0.055414679376133195 ± 0.0061889833246927765
esin2: 0.0073659803214884524 ± 0.003936109699252985
mu_3: 5.031656395328311e-7 ± 7.512415767028598e-8
P_3: 669.7063380453839 ± 0.7035905556516014
t03: 56.06962434906366 ± 12.378622061687645
ecos3: -0.43814733809062956 ± 0.047928720617448274
esin3: 0.013232697941510099 ± 0.038386391596266896
mu_4: 0.0010343553488871365 ± 0.00012598602646822824
P_4: 5228.638384376367 ± 88.57351233011381
t04: 609.8830822778528 ± 108.38495452966411
ecos4: 0.03623419820277434 ± 0.011953451350112951
esin4: 0.10912474923794338 ± 0.013907368062051315
Retrieved Earth masses:
[0.8869729167520519, 0.8560647807906329, 0.16751300655813975, 344.3557364180314]
 ± [0.026808833476714512, 0.016364529260485334, 0.0250102004743037, 41.94304304562761]
Retrieved eccentricity:
[0.12048347206560418, 0.0783681911282842, 0.6196339078454381, 0.051242894520078304]
 ± [0.01136670613405493, 0.008752544155081452, 0.06778144672438632, 0.01690473301649672]
