Global Fit Results.
chi^2: 104.8000061147264
per 3 range=[1826.25 - 8035.5, length=300]
mu_1: 4.045846484054267e-6 ± 1.6218828189795896e-7
P_1: 224.7007893505682 ± 8.287001298532862e-6
t01: 3503.7694529039222 ± 0.00013555600745362
ecos1: -0.051023150361342515 ± 0.004609051700499631
esin1: 0.019152115692825343 ± 0.0046141665811935345
mu_2: 2.781214494716873e-6 ± 1.157965297703312e-7
P_2: 365.2563278584639 ± 1.8528821173583667e-5
t02: 3624.4099106036383 ± 0.00018755087861679705
ecos2: -0.024482768218453254 ± 0.0036077058865535906
esin2: 0.01249752458062868 ± 0.003377956400171619
mu_3: 0.0031457801523942157 ± 0.0005092405478398682
P_3: 6102.015584188187 ± 188.1282245242945
t03: 2827.810120767572 ± 120.30583317513872
ecos3: 0.09194803181477562 ± 0.00474603458605044
esin3: -0.038359614248448845 ± 0.0075596637317933545
Retrieved Earth masses:
[1.3469359895994797, 0.9259169650885949, 1047.2875130896025]
 ± [0.053995433301946456, 0.03855077399330573, 169.5354541879533]
Retrieved eccentricity:
[0.05449922392390128, 0.027488071236118454, 0.0996288139039143]
