Global Fit Results.
chi^2: 505.2359920978597
per 4 range=[547.875 - 1826.25, length=500]
mu_1: 2.4129548148155333e-6 ± 1.0806847843223948e-7
P_1: 224.700775591374 ± 1.1828744704368954e-6
t01: 3503.769522939584 ± 3.295560749456785e-5
ecos1: 0.0053108026380401935 ± 0.002110922322510766
esin1: -0.0021707889257921702 ± 0.002475461752760452
mu_2: 3.131847919740737e-6 ± 3.481274101768013e-8
P_2: 365.2564536934431 ± 2.6909397314335023e-6
t02: 3624.408732736077 ± 4.5585810971547116e-5
ecos2: 0.017137635281402067 ± 0.001642508745281143
esin2: 0.0005047920094165074 ± 0.0019859087260707953
mu_3: 8.459316147033952e-5 ± 3.281092637905405e-6
P_3: 1733.9219085678353 ± 0.9862158309420249
t03: 729.1978875901872 ± 4.678777625058354
ecos3: 0.28143669798844617 ± 0.006203873163847856
esin3: 0.0061304977668950565 ± 0.0065724653143382295
mu_4: 0.000861340960759878 ± 4.5514236562084285e-5
P_4: 4240.135192140705 ± 12.797100982331715
t04: 608.647580646547 ± 34.114995602541086
ecos4: 0.02195503946870939 ± 0.005893704104124784
esin4: -0.0337871518680844 ± 0.004186473601359305
Retrieved Earth masses:
[0.8033166098026363, 1.0426492190637653, 28.16260431716174, 286.75609515492226]
 ± [0.03597796493646844, 0.01158979559855451, 1.0923355042320007, 15.15251839293306]
Retrieved eccentricity:
[0.005737329450236983, 0.017145068037518186, 0.28150345997431325, 0.04029386292513521]
