Global Fit Results.
per 3 range=[1826.25 - 5478.75, length=200]
mu_1: 3.4693134796310525e-6 ± 7.648345618171399e-7
P_1: 224.7007882787992 ± 1.728189985851669e-5
t01: 3503.7686529613557 ± 0.0003499869681843198
ecos1: -0.09909187348491608 ± 0.07331869811915712
esin1: -0.05230859245303157 ± 0.03141141157771757
mu_2: 2.5945518571758973e-6 ± 4.271208902430423e-7
P_2: 365.25647262717905 ± 3.6515485949338425e-5
t02: 3624.407329904921 ± 0.0004615279165063932
ecos2: -0.06421592333411057 ± 0.05773149167537071
esin2: -0.03894702350949085 ± 0.02427609908974193
mu_3: 0.0004499096487100932 ± 0.00033181420839711764
P_3: 4218.976582653902 ± 148.13434968845272
t03: 1542.9492519747632 ± 431.66573149079403
ecos3: -0.06700157925490195 ± 0.14026953796554817
esin3: 0.1270677157390428 ± 0.13173926653958692
Retrieved Earth masses:
[1.1549976508834308, 0.8637735729929171, 149.7831171558499]
 ± [0.25462735708368417, 0.14219632436513535, 110.46699396826273]
Retrieved eccentricity:
[0.1401370714033272, 0.09081502969941006, 0.09475454208269815]
 ± [0.10368829725565074, 0.08164465850333869, 0.19837108297868597]
