Global Fit Results.
chi^2: 36.183462137892214
per 4 range=[547.875 - 1826.25, length=500]
mu_1: 2.7598406362393163e-6 ± 5.286079803944458e-7
P_1: 224.70073008301924 ± 2.0403026184166334e-5
t01: 3503.7697670858715 ± 0.0011546332810250203
ecos1: -0.010305527498073492 ± 0.005675671654203229
esin1: -0.0007857554884537899 ± 0.005731799858254839
mu_2: 2.8831521431446964e-6 ± 1.1740523509448498e-7
P_2: 365.25647673210165 ± 1.2940804264292492e-5
t02: 3624.4084307551634 ± 0.00016543166193531825
ecos2: 0.00291516164885664 ± 0.004295863476446544
esin2: 0.0033390722526140787 ± 0.00447956313344243
mu_3: 5.395646759453631e-7 ± 2.777112287253323e-7
P_3: 675.7704897682929 ± 1.633236451030697
t03: 457.1296744511291 ± 40.52545272771373
ecos3: 0.02268622213343245 ± 0.1765510272960912
esin3: 0.23438741429241602 ± 0.09751188215709646
mu_4: 0.0014580746156353716 ± 0.0003128252544524699
P_4: 4258.763142933954 ± 55.7278341324713
t04: 387.95008372713266 ± 140.58929859481853
ecos4: 0.03890376497580138 ± 0.013260800398843461
esin4: -0.018118421111538583 ± 0.011069288551543535
tsin: 3.438367496263833e-5 ± 0.0003002977574526007
tcos: -0.0017313861909174382 ± 0.00030609682151893296
dphi: 2.3185731823529943 ± 0.011540119672628989
Retrieved Earth masses:
[0.9188012182767736, 0.9598538650435788, 0.17963090878799695, 485.41959836120367]
 ± [0.17598322526298435, 0.03908634129826974, 0.09245512655023064, 104.14522531646186]
Retrieved eccentricity:
[0.01033543945370414, 0.004432558059083019, 0.23548274810136752, 0.042915965710530586]
