Global Fit Results.
chi^2: 362.7111480126467
per 4 range=[547.875 - 1826.25, length=500]
mu_1: 2.4928933410484954e-6 ± 1.2723132175050093e-7
P_1: 224.70077853355548 ± 1.633042012629627e-6
t01: 3503.769522756499 ± 3.6822534728882654e-5
ecos1: 0.0038315406163107616 ± 0.002305196724687044
esin1: -0.0028597100268651903 ± 0.0026989003392883042
mu_2: 3.1242376527345926e-6 ± 3.8387376196287814e-8
P_2: 365.2564629383801 ± 3.531506577722004e-6
t02: 3624.408619693278 ± 4.975644328926672e-5
ecos2: 0.016298068300068802 ± 0.0017823066644358679
esin2: -0.0005583612420369053 ± 0.002164709376744637
mu_3: 8.803874298888027e-5 ± 3.963254097617647e-6
P_3: 1735.8228628916786 ± 1.3941717773369962
t03: 719.0696588388831 ± 5.867245649442879
ecos3: 0.2712565994245696 ± 0.00626020393657311
esin3: 0.010155457002495816 ± 0.007089457106195445
mu_4: 0.0008019500208413245 ± 4.905926382250264e-5
P_4: 4190.086845889042 ± 15.995895520954667
t04: 671.553954687668 ± 37.76425009792514
ecos4: 0.0174327916617784 ± 0.007617848969013431
esin4: -0.04646690227702787 ± 0.00529890046606391
Retrieved Earth masses:
[0.8299296012651355, 1.0401156225564738, 29.309701165920746, 266.98376945059204]
 ± [0.04235762452813871, 0.012779856761461074, 1.3194394797351425, 16.332722540566426]
Retrieved eccentricity:
[0.00478107152552567, 0.016307630042109632, 0.2714466357100617, 0.04962937872214228]
