Global Fit Results.
chi^2: 83.76965161481274
per 4 range=[547.875 - 1826.25, length=500]
mu_1: 2.239028402472111e-6 ± 3.0817025417213155e-7
P_1: 224.70077168437962 ± 4.6767875456008715e-6
t01: 3503.7696897245187 ± 0.00010846866908292935
ecos1: 0.017294592333535582 ± 0.008895300043095649
esin1: 0.006701305394688919 ± 0.009404654461647078
mu_2: 3.216656252377378e-6 ± 1.2263386122043954e-7
P_2: 365.25646603758213 ± 9.948849549199515e-6
t02: 3624.4085986753817 ± 0.0001468375298539519
ecos2: 0.025191381300262803 ± 0.007005471547280894
esin2: 0.007063313488814235 ± 0.007421928556835678
mu_3: 9.486258263232673e-5 ± 9.473032180977064e-6
P_3: 1739.4490132423964 ± 3.4443100774016937
t03: 712.2580894891167 ± 15.734023184095676
ecos3: 0.2913253892781565 ± 0.019533290155335444
esin3: 0.041241273297423726 ± 0.022471151624300894
mu_4: 0.0006492286816380097 ± 0.00012350367907126497
P_4: 4209.395965113041 ± 47.18438256444578
t04: 550.1863406640404 ± 111.72727568241662
ecos4: -0.004144888082992443 ± 0.028168980997110262
esin4: -0.05909427018057899 ± 0.01887418422361757
Retrieved Earth masses:
[0.7454133390654533, 1.0708834577815296, 31.581481679402643, 216.1400538119698]
 ± [0.1025954909323484, 0.0408270461749785, 3.1537449642444013, 41.11662438124273]
Retrieved eccentricity:
[0.01854751783867789, 0.026162876165599522, 0.29423005465326313, 0.05923945362168526]
