Global Fit Results.
chi^2: 2.525233761778993
per 4 range=[547.875 - 1826.25, length=200]
mu_1: 2.3526661809928997e-6 ± 1.4126432453742322e-6
P_1: 224.70077656475576 ± 1.7255047189776724e-5
t01: 3503.7687942158304 ± 0.0004218581216614857
ecos1: 0.005416376442692208 ± 0.025951595179804943
esin1: -0.002493615688020725 ± 0.030171607289740263
mu_2: 3.159983629776673e-6 ± 4.489952475902815e-7
P_2: 365.2564611814763 ± 3.679454714661186e-5
t02: 3624.407481731844 ± 0.0005645798078790517
ecos2: 0.01713587570818876 ± 0.020337264945707218
esin2: 0.00023585152886520936 ± 0.024142530945686715
mu_3: 8.431113645812688e-5 ± 4.1403037473659954e-5
P_3: 1732.9489808261394 ± 14.366924183864654
t03: 735.7520893655608 ± 63.41906770299086
ecos3: 0.2840910459842233 ± 0.0770305779744288
esin3: 0.014877598008063205 ± 0.08398711249754974
mu_4: 0.0008889538929318177 ± 0.0005892906345063725
P_4: 4233.892478016213 ± 178.3188253917571
t04: 610.083088863345 ± 420.53255318581097
ecos4: 0.030480245023549023 ± 0.0698445362656883
esin4: -0.037469574945155425 ± 0.04975778524603093
Retrieved Earth masses:
[0.7832454254461514, 1.0520161094264369, 28.068713053513054, 295.94894324427554]
 ± [0.47029466766926414, 0.1494786963672563, 13.783825330941676, 196.18558615085104]
Retrieved eccentricity:
[0.00765991302417346, 0.02423378782966021, 0.4017654101796472, 0.043105575896758064]
 ± [0.03670109786849639, 0.028761235907794076, 0.10893768808887543, 0.09877509044459588]
