Global Fit Results.
per 3 range=[1826.25 - 5478.75, length=200]
mu_1: 3.469330819963277e-6 ± 5.098841016289675e-7
P_1: 224.7007882787257 ± 1.1521285476224432e-5
t01: 3503.7686529630587 ± 0.00023332424127673292
ecos1: -0.09908998447360934 ± 0.04887754326859889
esin1: -0.05230791452511338 ± 0.02094057421597767
mu_2: 2.594560920073525e-6 ± 2.8474561484543187e-7
P_2: 365.25647262714796 ± 2.4343691937417072e-5
t02: 3624.4073299065594 ± 0.0003076855038247551
ecos2: -0.06421443835443624 ± 0.03848641688119471
esin2: -0.038946532719238085 ± 0.016183828019570117
mu_3: 0.00044992004331829 ± 0.000221208836155593
P_3: 4218.9788394933275 ± 98.75550407972493
t03: 1542.9403793863444 ± 287.7697755105055
ecos3: -0.06699713631299213 ± 0.09350979844770553
esin3: 0.1270645423440908 ± 0.08782212682957648
Retrieved Earth masses:
[1.1550034237958824, 0.8637765901966179, 149.78657771025632]
 ± [0.169749704966671, 0.09479700182089255, 73.64445087318504]
Retrieved eccentricity:
[0.14013439993791774, 0.09081292962101478, 0.09474825881399244]
 ± [0.06912328458593033, 0.05442801272053039, 0.13224282517951974]
