Global Fit Results.
chi^2: 1326.5420036609735
per 3 range=[1826.25 - 8035.5, length=300]
mu_1: 3.559486568136178e-6 ± 6.735029668338238e-8
P_1: 224.7007765250174 ± 1.3886640880853387e-6
t01: 3503.769545035977 ± 3.478105717444238e-5
ecos1: -0.08585550162929602 ± 0.006115567402934072
esin1: -0.06015379268940038 ± 0.0030717255498654097
mu_2: 2.5587846940665197e-6 ± 3.9341509068395775e-8
P_2: 365.2564614055439 ± 2.8181471535134494e-6
t02: 3624.408624194881 ± 4.5165297664161595e-5
ecos2: -0.05325788514851119 ± 0.004837948863677905
esin2: -0.046734573364279 ± 0.002361061375848683
mu_3: 0.0005191959990381611 ± 3.320734724093961e-5
P_3: 4310.156711027779 ± 14.674379025071694
t03: 1329.9608830154652 ± 41.936560257986564
ecos3: -0.027423378836890368 ± 0.009387465606995753
esin3: 0.09614676751184097 ± 0.009749843392036023
Retrieved Earth masses:
[1.1850179145487942, 0.8518660328952465, 172.84980523032024]
 ± [0.022422140550954584, 0.013097504974107615, 11.055330768044191]
Retrieved eccentricity:
[0.10483151212749633, 0.07085564676180145, 0.09998121128395877]
