Global Fit Results.
chi^2: 3.0052368775639797
per 4 range=[547.875 - 1826.25, length=200]
mu_1: 2.3526562747964307e-6 ± 1.2949132976479984e-6
P_1: 224.70077656471315 ± 1.581713577502749e-5
t01: 3503.7687942170173 ± 0.0003867035128599561
ecos1: 0.005416523548578394 ± 0.023788971208708275
esin1: -0.0024941389169330884 ± 0.027657950983646394
mu_2: 3.159985014608964e-6 ± 4.11578606744758e-7
P_2: 365.25646118136615 ± 3.372866738710608e-5
t02: 3624.4074817337664 ± 0.0005175374672755749
ecos2: 0.017135990817465672 ± 0.01864250703001713
esin2: 0.00023543363551400967 ± 0.022131189019203943
mu_3: 8.431130981933254e-5 ± 3.795285234385424e-5
P_3: 1732.9491068947373 ± 13.1693624597307
t03: 735.7517225715303 ± 58.13338076774163
ecos3: 0.28409137679573193 ± 0.07061179136918812
esin3: 0.014876997374421393 ± 0.07698885333526749
mu_4: 0.0008889530352042109 ± 0.0005401832075597305
P_4: 4233.894156182694 ± 163.4590571869575
t04: 610.0845106005397 ± 385.49213633766806
ecos4: 0.030479803798373405 ± 0.06402428420767534
esin4: -0.037469162979330846 ± 0.045611207450798885
Retrieved Earth masses:
[0.7832421274929056, 1.0520165704623314, 28.068770768616194, 295.9486576911317]
 ± [0.4311002236212475, 0.13702201508600048, 12.63519585613782, 179.83682922896776]
Retrieved eccentricity:
[0.007660121063312809, 0.024233950618760772, 0.4017658780177693, 0.04310495191013065]
 ± [0.033642685718258326, 0.026364486278485994, 0.0998601530177653, 0.09054401104772403]
