Global Fit Results.
chi^2: 3.3417144829622965
per 4 range=[547.875 - 1826.25, length=200]
mu_1: 2.3006895571472355e-6 ± 1.0413252549662202e-6
P_1: 224.70078830372415 ± 1.5462145682513364e-5
t01: 3503.768645311423 ± 0.00031193821459414984
ecos1: 0.01735408480155182 ± 0.025665521089802027
esin1: -0.0016453615366354998 ± 0.027579729031873414
mu_2: 3.29722294524613e-6 ± 3.5804983141857205e-7
P_2: 365.2564593912788 ± 3.372908558549279e-5
t02: 3624.407468438823 ± 0.0004235318809742531
ecos2: 0.025303621223701025 ± 0.01986261504971447
esin2: 0.0006865301791660026 ± 0.021886712107177162
mu_3: 8.408372770409359e-5 ± 3.041126331486165e-5
P_3: 1737.1755472534157 ± 12.835426786952885
t03: 724.7352463656957 ± 47.77937042758992
ecos3: 0.3031248786159669 ± 0.06312312719262675
esin3: 0.027787830261366084 ± 0.07646021823978211
mu_4: 0.0006534674364136542 ± 0.00038076330330145085
P_4: 4172.365252108756 ± 150.20792507786933
t04: 676.6982819733013 ± 344.6833260297774
ecos4: -0.002282949249163771 ± 0.08287446437448671
esin4: -0.05653326620507737 ± 0.05776753020951514
Retrieved Earth masses:
[0.7659414606141876, 1.0977055773591329, 27.993004537046932, 217.55121248566252]
 ± [0.3466761451085358, 0.1192013107537455, 10.12446349840893, 126.76303926924467]
Retrieved eccentricity:
[0.024542382088927388, 0.03578472431170968, 0.42868331443139857, 0.0032285777903768792]
 ± [0.036296528010570726, 0.02808997958750215, 0.08926958257521465, 0.11720219149280502]
