Global Fit Results.
chi^2: 1.01791506484493
per 4 range=[547.875 - 1826.25, length=200]
mu_1: 5.392504364536494e-6 ± 1.858645729374595e-6
P_1: 224.70080531642358 ± 2.061007687098556e-5
t01: 3503.768445485104 ± 0.0003414809070158122
ecos1: 0.001932797886705495 ± 0.07821372610223089
esin1: -0.007920882235376875 ± 0.025385353876982816
mu_2: 3.028750646466703e-6 ± 5.704623351842227e-7
P_2: 365.25649373657274 ± 4.6702091081722386e-5
t02: 3624.407091126213 ± 0.00046847585376625
ecos2: 0.01574853773456351 ± 0.061105678151260806
esin2: -0.002130628350797856 ± 0.02030362539027343
mu_3: 6.022292355489508e-7 ± 3.590606923665414e-7
P_3: 626.2009440661056 ± 2.258798044864653
t03: 173.0657628789839 ± 37.60761394797791
ecos3: 0.08937705928412307 ± 0.2090350576524277
esin3: -0.16921103711090146 ± 0.1297216786307491
mu_4: 9.659292130264566e-6 ± 0.00013850439199300025
P_4: 3545.8396324238806 ± 182.3470252903139
t04: 5.753043405545051 ± 22077.285770151124
ecos4: -8.810076421544274 ± 128.6615627540973
esin4: -1.4280820155061573 ± 19.635682427792272
Retrieved Earth masses:
[1.7952629273733594, 1.0083262588749213, 0.20049308211442857, 3.215754294085534]
 ± [0.6187770185242742, 0.18991730234920226, 0.11953784477614768, 46.11063495074119]
Retrieved eccentricity:
[0.002733388984704968, 0.022271795651764174, 0.12639824940463099, 12.459329560891335]
 ± [0.11061091221750947, 0.08641647877951834, 0.2956202135435051, 181.95492700296145]
