Global Fit Results.
chi^2: 0.6514673863123119
per 4 range=[547.875 - 1826.25, length=200]
mu_1: 5.39208046185438e-6 ± 2.1413205691983155e-6
P_1: 224.70080531612615 ± 2.602945757451313e-5
t01: 3503.768445493001 ± 0.00042994931824363896
ecos1: 0.00191454725509957 ± 0.0956359372432591
esin1: -0.00791797763414938 ± 0.03279392492228227
mu_2: 3.0286451356337768e-6 ± 7.064057296851614e-7
P_2: 365.2564937376675 ± 5.913610268410311e-5
t02: 3624.407091121912 ± 0.0005862750096929097
ecos2: 0.015734410318149494 ± 0.07497688099774825
esin2: -0.002127840114858631 ± 0.026400621792957372
mu_3: 6.022211148198941e-7 ± 4.5793548949304976e-7
P_3: 626.2004578530792 ± 2.7179655507849616
t03: 173.07437354325572 ± 45.89404556030099
ecos3: 0.08931439266552468 ± 0.25177476801001725
esin3: -0.16922248912550897 ± 0.16223449151818994
mu_4: 9.682015559890068e-6 ± 0.0002206392456898514
P_4: 3545.8084324785477 ± 230.54263673330993
t04: 7.829367712165575 ± 35983.00368403592
ecos4: -8.788580860490315 ± 203.66515546414328
esin4: -1.4262356865612245 ± 31.935285231482126
Retrieved Earth masses:
[1.7951218024490998, 1.0082911323967612, 0.2004903785758066, 3.223319337714933]
 ± [0.7128846216212904, 0.23517533458628956, 0.1524550657431148, 73.45482383205437]
Retrieved eccentricity:
[0.002707578693965994, 0.022251816467870177, 0.1263096254227011, 12.428930246918009]
 ± [0.13524963949967922, 0.10603332197144917, 0.35606329158310607, 288.02602504021627]
