Global Fit Results.
per 3 range=[1826.25 - 5478.75, length=200]
mu_1: 3.469330819963277e-6 ± 2.5494205081448375e-7
P_1: 224.7007882787257 ± 5.760642738112216e-6
t01: 3503.7686529630587 ± 0.00011666212063836646
ecos1: -0.09908998447360934 ± 0.024438771634299444
esin1: -0.05230791452511338 ± 0.010470287107988835
mu_2: 2.594560920073525e-6 ± 1.4237280742271594e-7
P_2: 365.25647262714796 ± 1.2171845968708536e-5
t02: 3624.4073299065594 ± 0.00015384275191237756
ecos2: -0.06421443835443624 ± 0.019243208440597355
esin2: -0.038946532719238085 ± 0.008091914009785059
mu_3: 0.00044992004331829 ± 0.0001106044180777965
P_3: 4218.9788394933275 ± 49.377752039862465
t03: 1542.9403793863444 ± 143.88488775525275
ecos3: -0.06699713631299213 ± 0.046754899223852765
esin3: 0.1270645423440908 ± 0.04391106341478824
Retrieved Earth masses:
[1.1550034237958824, 0.8637765901966179, 149.78657771025632]
 ± [0.0848748524833355, 0.04739850091044628, 36.82222543659252]
Retrieved eccentricity:
[0.14013439993791774, 0.09081292962101478, 0.09474825881399244]
 ± [0.03456164229296516, 0.027214006360265195, 0.06612141258975987]
