Global Fit Results.
chi^2: 173.49382819284125
per 3 range=[1826.25 - 8035.5, length=300]
mu_1: 3.4529700722733804e-6 ± 3.013495278880349e-7
P_1: 224.70078905613275 ± 5.995108824371398e-6
t01: 3503.769335113929 ± 0.00011854229905932742
ecos1: -0.12439792034240399 ± 0.0320913974339177
esin1: -0.04103560163624159 ± 0.010439436564543686
mu_2: 2.3796961129214547e-6 ± 1.543019556382064e-7
P_2: 365.25644736361755 ± 1.3143426671183473e-5
t02: 3624.408840536801 ± 0.00015942075094409476
ecos2: -0.08460093798832653 ± 0.025170276035623225
esin2: -0.031142397683212426 ± 0.008159988751645014
mu_3: 0.00041663800175885146 ± 0.0001195734955959601
P_3: 4232.979219379773 ± 55.757663897843976
t03: 1674.1575727793784 ± 139.14457084401096
ecos3: -0.037811196849658786 ± 0.045876578733474505
esin3: 0.15672168311229878 ± 0.05429472089247006
Retrieved Earth masses:
[1.1495566328790416, 0.7922441821351376, 138.7063798430275]
 ± [0.10032474691290387, 0.05136993164071197, 39.808194714056604]
Retrieved eccentricity:
[0.13099146226820815, 0.0901508049989795, 0.16121840020529743]
