Global Fit Results.
chi^2: 2.48659460744991
per 4 range=[547.875 - 1826.25, length=200]
mu_1: 4.8678810131101525e-6 ± 8.256976938511425e-7
P_1: 224.70077762161407 ± 1.9312808615530384e-5
t01: 3503.76882474269 ± 0.00034715073249137334
ecos1: 0.005937261411633481 ± 0.0331736320927785
esin1: -0.029258340551740234 ± 0.024293766572246984
mu_2: 2.9231996139556984e-6 ± 3.64165848764454e-7
P_2: 365.2563610107541 ± 7.351964777921311e-5
t02: 3624.408393661558 ± 0.0007646317824449139
ecos2: 0.015607033172330607 ± 0.0268855067431525
esin2: -0.01871717436262455 ± 0.019066254211291066
mu_3: 2.2883414785135913e-6 ± 1.8984202985722155e-6
P_3: 879.8702460531596 ± 5.255665446956368
t03: 356.09620452516134 ± 57.83947440843789
ecos3: 0.39379191008438 ± 0.30169058937112925
esin3: -0.18059706500514677 ± 0.29627439940115613
mu_4: 0.0011384055777484494 ± 0.0007411243676691511
P_4: 4956.174694062059 ± 614.9415486076041
t04: 18.95146038629879 ± 954.2624802521678
ecos4: 0.006084710369312582 ± 0.07932280536044578
esin4: 0.009956145691870826 ± 0.039924710562574836
Retrieved Earth masses:
[1.6206062576738383, 0.973186397540887, 0.7618305603169047, 378.99595287995817]
 ± [0.2748898023592137, 0.12123744433139128, 0.6320186971035872, 246.7338015708426]
Retrieved eccentricity:
[0.008396555611686497, 0.022071677980716735, 0.5569058599941366, 0.008605079927394059]
 ± [0.04691460041878272, 0.03802184826743957, 0.4266549231289833, 0.11217938714622366]
