Global Fit Results.
chi^2: 117.79126163009167
per 3 range=[1826.25 - 8035.5, length=300]
mu_1: 3.51075133827832e-6 ± 2.3823399424775086e-7
P_1: 224.70079046170943 ± 5.773425805009606e-6
t01: 3503.769324811236 ± 0.00011715419969423368
ecos1: -0.08373326192489003 ± 0.02085262361682448
esin1: -0.04774103361108622 ± 0.010305595568196449
mu_2: 2.5561428710781085e-6 ± 1.3302497169074943e-7
P_2: 365.25648484099185 ± 1.2192974966397253e-5
t02: 3624.408397799706 ± 0.00015481940460583077
ecos2: -0.0541552289125803 ± 0.016477483200826367
esin2: -0.03499892009874649 ± 0.007973086063666734
mu_3: 0.0005525298271109774 ± 0.00013673278000574462
P_3: 4278.007689049103 ± 49.327823105186965
t03: 1453.8114857018793 ± 139.02999721878632
ecos3: -0.022588479627426754 ± 0.03686144702203863
esin3: 0.11000469672367495 ± 0.03639695871805508
Retrieved Earth masses:
[1.1687930688173338, 0.8509865219016222, 183.94724377114346]
 ± [0.07931243611516799, 0.0442864361245297, 45.520833050287166]
Retrieved eccentricity:
[0.09638706055709502, 0.06448033209167285, 0.11229992303268233]
