Global Fit Results.
chi^2: 142.33994669307606
per 4 range=[547.875 - 1826.25, length=500]
mu_1: 1.536716889195216e-6 ± 1.9345082612668567e-7
P_1: 224.70079120621875 ± 1.980286411517092e-6
t01: 3503.769317422992 ± 3.964921968395664e-5
ecos1: 0.009224417296764188 ± 0.005737467133468009
esin1: -0.0026164605271966675 ± 0.005396768861876607
mu_2: 3.107653602051811e-6 ± 5.3149827379679174e-8
P_2: 365.25645976656403 ± 4.225723955885058e-6
t02: 3624.4085927883675 ± 5.298171084343464e-5
ecos2: 0.01972999573648466 ± 0.0044560169965397614
esin2: 0.0011510168354817302 ± 0.004296756142999021
mu_3: 5.3409913544604104e-8 ± 7.900041498919788e-8
P_3: 624.468366619041 ± 0.43982193986610574
t03: -216.88171483419185 ± 252.21219300197296
ecos3: 0.6314086012674998 ± 0.8698595581327988
esin3: -0.836811176523418 ± 1.2811083392969667
mu_4: 0.0005382106528798193 ± 7.321410211967568e-5
P_4: 4242.931084140424 ± 21.47561251790326
t04: 474.4815932338413 ± 81.9002093760354
ecos4: -0.06485900581415985 ± 0.025830445927210673
esin4: -0.06889305642797426 ± 0.01728174426130061
tsin: -0.00017716139031012104 ± 7.532025194214018e-5
tcos: -0.0022703138738952994 ± 0.00010509480309480726
dphi: 2.3017523831852236 ± 0.0032793972799444295
Retrieved Earth masses:
[0.5116010436975911, 1.0345944900058397, 0.017781133080100094, 179.18012984595933]
 ± [0.06440330372265536, 0.0176945456583294, 0.026300677141762152, 24.374308189860624]
Retrieved eccentricity:
[0.009588312685515663, 0.019763541472045572, 1.048298510401063, 0.09461999714219646]
