Global Fit Results.
per 3 range=[1826.25 - 5478.75, length=200]
mu_1: 3.6426537230023275e-6 ± 4.1011543311416106e-7
P_1: 224.70077446070465 ± 7.202715755442551e-6
t01: 3503.7688228690326 ± 0.00019935587251573186
ecos1: -0.08203120921274235 ± 0.03737636844291531
esin1: -0.06537126882509442 ± 0.017607570236764514
mu_2: 2.5888566304003212e-6 ± 2.3656739229395878e-7
P_2: 365.25645864227187 ± 1.574218324233724e-5
t02: 3624.4074688082596 ± 0.0002684444088292041
ecos2: -0.049478919382316515 ± 0.029558591410653607
esin2: -0.05048157640133399 ± 0.013632054008332568
mu_3: 0.00039809588379390037 ± 0.00014780134482584258
P_3: 4225.774991666722 ± 83.97104382512501
t03: 1451.3286147599747 ± 273.50346583141084
ecos3: -0.0867645771074494 ± 0.07875559657053127
esin3: 0.12057481527103543 ± 0.07451649654452906
Retrieved Earth masses:
[1.2127057752927235, 0.8618775282608226, 132.53337102798102]
 ± [0.13653489793268006, 0.0787575939676108, 49.205759892707775]
Retrieved eccentricity:
[0.116009648606525, 0.06997375884203702, 0.12270364167892112]
 ± [0.05285816716422459, 0.041802160857591204, 0.11137723278282934]
