Global Fit Results.
per 3 range=[1826.25 - 5478.75, length=200]
mu_1: 3.7622950716519684e-6 ± 4.355953027025526e-7
P_1: 224.70077398378547 ± 8.633781512390936e-6
t01: 3503.76884372545 ± 0.00021150903040653902
ecos1: -0.07549055513547688 ± 0.03518988976843042
esin1: -0.05698729067671151 ± 0.018303311469728863
mu_2: 2.6246188986392905e-6 ± 2.3905774809265737e-7
P_2: 365.25645391625693 ± 1.8195859884754334e-5
t02: 3624.407539115733 ± 0.0002801006028811943
ecos2: -0.04475209264760979 ± 0.027886736128356713
esin2: -0.04439531182546462 ± 0.01406640849917435
mu_3: 0.0005168128095692975 ± 0.00020505664155073507
P_3: 4276.572642034322 ± 92.40706170035689
t03: 1357.7007967052743 ± 266.0837655067768
ecos3: -0.03327489849841267 ± 0.06338404799630926
esin3: 0.09579835336969666 ± 0.05941968502947759
Retrieved Earth masses:
[1.2525365595242932, 0.8737834387669743, 172.05639804636053]
 ± [0.14501761063425408, 0.07958667877480634, 68.2670910771464]
Retrieved eccentricity:
[0.1067597669036653, 0.06328901636682704, 0.04705781274304333]
 ± [0.049766019368928514, 0.03943780044304184, 0.08963858031448775]
