Global Fit Results.
chi^2: 4.4214658949181755
per 4 range=[547.875 - 1826.25, length=200]
mu_1: 4.879892023547599e-6 ± 6.321023869262517e-7
P_1: 224.70077746674232 ± 1.4718648089483977e-5
t01: 3503.7688267813323 ± 0.00026284692750494113
ecos1: 0.006512582592349048 ± 0.025310719536936976
esin1: -0.029200281710032534 ± 0.018208974296922687
mu_2: 2.926397633783759e-6 ± 2.73806783472257e-7
P_2: 365.2563597498171 ± 5.667249591691234e-5
t02: 3624.408406672585 ± 0.0005887790166295469
ecos2: 0.01609198511706667 ± 0.020522396292085413
esin2: -0.018672511289796963 ± 0.014274993988225059
mu_3: 2.291509238121758e-6 ± 1.4144438754975884e-6
P_3: 879.8646600980292 ± 3.9440802925983207
t03: 355.969252468869 ± 43.63368506269869
ecos3: 0.3923869282464605 ± 0.2237160787764888
esin3: -0.18171628901564255 ± 0.22246234929425598
mu_4: 0.0011303126202712804 ± 0.0005576601148683728
P_4: 4967.156754669362 ± 470.3112241094424
t04: -2.0080027240199234 ± 727.2694932616231
ecos4: 0.0047230420179652545 ± 0.061058933251685994
esin4: 0.009611615333836282 ± 0.029924057171026242
Retrieved Earth masses:
[1.6246049418289128, 0.9742510765935513, 0.7628851651911764, 376.3016599226599]
 ± [0.21043839834711933, 0.09115526560604623, 0.4708941302357912, 185.65521001372636]
Retrieved eccentricity:
[0.009210182628174952, 0.022757503598061682, 0.5549189156240629, 0.0066793900774644544]
 ± [0.035794762842557934, 0.02902305116866251, 0.3163823127266382, 0.08635037150856788]
