Global Fit Results.
per 3 range=[1826.25 - 5478.75, length=200]
mu_1: 3.469302411254129e-6 ± 6.798615605852385e-7
P_1: 224.70078827884666 ± 1.536174220317719e-5
t01: 3503.768652960304 ± 0.00031109981851873793
ecos1: -0.09909319716044093 ± 0.06517358382469754
esin1: -0.05230801917210926 ± 0.027921219505762623
mu_2: 2.5945460435241094e-6 ± 3.796702354948366e-7
P_2: 365.25647262715324 ± 3.245817144995622e-5
t02: 3624.407329904462 ± 0.00041024626870120887
ecos2: -0.06421696345316537 ± 0.05131793319166811
esin2: -0.03894653838353193 ± 0.021578732776982263
mu_3: 0.0004499061308041481 ± 0.0002949456419020508
P_3: 4218.974276806887 ± 131.6749330213748
t03: 1542.961674562875 ± 383.7041360166026
ecos3: -0.06700187674559553 ± 0.12468424094331128
esin3: 0.12707060925800645 ± 0.11710384913382292
Retrieved Earth masses:
[1.1549939660191426, 0.8637716375223413, 149.78194598088214]
 ± [0.22633829719112059, 0.1263991370862024, 98.19277662144334]
Retrieved eccentricity:
[0.14013894336320665, 0.09081650064988385, 0.09475496279807169]
 ± [0.09216936615334703, 0.07257451711261345, 0.17633014455622556]
