Global Fit Results.
per 3 range=[1826.25 - 5478.75, length=200]
mu_1: 3.762295623314298e-6 ± 6.533911266893855e-7
P_1: 224.70077398373923 ± 1.2950685250026037e-5
t01: 3503.768843726967 ± 0.0003172639886410234
ecos1: -0.07549061719330327 ± 0.05278373175711791
esin1: -0.05698718920734813 ± 0.027455290465417795
mu_2: 2.624617962750101e-6 ± 3.585840711406313e-7
P_2: 365.25645391607594 ± 2.7293643473867744e-5
t02: 3624.407539119564 ± 0.00042014897818162523
ecos2: -0.04475214670890629 ± 0.04182919568990981
esin2: -0.044395233658234834 ± 0.021099824376412796
mu_3: 0.0005168157178925447 ± 0.0003075932459324576
P_3: 4276.577010475754 ± 138.61003626690666
t03: 1357.6933111395 ± 399.11239179777954
ecos3: -0.033274175467605985 ± 0.09507725966707795
esin3: 0.09579790513133475 ± 0.08912909521888109
Retrieved Earth masses:
[1.2525367431827314, 0.8737831271924158, 172.0573662801446]
 ± [0.2175258075884725, 0.11937916888839081, 102.40339437916099]
Retrieved eccentricity:
[0.10675985466668504, 0.06328909282104575, 0.04705679022307051]
 ± [0.07464746932357959, 0.059155415847828664, 0.1344595500944501]
