Global Fit Results.
chi^2: 3.5589140022123167
per 4 range=[547.875 - 1826.25, length=200]
mu_1: 2.4904814624392815e-6 ± 1.1602666042639062e-6
P_1: 224.7007748052802 ± 1.3020250117237765e-5
t01: 3503.7688167050915 ± 0.0003626006275210455
ecos1: 0.005292442780060232 ± 0.02476284751031484
esin1: -0.0014227234409166475 ± 0.02871990970116126
mu_2: 3.1455523092524646e-6 ± 3.871280217314053e-7
P_2: 365.2564524335113 ± 2.9802293475292774e-5
t02: 3624.4075546437884 ± 0.0005039495755542781
ecos2: 0.017269749826895022 ± 0.0192832854693959
esin2: 0.0010287055196899191 ± 0.02298331338877273
mu_3: 8.311704580968395e-5 ± 3.559689578659844e-5
P_3: 1733.7828341382647 ± 10.919939090696726
t03: 729.3215928732942 ± 52.033805907628334
ecos3: 0.28314976057768476 ± 0.07090166280712096
esin3: 0.005788051506577752 ± 0.07498950051830154
mu_4: 0.0007865666181961328 ± 0.0004869368481661115
P_4: 4225.818770512693 ± 150.7381716865589
t04: 631.6849729095629 ± 396.1699036381241
ecos4: 0.013972693556934954 ± 0.07450350389039004
esin4: -0.03615610365598082 ± 0.05159381911059117
Retrieved Earth masses:
[0.8291266429437808, 1.0472116599575527, 27.671178526295837, 261.86235450146506]
 ± [0.3862738868053577, 0.12888196996786624, 11.850855004499575, 162.11014630486798]
Retrieved eccentricity:
[0.0074846443576447475, 0.024423114423985353, 0.40043423159165653, 0.019760372731100574]
 ± [0.03501995479206408, 0.027270683837931717, 0.10027009313663451, 0.10536386564610624]
