Global Fit Results.
per 3 range=[1826.25 - 5478.75, length=200]
mu_1: 3.762295545956358e-6 ± 7.260009495422227e-7
P_1: 224.70077398378487 ± 1.438963434338342e-5
t01: 3503.768843725236 ± 0.00035251527045575374
ecos1: -0.07549039682522325 ± 0.05864985092656927
esin1: -0.056988137382207 ± 0.030505914658449026
mu_2: 2.624619491943362e-6 ± 3.9843048000496435e-7
P_2: 365.2564539162679 ± 3.0326303858974522e-5
t02: 3624.407539115599 ± 0.00046683274009927855
ecos2: -0.04475196637947789 ± 0.04647802046027638
esin2: -0.04439597053002303 ± 0.023444287390741256
mu_3: 0.000516806004773516 ± 0.0003417614842147858
P_3: 4276.573460176691 ± 154.01278611693888
t03: 1357.696514291875 ± 443.46992818644355
ecos3: -0.033277805113916294 ± 0.10564305079523055
esin3: 0.0957988989255218 ± 0.0990336012441808
Retrieved Earth masses:
[1.252536717428864, 0.8737836362887067, 172.05413260589557]
 ± [0.2416989402034611, 0.13264476420131124, 113.77862327750523]
Retrieved eccentricity:
[0.10675954301915756, 0.06328883779672241, 0.04706192331810916]
 ± [0.0829434146115145, 0.06572984688717706, 0.14940183520508482]
