Global Fit Results.
per 3 range=[1826.25 - 5478.75, length=200]
mu_1: 3.4801084855111303e-6 ± 9.673281034902134e-7
P_1: 224.7007886779082 ± 3.238860556233933e-5
t01: 3503.7687324119674 ± 0.0004991978278204469
ecos1: -0.10668586365966803 ± 0.08740281395250137
esin1: -0.026571158608595807 ± 0.03887431634051543
mu_2: 2.5009783640650696e-6 ± 5.178385006884009e-7
P_2: 365.2564091734488 ± 7.268443061089525e-5
t02: 3624.4079094087183 ± 0.0007044550104906974
ecos2: -0.06951053137876813 ± 0.06742277170140762
esin2: -0.018900681970589257 ± 0.03061670471654999
mu_3: 0.0008014739152521111 ± 0.0008125533822470484
P_3: 4646.421897373977 ± 414.686296408839
t03: 1105.0069941315423 ± 595.7675987599988
ecos3: 0.00686136280665361 ± 0.11325141791944805
esin3: 0.09793722981140382 ± 0.1147914387086197
Retrieved Earth masses:
[1.1585915049718452, 0.8326212526959756, 266.8252652276838]
 ± [0.32204114552471547, 0.1723978693028647, 270.5138216026915]
Retrieved eccentricity:
[0.15087659530098946, 0.09830273620361447, 0.00970343233753186]
 ± [0.12360624488119981, 0.09535019815291557, 0.1601616911796668]
