Global Fit Results.
per 3 range=[1826.25 - 5478.75, length=200]
mu_1: 3.829647068738143e-6 ± 4.601078242081269e-7
P_1: 224.70077942010104 ± 9.740699560335719e-6
t01: 3503.768746814515 ± 0.00022020534002791648
ecos1: -0.06711367645885943 ± 0.03809681679980313
esin1: -0.05579811956487048 ± 0.018332152405339253
mu_2: 2.678666023690918e-6 ± 2.611468002284326e-7
P_2: 365.2564794236166 ± 2.088014063046673e-5
t02: 3624.4072679048427 ± 0.0002939640342526484
ecos2: -0.03814865006361244 ± 0.0301947431762685
esin2: -0.0422653333614344 ± 0.014179300924141252
mu_3: 0.0004310351328718018 ± 0.00019034831977591204
P_3: 4211.023300819411 ± 103.47140569171609
t03: 1318.3242634510302 ± 339.82209820062207
ecos3: -0.10962308309893505 ± 0.10738946066446144
esin3: 0.07562995193047294 ± 0.07689426856959031
Retrieved Earth masses:
[1.2749592661703102, 0.8917767111645644, 143.49944703414417]
 ± [0.15317827553882155, 0.0869405265826946, 63.370422846357165]
Retrieved eccentricity:
[0.09491307146883893, 0.05395033830618595, 0.15503045086766676]
 ± [0.05387703500152476, 0.042701815312251375, 0.15187163172761337]
