Global Fit Results.
chi^2: 1.7675184042208965
per 4 range=[547.875 - 1826.25, length=200]
mu_1: 2.3007068605350946e-6 ± 1.4318274246874252e-6
P_1: 224.70078830381658 ± 2.1260410517176608e-5
t01: 3503.768645309464 ± 0.0004289145076649995
ecos1: 0.017354001775038253 ± 0.03529031628614565
esin1: -0.0016446426817248044 ± 0.03792193084639884
mu_2: 3.2972216625711738e-6 ± 4.923209853139907e-7
P_2: 365.25645939129777 ± 4.637746998561226e-5
t02: 3624.407468437653 ± 0.0005823589990532241
ecos2: 0.025303570375898494 ± 0.027311257921094106
esin2: 0.0006871063067946383 ± 0.0300940156021269
mu_3: 8.408342966788658e-5 ± 4.181540342183737e-5
P_3: 1737.1754693779683 ± 17.648939726849697
t03: 724.7353326056984 ± 65.69719296822062
ecos3: 0.3031243947645272 ± 0.08679475826379289
esin3: 0.027788902980481575 ± 0.10513434465058027
mu_4: 0.0006534624281909333 ± 0.0005235472903870937
P_4: 4172.3636039271305 ± 206.53923891062334
t04: 676.6931847433731 ± 473.94904609641407
ecos4: -0.002283435555805986 ± 0.11395311607384584
esin4: -0.05653485962539326 ± 0.07943263529252817
Retrieved Earth masses:
[0.7659472212271868, 1.097705150333276, 27.992905315364897, 217.549545157094]
 ± [0.4766814304022821, 0.16390262363340738, 13.921109466332023, 174.29842937911323]
Retrieved eccentricity:
[0.024542264671705862, 0.03578465240205773, 0.4286826301621304, 0.003229265531825772]
 ± [0.049908043912303295, 0.0386239513574809, 0.12274632427955018, 0.16115404222630833]
