Global Fit Results.
per 3 range=[1826.25 - 5478.75, length=200]
mu_1: 3.469330819963277e-6 ± 1.019768203257935e-6
P_1: 224.7007882787257 ± 2.3042570952448864e-5
t01: 3503.7686529630587 ± 0.00046664848255346584
ecos1: -0.09908998447360934 ± 0.09775508653719778
esin1: -0.05230791452511338 ± 0.04188114843195534
mu_2: 2.594560920073525e-6 ± 5.694912296908637e-7
P_2: 365.25647262714796 ± 4.8687383874834145e-5
t02: 3624.4073299065594 ± 0.0006153710076495102
ecos2: -0.06421443835443624 ± 0.07697283376238942
esin2: -0.038946532719238085 ± 0.032367656039140234
mu_3: 0.00044992004331829 ± 0.000442417672311186
P_3: 4218.9788394933275 ± 197.51100815944986
t03: 1542.9403793863444 ± 575.539551021011
ecos3: -0.06699713631299213 ± 0.18701959689541106
esin3: 0.1270645423440908 ± 0.17564425365915295
Retrieved Earth masses:
[1.1550034237958824, 0.8637765901966179, 149.78657771025632]
 ± [0.339499409933342, 0.1895940036417851, 147.28890174637007]
Retrieved eccentricity:
[0.14013439993791774, 0.09081292962101478, 0.09474825881399244]
 ± [0.13824656917186065, 0.10885602544106078, 0.2644856503590395]
