Global Fit Results.
chi^2: 40.403740223215344
per 4 range=[547.875 - 1826.25, length=200]
mu_1: 2.3526740199638975e-6 ± 3.5315803375631083e-7
P_1: 224.70077656476 ± 4.313772166995666e-6
t01: 3503.7687942158104 ± 0.0001054646046823315
ecos1: 0.005416416290578877 ± 0.006487891983514157
esin1: -0.00249356807973702 ± 0.0075430787754681514
mu_2: 3.159983542520528e-6 ± 1.1224897559564503e-7
P_2: 365.2564611813564 ± 9.198730128060986e-6
t02: 3624.4074817341166 ± 0.00014114631454674822
ecos2: 0.017135913580143176 ± 0.005084317569365259
esin2: 0.00023588998316962655 ± 0.0060358102452313855
mu_3: 8.431089211130385e-5 ± 1.0350648794644929e-5
P_3: 1732.948907265458 ± 3.5916805812951056
t03: 735.7524608124544 ± 15.854682084258217
ecos3: 0.2840912374734926 ± 0.019257745888812194
esin3: 0.014877922899329068 ± 0.02099700234909116
mu_4: 0.0008889531904870925 ± 0.00014732209875867005
P_4: 4233.894585807684 ± 44.579639721108514
t04: 610.0766707792881 ± 105.13477545964902
ecos4: 0.03048015606421469 ± 0.01746112780592024
esin4: -0.037469953413203694 ± 0.012439495213133278
Retrieved Earth masses:
[0.7832480351823834, 1.0520160803772771, 28.068631706004897, 295.9487093876315]
 ± [0.1175727422079277, 0.03736972858988489, 3.4459195207132653, 49.04621014748318]
Retrieved eccentricity:
[0.007659969377595219, 0.02423384138869178, 0.4017656809863689, 0.043105450089260956]
 ± [0.009175264834297403, 0.0071903108620081585, 0.02723456541669292, 0.024693763757462368]
