Global Fit Results.
chi^2: 0.6981680617347674
per 4 range=[547.875 - 1826.25, length=200]
mu_1: 2.6642301579578306e-6 ± 8.857728844829542e-7
P_1: 224.70087268229227 ± 7.478636971949199e-5
t01: 3503.76824311124 ± 0.00147345562768278
ecos1: -0.0851948645960938 ± 0.08841198975532585
esin1: 0.006640620709918882 ± 0.054937878799941796
mu_2: 2.5713950461462916e-6 ± 5.406996761260139e-7
P_2: 365.2563847164844 ± 0.00011716190489581469
t02: 3624.4082297022874 ± 0.0010343981441372741
ecos2: -0.05541484221495577 ± 0.06807885759714404
esin2: 0.007365958794141661 ± 0.04330042676663978
mu_3: 5.031637380552539e-7 ± 8.263485726690714e-7
P_3: 669.7064412391163 ± 7.739215789543076
t03: 56.06765565016679 ± 136.17844506394792
ecos3: -0.43815004301354143 ± 0.5272094085253856
esin3: 0.013229122800285075 ± 0.4223037801781905
mu_4: 0.001034358705410923 ± 0.001385848192087146
P_4: 5228.647989277687 ± 974.3222070999976
t04: 609.8708340350325 ± 1192.2808643695093
ecos4: 0.03623322726224348 ± 0.13149440599253845
esin4: 0.10912461551052789 ± 0.15298452639132476
Retrieved Earth masses:
[0.8869707485128534, 0.8560642488000539, 0.16751237352161888, 344.356853865939]
 ± [0.2948899275896082, 0.18000877102215385, 0.2751064917734541, 461.37410635833515]
Retrieved eccentricity:
[0.12048373295633527, 0.07836842141715557, 0.6196377331841052, 0.05124152140281129]
 ± [0.12503343498837297, 0.09627804372474771, 0.7455866957472979, 0.18596117233084186]
