Global Fit Results.
per 3 range=[1826.25 - 5478.75, length=200]
mu_1: 3.7089538088939443e-6 ± 1.8954047690521754e-7
P_1: 224.70078087741229 ± 7.119687648616951e-6
t01: 3503.7688141105705 ± 0.00012850904093839448
ecos1: -0.07059584792103717 ± 0.011720340968467703
esin1: -0.03075503028709428 ± 0.00790128337303024
mu_2: 2.6808413359424766e-6 ± 1.1515013552973848e-7
P_2: 365.25640635593544 ± 1.8407452537001167e-5
t02: 3624.407944958356 ± 0.0001965987919738409
ecos2: -0.04183059956546779 ± 0.009029735102380438
esin2: -0.023201600524271546 ± 0.006257787893950593
mu_3: 0.001036289182834892 ± 0.00022617240565347244
P_3: 4684.313771993496 ± 119.09531315558611
t03: 925.3833110821657 ± 173.40770879321084
ecos3: 0.0355728717115453 ± 0.01861805086583651
esin3: 0.0670786581717959 ± 0.01801060747574852
Retrieved Earth masses:
[1.2347782815415191, 0.8925009122364016, 344.9995449640075]
 ± [0.06310147723985224, 0.03833557757654706, 75.29691357040346]
Retrieved eccentricity:
[0.09983760557715923, 0.05915740122768264, 0.05030763762702558]
 ± [0.01657506515324404, 0.012769973846422823, 0.02632990003941814]
