Global Fit Results.
per 3 range=[1826.25 - 5478.75, length=200]
mu_1: 3.829710229567251e-6 ± 8.435555285239047e-7
P_1: 224.7007794206184 ± 1.785797004449863e-5
t01: 3503.7687468030094 ± 0.00040371013472348356
ecos1: -0.06710737506433244 ± 0.06984372594852965
esin1: -0.055798896523085506 ± 0.033608703329923835
mu_2: 2.678696977826986e-6 ± 4.787793664219918e-7
P_2: 365.25647942425536 ± 3.828014349430111e-5
t02: 3624.40726789047 ± 0.0005389332632285187
ecos2: -0.03814364782726309 ± 0.05535677008550884
esin2: -0.04226597003149422 ± 0.025995192208017777
mu_3: 0.00043101491197379007 ± 0.00034896790799285115
P_3: 4211.007928257267 ± 189.71064962604663
t03: 1318.295729070527 ± 623.0683924896312
ecos3: -0.10963923750950164 ± 0.19690114079758442
esin3: 0.07562001852605867 ± 0.14098104857254784
Retrieved Earth masses:
[1.2749802935607941, 0.8917870163602908, 143.49271512887256]
 ± [0.28083500080207635, 0.15939437204379295, 116.17777301816837]
Retrieved eccentricity:
[0.094904159951237, 0.053943264075698494, 0.1550532966541822]
 ± [0.0987739444830803, 0.07828629502409584, 0.2784602637626782]
