Global Fit Results.
per 3 range=[1826.25 - 5478.75, length=200]
mu_1: 3.8296144337268905e-6 ± 6.901611450555115e-7
P_1: 224.70077942006512 ± 1.4611042896100219e-5
t01: 3503.7687468137456 ± 0.00033030802380796447
ecos1: -0.0671169717834541 ± 0.05714669451875182
esin1: -0.055798506132397584 ± 0.027498744789532705
mu_2: 2.678649542006322e-6 ± 3.9172416679741644e-7
P_2: 365.2564794239782 ± 3.132011993266846e-5
t02: 3624.4072678971575 ± 0.000440944804320735
ecos2: -0.03815127358479466 ± 0.04529323683729418
esin2: -0.04226556932711425 ± 0.021269353458324237
mu_3: 0.00043102710119794873 ± 0.0002855205770917992
P_3: 4211.013955833331 ± 155.20852487157865
t03: 1318.3689537367543 ± 509.7256977098657
ecos3: -0.10962391046516261 ± 0.1610859447733325
esin3: 0.07563757087806623 ± 0.11534302809487314
Retrieved Earth masses:
[1.2749484013806176, 0.8917712241115485, 143.4967731436216]
 ± [0.22976721646811418, 0.13041211037908298, 95.05500086863869]
Retrieved eccentricity:
[0.09491773176157313, 0.053954048525423015, 0.15503162094020684]
 ± [0.08081763043321104, 0.0640543098190781, 0.22780992780613019]
