Global Fit Results.
per 3 range=[1826.25 - 5478.75, length=200]
mu_1: 3.6267480393237485e-6 ± 4.271905098186401e-7
P_1: 224.7007753620582 ± 7.786457773134393e-6
t01: 3503.7688102858415 ± 0.00020394234315450292
ecos1: -0.08574325590818274 ± 0.03856346979899979
esin1: -0.06564406703140793 ± 0.01790103047574803
mu_2: 2.583623990080477e-6 ± 2.4221724567529995e-7
P_2: 365.2564555377503 ± 1.6598599500722942e-5
t02: 3624.407497615562 ± 0.0002717354871171452
ecos2: -0.05242841367579467 ± 0.030488712463720646
esin2: -0.050616720061694154 ± 0.013839477593742254
mu_3: 0.00040728727538477693 ± 0.0001522419697657307
P_3: 4227.740220994876 ± 87.25780064873929
t03: 1455.1489699102822 ± 273.2225449730805
ecos3: -0.08419616663555135 ± 0.07737748176982329
esin3: 0.11994968327071005 ± 0.07414142831058747
Retrieved Earth masses:
[1.2074104834742376, 0.8601354869858496, 135.59335270970013]
 ± [0.14221950198997182, 0.0806385330702885, 50.68412482114042]
Retrieved eccentricity:
[0.12125927538737905, 0.07414497367401587, 0.11907136075582181]
 ± [0.05453698200191076, 0.04311755066548736, 0.10942828414116101]
