Global Fit Results.
chi^2: 159.14214398215432
per 4 range=[547.875 - 1826.25, length=200]
mu_1: 4.867698639721745e-6 ± 1.0321751106226853e-7
P_1: 224.7007776173809 ± 2.417993762494094e-6
t01: 3503.768824801358 ± 4.345872939039348e-5
ecos1: 0.005927633267150361 ± 0.004146606754343885
esin1: -0.029245338397013054 ± 0.003036322795557568
mu_2: 2.923166679669089e-6 ± 4.5504376824526206e-8
P_2: 365.2563609710472 ± 9.203432309027343e-6
t02: 3624.4083940539676 ± 9.569332885076805e-5
ecos2: 0.015600367851818982 ± 0.003360695442948181
esin2: -0.018706990937360113 ± 0.0023829782188360808
mu_3: 2.2884072141050495e-6 ± 2.3732910436971556e-7
P_3: 879.8707392469424 ± 0.657173972462281
t03: 1235.9488809812108 ± 6.965782899187619
ecos3: 0.39367077746469414 ± 0.03771560512475679
esin3: -0.18069230011113435 ± 0.03699848762249221
mu_4: 0.0011386954093834964 ± 9.267736248292282e-5
P_4: 4956.58007289384 ± 77.11150659336958
t04: 18.264703261485792 ± 119.53534450046341
ecos4: 0.006090245724707691 ± 0.009920296366060377
esin4: 0.00994737753449355 ± 0.0049861782199292016
Retrieved Earth masses:
[1.6205455422509074, 0.9731754331169771, 0.7618524448926743, 379.0924431105459]
 ± [0.034362989538677495, 0.015149235906704939, 0.07901118179220894, 30.853982087900444]
Retrieved eccentricity:
[0.00838293935917798, 0.02206225179405163, 0.5567345526005311, 0.008612908102066375]
 ± [0.005864187509821003, 0.004752741074422774, 0.053337920280539255, 0.014029417663643115]
