Global Fit Results.
chi^2: 47.84762158839658
per 4 range=[547.875 - 1826.25, length=200]
mu_1: 2.4905010029598642e-6 ± 3.1643039793222344e-7
P_1: 224.7007748053129 ± 3.5509838030076828e-6
t01: 3503.768816704044 ± 9.889111005793675e-5
ecos1: 0.005292254654066636 ± 0.006753503328039175
esin1: -0.0014222881260949843 ± 0.007832756644163922
mu_2: 3.1455507185961085e-6 ± 1.0558022744400087e-7
P_2: 365.25645243366176 ± 8.127916676150716e-6
t02: 3624.407554641753 ± 0.00013744066936281484
ecos2: 0.01726962059567076 ± 0.005259077981471816
esin2: 0.001029053306363713 ± 0.006268206475216763
mu_3: 8.311661192609467e-5 ± 9.708028814666664e-6
P_3: 1733.7827651308576 ± 2.9781940061078767
t03: 729.3214631276074 ± 14.191205082746341
ecos3: 0.28314957430106763 ± 0.019336937731145528
esin3: 0.005788675794458906 ± 0.02045190050675708
mu_4: 0.0007865624090725624 ± 0.00013279995493306973
P_4: 4225.817619612466 ± 41.108856276751524
t04: 631.6818941205308 ± 108.04286433576395
ecos4: 0.013972179038630324 ± 0.020319202031559482
esin4: -0.03615684908309939 ± 0.014071342164996474
Retrieved Earth masses:
[0.8291331483390133, 1.047211130399078, 27.671034078545777, 261.86095320755925]
 ± [0.1053454432485283, 0.03514958085901412, 3.231979624061267, 44.21152394721988]
Retrieved eccentricity:
[0.007484378307313169, 0.024422931663435316, 0.4004339681567382, 0.019759645092336076]
 ± [0.009550896000044835, 0.007437459406975163, 0.02734655959415003, 0.028735691089630366]
