Global Fit Results.
chi^2: 0.8042889014179665
per 4 range=[547.875 - 1826.25, length=200]
mu_1: 5.3925673858459915e-6 ± 2.166698878996272e-6
P_1: 224.70080531684894 ± 2.306977803467998e-5
t01: 3503.76844548843 ± 0.00038520284131487667
ecos1: 0.0019372676470191484 ± 0.09386821420343709
esin1: -0.007924704815940379 ± 0.028861607142384397
mu_2: 3.0287790192570384e-6 ± 6.701942687478115e-7
P_2: 365.2564937427052 ± 5.7449372130873376e-5
t02: 3624.407091079794 ± 0.0005583958863875908
ecos2: 0.015751904720489072 ± 0.07351291887190578
esin2: -0.0021344298284272493 ± 0.02296888384585149
mu_3: 6.021925743128284e-7 ± 4.296052673830433e-7
P_3: 626.2002736831582 ± 2.556671035426846
t03: 173.07045267042287 ± 41.61802277010426
ecos3: 0.08940163451191922 ± 0.2503725097139434
esin3: -0.16921527973054326 ± 0.1542065230908755
mu_4: 9.725377890730165e-6 ± 0.0002822943120338622
P_4: 3545.7730053384225 ± 205.02702029800642
t04: 18.811142373547227 ± 44089.786742769116
ecos4: -8.749299482990482 ± 258.4238267790101
esin4: -1.4166883313764371 ± 39.18540634742339
Retrieved Earth masses:
[1.7952839083152237, 1.008335704693634, 0.20048087692113933, 3.2377554474960726]
 ± [0.7213335232187179, 0.22311987964880609, 0.14302341876794927, 93.98091846446204]
Retrieved eccentricity:
[0.0027397101803610935, 0.02227655728892442, 0.12643300402507873, 12.373377990109049]
 ± [0.13274970160224353, 0.1039629668782822, 0.35408019888284825, 365.4664806712315]
