Global Fit Results.
chi^2: 1.4852064378239436
per 4 range=[547.875 - 1826.25, length=200]
mu_1: 2.300709906201472e-6 ± 1.5619662262739073e-6
P_1: 224.70078830380479 ± 2.3193200832082508e-5
t01: 3503.7686453097485 ± 0.0004679068934508426
ecos1: 0.017353993493780268 ± 0.038498779193319385
esin1: -0.001644773229919464 ± 0.04136928840807344
mu_2: 3.2972215324451058e-6 ± 5.370808182692433e-7
P_2: 365.2564593912733 ± 5.059347677462644e-5
t02: 3624.4074684385027 ± 0.0006352972886444576
ecos2: 0.025303566907370262 ± 0.02979426233098041
esin2: 0.000686997124804428 ± 0.03282982910383042
mu_3: 8.408334682065931e-5 ± 4.5616346406021345e-5
P_3: 1737.1753941593047 ± 19.253806534442617
t03: 724.7354573925589 ± 71.67038423788284
ecos3: 0.3031244184494129 ± 0.09468519115442853
esin3: 0.02778806414684599 ± 0.11469013657212355
mu_4: 0.0006534622719231072 ± 0.0005711436695469413
P_4: 4172.365178421076 ± 225.31226919846515
t04: 676.6911752276151 ± 517.0186212812462
ecos4: -0.002283671186005711 ± 0.12431303303923935
esin4: -0.05653473352516425 ± 0.0866524273628103
Retrieved Earth masses:
[0.7659482351850007, 1.097705107011938, 27.992877734013877, 217.5494931326883]
 ± [0.5200070079275383, 0.17880398732417116, 15.186512619909605, 190.14413096905065]
Retrieved eccentricity:
[0.024542252960238507, 0.03578464749681806, 0.4286826636576169, 0.0032295987632499274]
 ± [0.0544454956699994, 0.04213544986937432, 0.13390508148648184, 0.17580517730382694]
