Global Fit Results.
chi^2: 2.6403669989592395
per 4 range=[547.875 - 1826.25, length=200]
mu_1: 2.300690374645538e-6 ± 1.171497038019518e-6
P_1: 224.70078830374732 ± 1.7394869313349963e-5
t01: 3503.7686453108545 ± 0.00035092957832439867
ecos1: 0.017353906761157275 ± 0.028873707287823982
esin1: -0.0016451335673880133 ± 0.031026784185170464
mu_2: 3.297221611071704e-6 ± 4.0280652225701714e-7
P_2: 365.2564593913602 ± 3.7945232458895506e-5
t02: 3624.4074684371985 ± 0.0004764743799556722
ecos2: 0.025303478139016355 ± 0.022345432818013853
esin2: 0.0006867080468700749 ± 0.024622183281226895
mu_3: 8.408388809067934e-5 ± 3.421279730197146e-5
P_3: 1737.1754959591128 ± 14.440012531551416
t03: 724.7353280820178 ± 53.75203114278705
ecos3: 0.30312405536556397 ± 0.0710128811258004
esin3: 0.02778790274525045 ± 0.08601848847121737
mu_4: 0.0006534674342873075 ± 0.0004283623338497989
P_4: 4172.363951851674 ± 168.98671264930502
t04: 676.6998063885087 ± 387.77058860312616
ecos4: -0.0022828581366280847 ± 0.0932343141580404
esin4: -0.056533348484993716 ± 0.06498896732028897
Retrieved Earth masses:
[0.7659417327742633, 1.0977051331881647, 27.993057932662772, 217.55121177776297]
 ± [0.3900127027648521, 0.1341016283765904, 11.390063407625634, 142.60962355470892]
Retrieved eccentricity:
[0.02454213030178677, 0.03578452195940805, 0.4286821501795135, 0.0032284489377932095]
 ± [0.04083358844243155, 0.03160121414833204, 0.1004273795912953, 0.1318532315608546]
