Global Fit Results.
chi^2: 3.319710960273678
per 4 range=[547.875 - 1826.25, length=200]
mu_1: 2.6822575622667452e-6 ± 1.2288366833033462e-6
P_1: 224.70078182124897 ± 1.6247846946926724e-5
t01: 3503.7687048188964 ± 0.00036625947009558357
ecos1: -0.004658530068112341 ± 0.019716248929825708
esin1: -0.006122311932851972 ± 0.025364859385438324
mu_2: 3.0850553172836696e-6 ± 3.6942611788502835e-7
P_2: 365.25646825807195 ± 3.5688087215505544e-5
t02: 3624.4074147078427 ± 0.000501226141686812
ecos2: 0.00981598502010921 ± 0.01527202078373852
esin2: -0.002209286099285117 ± 0.02018236270013221
mu_3: 6.959058867805203e-5 ± 4.3603529275639466e-5
P_3: 1732.1767252838988 ± 16.323261140200767
t03: 160.7167562134605 ± 70.2833798876987
ecos3: 0.2979627663762319 ± 0.08793395952934602
esin3: 0.013391221865528708 ± 0.08464336851929667
mu_4: 0.0009094088290655421 ± 0.0005263397823420995
P_4: 4212.853363652654 ± 160.62847169370585
t04: 548.0116015224552 ± 443.66895674398506
ecos4: 0.0319414905581149 ± 0.06600566669466337
esin4: -0.05388911581769976 ± 0.04493040814718451
Retrieved Earth masses:
[0.8929723997763005, 1.0270711093789688, 23.167974562878918, 302.75876406967257]
 ± [0.4091021151209687, 0.12298868373738583, 14.516409133759305, 175.22810081615089]
Retrieved eccentricity:
[0.006588156403047331, 0.013881899143489583, 0.4213829852914732, 0.04517208914969825]
 ± [0.027882986635683536, 0.021597898917206797, 0.124357398159568, 0.09334610903307104]
