Global Fit Results.
chi^2: 157.09564452042153
per 3 range=[1826.25 - 8035.5, length=300]
mu_1: 3.2391541180829657e-6 ± 2.631017706226963e-7
P_1: 224.7007717841233 ± 5.2483296253615946e-6
t01: 3503.7697010854863 ± 0.00011229961357967603
ecos1: -0.11875772535405896 ± 0.02931572054017815
esin1: -0.05833280961320521 ± 0.010764116161718353
mu_2: 2.4147200287798795e-6 ± 1.466077382448921e-7
P_2: 365.25647087322784 ± 1.1018222652952358e-5
t02: 3624.4083698272684 ± 0.00014622566041221124
ecos2: -0.07955598704917932 ± 0.023143783954502593
esin2: -0.04290392575566504 ± 0.00833493894970646
mu_3: 0.0002925555092671924 ± 7.357773463873914e-5
P_3: 4082.35288247313 ± 51.585644890826416
t03: 1749.1466994848884 ± 155.59029608201573
ecos3: -0.14838348111773111 ± 0.06895768057302647
esin3: 0.15785931159005362 ± 0.05781579772552545
Retrieved Earth masses:
[1.078373407073344, 0.8039042816847239, 97.39705793105423]
 ± [0.08759137183671338, 0.04880838652037608, 24.495368079019958]
Retrieved eccentricity:
[0.13231067231573024, 0.09038750976001499, 0.21664999359404954]
