Global Fit Results.
chi^2: 67.10195320734884
per 4 range=[547.875 - 1826.25, length=500]
mu_1: 4.449860837871816e-6 ± 7.235736229320299e-8
P_1: 224.7007703996015 ± 3.298920174438969e-6
t01: 3503.769693475654 ± 5.03905424751834e-5
ecos1: -0.03140518506100156 ± 0.0024822963110546488
esin1: -0.02380414983183637 ± 0.002390752105050705
mu_2: 2.6460793771075177e-6 ± 4.126462788055868e-8
P_2: 365.25630936000016 ± 1.2096090226623501e-5
t02: 3624.4099973733237 ± 0.00011976486041489187
ecos2: -0.014898644890493777 ± 0.0016971566617089754
esin2: -0.015745413196741487 ± 0.0016292284428413171
mu_3: 1.8081578466450993e-7 ± 6.885817486626411e-7
P_3: 876.6097868204172 ± 1.0103099100214472
t03: -418.9272712830618 ± 3363.4728194023223
ecos3: 2.151785630421945 ± 7.360320692742744
esin3: -3.106966300999415 ± 12.097875235046683
mu_4: 0.002023912937915716 ± 0.00017620491116754962
P_4: 5416.287261635513 ± 124.98155417856653
t04: 14.473614079599262 ± 175.22538750190316
ecos4: 0.05962084855773762 ± 0.00442384085758404
esin4: 0.04984486582119253 ± 0.004964222966182159
Retrieved Earth masses:
[1.4814397271032125, 0.880928022951472, 0.06019686827272891, 673.7974825883508]
 ± [0.024089083896119527, 0.013737746256268748, 0.22924140664023634, 58.66182449857098]
Retrieved eccentricity:
[0.0394071465337478, 0.021676892219807647, 3.779341344048769, 0.0777120082836454]
