Global Fit Results.
chi^2: 4.48930446878272
per 4 range=[547.875 - 1826.25, length=200]
mu_1: 2.3526713678677814e-6 ± 1.0594807061725686e-6
P_1: 224.70077656475814 ± 1.29413078754076e-5
t01: 3503.768794216 ± 0.0003163937889636973
ecos1: 0.0054164309587202975 ± 0.0194636916911214
esin1: -0.0024933229284788954 ± 0.02262896507641009
mu_2: 3.159983836010494e-6 ± 3.367472504361058e-7
P_2: 365.2564611812142 ± 2.759616827603887e-5
t02: 3624.4074817368346 ± 0.0004234382352923985
ecos2: 0.017135921385387814 ± 0.015252975349632535
esin2: 0.00023608558620806378 ± 0.01810715160626841
mu_3: 8.431080577461835e-5 ± 3.1052051619840686e-5
P_3: 1732.9489502413749 ± 10.775042814382287
t03: 735.7522719884595 ± 47.56412507748852
ecos3: 0.2840919590534638 ± 0.05777328530363025
esin3: 0.014877940980972516 ± 0.06299083704002342
mu_4: 0.0008889559238009817 ± 0.0004419670021343609
P_4: 4233.896618425343 ± 133.73712875534383
t04: 610.0720302458232 ± 315.3945396743644
ecos4: 0.030480444833549128 ± 0.05238299144658816
esin4: -0.037469757078680374 ± 0.03731827435492616
Retrieved Earth masses:
[0.7832471522512784, 1.0520161780854325, 28.068602962949665, 295.94961935761245]
 ± [0.35272042551651184, 0.11210929351835885, 10.33779359708974, 147.13886543555174]
Retrieved eccentricity:
[0.007659990121479751, 0.0242338524269746, 0.40176670145455046, 0.043105858470770114]
 ± [0.02752581676343241, 0.021570964605992834, 0.08170376361924411, 0.07408073694143881]
