Global Fit Results.
chi^2: 99.84841590344243
per 3 range=[1826.25 - 8035.5, length=300]
mu_1: 3.392945255076217e-6 ± 2.578503452520529e-7
P_1: 224.70078053905647 ± 7.607878189145637e-6
t01: 3503.7694823337793 ± 0.0001309528746562055
ecos1: -0.1038503032571828 ± 0.024845066501178938
esin1: -0.05040694931857967 ± 0.01123729661256658
mu_2: 2.518681436724015e-6 ± 1.442712238793834e-7
P_2: 365.2564053017283 ± 1.8667532604168538e-5
t02: 3624.40912520177 ± 0.00019515225544304915
ecos2: -0.06698922748132205 ± 0.019393935997960587
esin2: -0.03804920096702887 ± 0.008720496340786971
mu_3: 0.0006598916712587878 ± 0.0001747803813862617
P_3: 4590.237303837797 ± 96.72874427912285
t03: 1120.9860291849336 ± 169.76434033130954
ecos3: -0.0005260065344247608 ± 0.02947234526919348
esin3: 0.11524115461667611 ± 0.037759264165997626
Retrieved Earth masses:
[1.1295732778825933, 0.83851492804545, 219.68995728298822]
 ± [0.08584307667615965, 0.0480305183285098, 58.187572586582895]
Retrieved eccentricity:
[0.11543719515916302, 0.07704088714944593, 0.11524235506209905]
