Global Fit Results.
chi^2: 100.06276661104538
per 4 range=[547.875 - 1826.25, length=500]
mu_1: 3.0798772404301343e-6 ± 3.1991462236676447e-7
P_1: 224.70077903622825 ± 4.299917844989502e-6
t01: 3503.7693419432103 ± 0.00010475712600040756
ecos1: -0.0041946050188220165 ± 0.00657835657688845
esin1: -0.007955164072053888 ± 0.008014902108650796
mu_2: 3.070771570661469e-6 ± 1.0885507731019935e-7
P_2: 365.2564576108617 ± 8.980362871053191e-6
t02: 3624.4085678722727 ± 0.00013840619757314495
ecos2: 0.01015713961627785 ± 0.0050876092861371815
esin2: -0.005381904789969252 ± 0.00641654367728563
mu_3: 7.782097654870008e-5 ± 1.0259768693367891e-5
P_3: 1726.9683832150915 ± 4.582321747696442
t03: 165.5798469671691 ± 20.737612607941152
ecos3: 0.24026755942921776 ± 0.01898987581605794
esin3: -0.020269846824285745 ± 0.020113175781877362
mu_4: 0.0007576449579467313 ± 0.00015500030416410411
P_4: 4167.1788759447945 ± 49.57840384100916
t04: 652.1055234969238 ± 136.2925288058527
ecos4: 0.01536065296242542 ± 0.02703197207048707
esin4: -0.06860865504200422 ± 0.016657994560097183
Retrieved Earth masses:
[1.025347233275803, 1.0223157899501203, 25.908020601459704, 252.2338069966544]
 ± [0.10650540502790419, 0.03623983803083286, 3.415663879617901, 51.602424585395525]
Retrieved eccentricity:
[0.008993294539668089, 0.011494885138741272, 0.24112106254815796, 0.07030716326310428]
