Global Fit Results.
chi^2: 2.346620434855273
per 4 range=[547.875 - 1826.25, length=200]
mu_1: 2.664228055251531e-6 ± 4.831516080517085e-7
P_1: 224.70087268245342 ± 4.079409496481828e-5
t01: 3503.7682431085273 ± 0.0008037122167281263
ecos1: -0.08519463619786898 ± 0.04822422173677022
esin1: 0.00664011022706257 ± 0.029967130106258313
mu_2: 2.5713948328821653e-6 ± 2.9492059583236783e-7
P_2: 365.2563847165926 ± 6.390311458146602e-5
t02: 3624.408229706882 ± 0.0005642242127062481
ecos2: -0.0554146963040306 ± 0.03713333545586437
esin2: 0.007365553728310329 ± 0.023619126014693573
mu_3: 5.031611987075126e-7 ± 4.5073137464584946e-7
P_3: 669.706472422682 ± 4.221674131388735
t03: 56.06534292402605 ± 74.28408677701204
ecos3: -0.43815274970067114 ± 0.2875684439155033
esin3: 0.013221826098785375 ± 0.2303562309146362
mu_4: 0.0010343740134770444 ± 0.0007559249581846782
P_4: 5228.661745841845 ± 531.4945822189226
t04: 609.8522407731999 ± 650.405842923934
ecos4: 0.03623279172829142 ± 0.07172504948940107
esin4: 0.10912324870495152 ± 0.08344118583384341
Retrieved Earth masses:
[0.8869700484836255, 0.8560641778005416, 0.1675115281265016, 344.3619501999871]
 ± [0.16084997092266815, 0.09818443832863195, 0.1500566846875938, 251.6611877460865]
Retrieved eccentricity:
[0.12048340995246812, 0.07836821506794629, 0.6196415610177533, 0.051240905464789425]
 ± [0.06819934841502785, 0.05251446661783311, 0.4066831934958315, 0.10143453774979244]
