Global Fit Results.
per 3 range=[1826.25 - 5478.75, length=200]
mu_1: 3.7089835181549208e-6 ± 6.949458475180733e-7
P_1: 224.7007808758432 ± 2.6105613818943443e-5
t01: 3503.768814134274 ± 0.00047119901738046095
ecos1: -0.07059340341515204 ± 0.04297090918874817
esin1: -0.030755511599418743 ± 0.028970406328997438
mu_2: 2.6808507269075105e-6 ± 4.2221284732136205e-7
P_2: 365.2564063497156 ± 6.749530318408923e-5
t02: 3624.407945016583 ± 0.0007208647649395818
ecos2: -0.04182862007749188 ± 0.033106219750791026
esin2: -0.023202077432363823 ± 0.022944437613870224
mu_3: 0.0010363451237821938 ± 0.0008293043688253709
P_3: 4684.367324513081 ± 436.70078019633223
t03: 925.2994561210746 ± 635.856004585879
ecos3: 0.03557450784993888 ± 0.0682608053141212
esin3: 0.0670749702279218 ± 0.06603304756475041
Retrieved Earth masses:
[1.234788172295652, 0.8925040386597176, 345.0181687243281]
 ± [0.23136013107121392, 0.14056234747654972, 276.0905301536869]
Retrieved eccentricity:
[0.09983414852378318, 0.059154601808940555, 0.0503099514761317]
 ± [0.060770042562230314, 0.046819264970472695, 0.09653535665373963]
