Global Fit Results.
chi^2: 1.3152251070562726
per 4 range=[547.875 - 1826.25, length=200]
mu_1: 4.869086447838683e-6 ± 1.1367261308311576e-6
P_1: 224.70077762300122 ± 2.6597843649429308e-5
t01: 3503.768824690085 ± 0.00047768125251138375
ecos1: 0.005999017149744776 ± 0.04567576943896575
esin1: -0.029248604737997817 ± 0.033392745058722445
mu_2: 2.9235472800620634e-6 ± 5.005695268772622e-7
P_2: 365.25636100390483 ± 0.00010153025476960454
t02: 3624.4083937958653 ± 0.0010554210937007897
ecos2: 0.015657312988287157 ± 0.037017374448551105
esin2: -0.018710516090066357 ± 0.026211036980501645
mu_3: 2.287825751951059e-6 ± 2.608715287827225e-6
P_3: 879.8695967497629 ± 7.225562232284673
t03: 356.10739162944424 ± 79.63953492914257
ecos3: 0.39400477750791096 ± 0.4143601623483519
esin3: -0.18047510865142283 ± 0.4084433717482984
mu_4: 0.0011374552390352732 ± 0.0010190983037401782
P_4: 4956.181186689027 ± 849.2387770187122
t04: 18.460452899818268 ± 1315.1331906117557
ecos4: 0.00598820783110628 ± 0.10932086440980178
esin4: 0.009918543417920393 ± 0.05483255707908764
Retrieved Earth masses:
[1.621007568851949, 0.9733021419204309, 0.7616588655502828, 378.67956781193055]
 ± [0.37843683441008097, 0.16664871336693185, 0.8684888370435078, 339.27638818166696]
Retrieved eccentricity:
[0.00848389141407785, 0.02214278437835611, 0.5572068999914814, 0.008468604729059278]
 ± [0.0645952926124119, 0.052350472988584244, 0.5859937613001568, 0.15460304909869188]
