Global Fit Results.
per 3 range=[1826.25 - 5478.75, length=200]
mu_1: 3.708976267058497e-6 ± 5.054190567597208e-7
P_1: 224.7007808762531 ± 1.8985515547811604e-5
t01: 3503.768814127808 ± 0.00034268628052531487
ecos1: -0.07059406600991161 ± 0.03125199086399946
esin1: -0.030755805412119558 ± 0.02106967617839103
mu_2: 2.680847354245889e-6 ± 3.070637725021204e-7
P_2: 365.25640635150006 ± 4.90873795861964e-5
t02: 3624.407944998622 ± 0.0005242651479785476
ecos2: -0.04182915631662184 ± 0.024077566414859194
esin2: -0.023202275294660193 ± 0.0166870962091513
mu_3: 0.001036332228311711 ± 0.0006031226531539929
P_3: 4684.351411466508 ± 317.59132714586946
t03: 925.3245570886362 ± 462.4263545576948
ecos3: 0.03557436797891301 ± 0.049644745424961216
esin3: 0.06707533932257696 ± 0.04802458457509462
Retrieved Earth masses:
[1.2347857582735737, 0.8925029158392308, 345.01387558731346]
 ± [0.16826321019894613, 0.10222712302984789, 200.79051710874083]
Retrieved eccentricity:
[0.09983508557427852, 0.05915536016559082, 0.05030975366862993]
 ± [0.0441969893310281, 0.03405082097283281, 0.07020827228053982]
