Global Fit Results.
chi^2: 36.88567733663632
per 4 range=[547.875 - 1826.25, length=200]
mu_1: 2.6822805763062435e-6 ± 3.6865814598222096e-7
P_1: 224.70078182132113 ± 4.87438986713602e-6
t01: 3503.768704817329 ± 0.00010987833522014089
ecos1: -0.004658608142695703 ± 0.005914910746594961
esin1: -0.006121459700208195 ± 0.007609429992841111
mu_2: 3.085053810143464e-6 ± 1.108278384850536e-7
P_2: 365.25646825799527 ± 1.0706430852240314e-5
t02: 3624.407414709917 ± 0.0001503680759341243
ecos2: 0.009815923467024078 ± 0.004581645443048431
esin2: -0.0022086092093964397 ± 0.006054638327756417
mu_3: 6.959007446904458e-5 ± 1.3081264236544672e-5
P_3: 1732.1766246523828 ± 4.897000566790973
t03: 160.71660257624447 ± 21.08505973107708
ecos3: 0.2979628739304241 ± 0.026380579291209297
esin3: 0.01339219199387883 ± 0.025393206639155126
mu_4: 0.0009094119104804371 ± 0.00015790125788613378
P_4: 4212.856161909188 ± 48.18996584928237
t04: 547.9967953400641 ± 133.10387392005177
ecos4: 0.03194225295659662 ± 0.019801392514594472
esin4: -0.053889807744814965 ± 0.0134792943755696
Retrieved Earth masses:
[0.89298006156925, 1.027070607624542, 23.167803373334028, 302.75978992881903]
 ± [0.12273301190233987, 0.03689660615976914, 4.35499113945774, 52.56820492030551]
Retrieved eccentricity:
[0.006588266817181998, 0.013881812094281784, 0.4213831373960705, 0.04517316734397103]
 ± [0.008364946998060964, 0.006479425123543979, 0.037307773016887, 0.028003397848012587]
