Global Fit Results.
per 3 range=[1826.25 - 5478.75, length=200]
mu_1: 3.649019735263589e-6 ± 7.340455886869769e-7
P_1: 224.7007774842524 ± 2.3852514727093042e-5
t01: 3503.7688049121857 ± 0.0004017472313505325
ecos1: -0.09305346581440743 ± 0.058933684500866126
esin1: -0.028148010704752313 ± 0.030078112045714457
mu_2: 2.532466984452549e-6 ± 3.943738184801534e-7
P_2: 365.25641680446006 ± 5.984167985232174e-5
t02: 3624.4077855422215 ± 0.0006019104723980545
ecos2: -0.059307778817284974 ± 0.04549931500163329
esin2: -0.02054920542353851 ± 0.0236011842501305
mu_3: 0.0007840553445843047 ± 0.0006479380599724527
P_3: 4469.117875350042 ± 303.0919103090071
t03: 1245.7614375239932 ± 468.85283269491515
ecos3: 0.00798326917822451 ± 0.0937572742829153
esin3: 0.09365026158102019 ± 0.08928416483759136
Retrieved Earth masses:
[1.2148251367313543, 0.8431043879879087, 261.0263057732609]
 ± [0.24437714710778047, 0.131294227687648, 215.71038235084373]
Retrieved eccentricity:
[0.13159747338055616, 0.08387386515762817, 0.011290047543920214]
 ± [0.08334481590174195, 0.06434574835399541, 0.132592808862033]
