Global Fit Results.
chi^2: 1.042942415743413
per 4 range=[547.875 - 1826.25, length=200]
mu_1: 2.6642388221007125e-6 ± 7.247502410316841e-7
P_1: 224.70087268072967 ± 6.119056131706595e-5
t01: 3503.7682430797913 ± 0.0012054900495139435
ecos1: -0.08519700314333979 ± 0.07233842802389052
esin1: 0.0066392883031642725 ± 0.04494802735178661
mu_2: 2.5713887482551995e-6 ± 4.42391389271292e-7
P_2: 365.2563847182359 ± 9.585582130517572e-5
t02: 3624.408229683648 ± 0.0008463311457652768
ecos2: -0.05541642199563797 ± 0.05570177707668656
esin2: 0.007364891477983815 ± 0.035426911144654585
mu_3: 5.031445140264196e-7 ± 6.760883982626534e-7
P_3: 669.7063137066887 ± 6.332407992781862
t03: 56.0654806113594 ± 111.42105001590231
ecos3: -0.43815623413556415 ± 0.43137122126123995
esin3: 0.013216248340272765 ± 0.34552930749818056
mu_4: 0.001034327559724583 ± 0.0011338165455928371
P_4: 5228.611738185316 ± 797.1593918937456
t04: 609.909319265215 ± 975.4908284786696
ecos4: 0.036229601545537025 ± 0.1075909689933062
esin4: 0.10912610218196105 ± 0.12516387695202147
Retrieved Earth masses:
[0.886973632963836, 0.8560621521173933, 0.16750597349225443, 344.34648489963797]
 ± [0.24128255655865838, 0.147280151643644, 0.22508214272581376, 377.4681804861748]
Retrieved eccentricity:
[0.12048675731885435, 0.07837065556442191, 0.6196464887528361, 0.05123639386507171]
 ± [0.10230198599213595, 0.0787742085901329, 0.6100510315250908, 0.15215660753919677]
