Global Fit Results.
chi^2: 32.050463630121925
per 4 range=[547.875 - 1826.25, length=500]
mu_1: 2.702565827411984e-6 ± 2.7378897747289025e-7
P_1: 224.70089055717304 ± 2.2534257488550353e-5
t01: 3503.7691057463535 ± 0.0004260782500659415
ecos1: -0.0814595591952786 ± 0.018170049803476924
esin1: -0.0050272165087269045 ± 0.017015921626787167
mu_2: 2.638499278177326e-6 ± 1.3679436108026184e-7
P_2: 365.25640483349764 ± 4.938862244250628e-5
t02: 3624.4092638868656 ± 0.00038381062272997354
ecos2: -0.05103812552185447 ± 0.01412245305311475
esin2: -0.004262165153360883 ± 0.013437231627989717
mu_3: 7.488907226076053e-7 ± 2.1571833688391925e-7
P_3: 669.1891252738692 ± 1.6737624986583717
t03: 85.31783449640484 ± 27.186712135287287
ecos3: -0.32676712042955447 ± 0.07611378754041613
esin3: 0.08983234303051592 ± 0.07935892479736796
mu_4: 0.0011925386880935818 ± 0.0004110093087974837
P_4: 5610.273938709415 ± 464.1850612405801
t04: -100.91675864349361 ± 612.9013729866464
ecos4: 0.04440447509422502 ± 0.02712022154535877
esin4: 0.06396107523677792 ± 0.04019051567858714
Retrieved Earth masses:
[0.8997333911580199, 0.8784044699461763, 0.24931936259394033, 397.0178513479774]
 ± [0.09114933766452091, 0.04554133451169267, 0.0718165636562493, 136.8324854295958]
Retrieved eccentricity:
[0.08161453724744579, 0.05121578183118068, 0.3388902489718098, 0.07786383341345593]
