Global Fit Results.
chi^2: 11.961905405093196
per 4 range=[547.875 - 1826.25, length=200]
mu_1: 2.490495380270529e-6 ± 6.328603213959663e-7
P_1: 224.70077480527831 ± 7.101950996381436e-6
t01: 3503.768816704869 ± 0.00019778223898465108
ecos1: 0.005292412184361529 ± 0.013507005521203779
esin1: -0.0014221894760017633 ± 0.01566529298227091
mu_2: 3.145551921159419e-6 ± 2.1116075604879273e-7
P_2: 365.2564524334208 ± 1.6255660789692816e-5
t02: 3624.4075546453996 ± 0.0002748806540308977
ecos2: 0.01726973628828685 ± 0.010518144510677983
esin2: 0.0010291390393437152 ± 0.012536272406763693
mu_3: 8.311661566270789e-5 ± 1.9416091866069847e-5
P_3: 1733.7828233513767 ± 5.956264263074635
t03: 729.3213249870395 ± 28.381851991557312
ecos3: 0.2831502331868714 ± 0.03867379863117012
esin3: 0.005788785436989092 ± 0.0409035545692856
mu_4: 0.000786565578228803 ± 0.0002656005328240792
P_4: 4225.819944279825 ± 82.21937962752712
t04: 631.6766127565802 ± 216.08640118815902
ecos4: 0.013972731975995929 ± 0.04063822083481278
esin4: -0.03615683103032156 ± 0.028141882362163643
Retrieved Earth masses:
[0.8291312764433163, 1.0472115307543088, 27.67103532253238, 261.86200827739793]
 ± [0.21069072853785697, 0.07029926197994121, 6.463970646155743, 88.42325528848508]
Retrieved eccentricity:
[0.0074846010887926915, 0.02442309527750206, 0.40043489996197795, 0.01976042706385766]
 ± [0.019101790395134658, 0.014874902618000925, 0.05469301053268682, 0.057471123055305114]
