Global Fit Results.
chi^2: 9.386481739421091
per 4 range=[547.875 - 1826.25, length=200]
mu_1: 2.664228055251531e-6 ± 2.4157580402585425e-7
P_1: 224.70087268245342 ± 2.039704748240914e-5
t01: 3503.7682431085273 ± 0.00040185610836406313
ecos1: -0.08519463619786898 ± 0.02411211086838511
esin1: 0.00664011022706257 ± 0.014983565053129156
mu_2: 2.5713948328821653e-6 ± 1.4746029791618391e-7
P_2: 365.2563847165926 ± 3.195155729073301e-5
t02: 3624.408229706882 ± 0.00028211210635312406
ecos2: -0.0554146963040306 ± 0.018566667727932185
esin2: 0.007365553728310329 ± 0.011809563007346787
mu_3: 5.031611987075126e-7 ± 2.2536568732292473e-7
P_3: 669.706472422682 ± 2.1108370656943674
t03: 56.06534292402605 ± 37.14204338850602
ecos3: -0.43815274970067114 ± 0.14378422195775165
esin3: 0.013221826098785375 ± 0.1151781154573181
mu_4: 0.0010343740134770444 ± 0.0003779624790923391
P_4: 5228.661745841845 ± 265.7472911094613
t04: 609.8522407731999 ± 325.202921461967
ecos4: 0.03623279172829142 ± 0.03586252474470054
esin4: 0.10912324870495152 ± 0.041720592916921706
Retrieved Earth masses:
[0.8869700484836255, 0.8560641778005416, 0.1675115281265016, 344.3619501999871]
 ± [0.08042498546133407, 0.04909221916431598, 0.0750283423437969, 125.83059387304326]
Retrieved eccentricity:
[0.12048340995246812, 0.07836821506794629, 0.6196415610177533, 0.051240905464789425]
 ± [0.034099674207513926, 0.026257233308916553, 0.20334159674791574, 0.05071726887489622]
