Global Fit Results.
per 3 range=[1826.25 - 5478.75, length=200]
mu_1: 3.762322996949939e-6 ± 7.985809165793683e-7
P_1: 224.70077398375443 ± 1.582860789194681e-5
t01: 3503.7688437266797 ± 0.00038776665245544346
ecos1: -0.07548771999537622 ± 0.06451201880379678
esin1: -0.05698799418072344 ± 0.033556011428900356
mu_2: 2.6246317873029846e-6 ± 4.382722569526524e-7
P_2: 365.25645391598226 ± 3.335882838414753e-5
t02: 3624.407539120824 ± 0.0005135157345070961
ecos2: -0.04474982648815404 ± 0.05112352472825834
esin2: -0.0443959219682503 ± 0.02578834276448114
mu_3: 0.0005168170882147601 ± 0.0003759364804763325
P_3: 4276.578158824935 ± 169.41395442192157
t03: 1357.6697257373464 ± 487.810377530106
ecos3: -0.033276620748715756 ± 0.11620498395095488
esin3: 0.09579387112089935 ± 0.10893142160000638
Retrieved Earth masses:
[1.2525458563646465, 0.8737877296378849, 172.0578224853705]
 ± [0.2658621332735826, 0.14590881746481024, 125.15610203022784]
Retrieved eccentricity:
[0.10675575741008372, 0.0632858115333902, 0.04706024837277976]
 ± [0.09123377192839754, 0.07229958202701924, 0.16433866431878824]
