Global Fit Results.
per 3 range=[1826.25 - 5478.75, length=200]
mu_1: 3.6490313303157604e-6 ± 6.524828767318963e-7
P_1: 224.70077748379438 ± 2.1202429062308175e-5
t01: 3503.7688049196863 ± 0.00035711198173047514
ecos1: -0.09305229767808677 ± 0.052384782417390155
esin1: -0.02814827035307405 ± 0.02673595640749223
mu_2: 2.532471072004928e-6 ± 3.5055308104722244e-7
P_2: 365.256416802514 ± 5.319368876673174e-5
t02: 3624.4077855603814 ± 0.0005350406056273016
ecos2: -0.05930684996023505 ± 0.04044322977390979
esin2: -0.020549459920648785 ± 0.020978703012119414
mu_3: 0.00078406998589418 ± 0.0005759548264222355
P_3: 4469.1330171080035 ± 269.4193622127056
t03: 1245.736702764662 ± 416.7682648207275
ecos3: 0.007984389120801731 ± 0.08333860265673454
esin3: 0.09364861090676463 ± 0.0793624321289193
Retrieved Earth masses:
[1.214828996935426, 0.8431057488085502, 261.0311801320097]
 ± [0.21722343463385946, 0.11670550600188168, 191.74585272801588]
Retrieved eccentricity:
[0.13159582138632878, 0.08387255155539067, 0.011291631381902001]
 ± [0.0740832697566368, 0.05719536405243458, 0.11785858214637644]
