Global Fit Results.
per 3 range=[1826.25 - 5478.75, length=200]
mu_1: 3.829741642273355e-6 ± 7.668425550238282e-7
P_1: 224.70077942059646 ± 1.6234505096883512e-5
t01: 3503.7687468041863 ± 0.0003670085316741138
ecos1: -0.06710415763424676 ± 0.06349108651496162
esin1: -0.05579805138264507 ± 0.030553186430689522
mu_2: 2.678713623514275e-6 ± 4.3523905345316054e-7
P_2: 365.25647942387474 ± 3.480034576887604e-5
t02: 3624.407267896429 ± 0.0004899408364356037
ecos2: -0.03814109208224914 ± 0.05032183003541897
esin2: -0.042265374607376345 ± 0.02363183984765073
mu_3: 0.00043102691541902714 ± 0.00031724772163724713
P_3: 4211.012369865235 ± 172.45800790309374
t03: 1318.2701287992961 ± 566.3992688595309
ecos3: -0.10963397087571891 ± 0.17899769203773938
esin3: 0.07561446198597604 ± 0.1281565671780727
Retrieved Earth masses:
[1.2749907514228385, 0.8917925580127901, 143.49671129443462]
 ± [0.2552958545977691, 0.14489900877005457, 105.61754519747473]
Retrieved eccentricity:
[0.09489960981797384, 0.0539396497064378, 0.1550458485092586]
 ± [0.08978995563926224, 0.07116581451952328, 0.25314096371325356]
