Global Fit Results.
chi^2: 423.1630427217547
per 4 range=[547.875 - 1826.25, length=500]
mu_1: 2.512111973901177e-6 ± 1.138879497475611e-7
P_1: 224.70077932773165 ± 1.3952380816981432e-6
t01: 3503.769486557875 ± 3.4829706949171974e-5
ecos1: 0.010343154632817366 ± 0.0024557755794339976
esin1: -0.0034521677944039614 ± 0.0028323597817683397
mu_2: 3.1771327228286552e-6 ± 3.7864173874342844e-8
P_2: 365.2564577526344 ± 2.878298420069556e-6
t02: 3624.408663534395 ± 4.606868552564558e-5
ecos2: 0.0212848585758248 ± 0.0019215133163896906
esin2: -0.00042270363784300587 ± 0.0022674386220527913
mu_3: 8.015894717400839e-5 ± 3.3379836401239535e-6
P_3: 1732.315733862357 ± 1.252874925282379
t03: 740.2324461632408 ± 5.52668084240975
ecos3: 0.2797478794119472 ± 0.006591284415771629
esin3: 0.01185551524204464 ± 0.00729467220460093
mu_4: 0.0008261063898705672 ± 4.7800745736177294e-5
P_4: 4265.42995410768 ± 14.555801971976638
t04: 573.0675855093208 ± 35.70081914115827
ecos4: 0.023667632660175034 ± 0.006313566634941304
esin4: -0.031837727064208086 ± 0.004368253109832395
Retrieved Earth masses:
[0.8363278342090202, 1.0577253548740198, 26.686373608739036, 275.0258647084745]
 ± [0.03791537293895738, 0.012605673178359941, 1.111275555139656, 15.91373894573294]
Retrieved eccentricity:
[0.010904050175925058, 0.021289055473606815, 0.2799989808501733, 0.03967111922232586]
