Global Fit Results.
chi^2: 85.45947357324444
per 4 range=[547.875 - 1826.25, length=500]
mu_1: 2.8896247098983e-6 ± 3.425149863843776e-7
P_1: 224.7007806074807 ± 3.890700661150025e-6
t01: 3503.769441852391 ± 0.00010160212536845528
ecos1: -0.006264175065082407 ± 0.003982891854121395
esin1: -9.66499141134233e-5 ± 0.004552114125704926
mu_2: 3.1899235447746235e-6 ± 1.0306306290674627e-7
P_2: 365.25645472739046 ± 8.097410748973522e-6
t02: 3624.408749485993 ± 0.00013361416355662725
ecos2: 0.008076020686539231 ± 0.003118054223360577
esin2: 0.004191530346030826 ± 0.0035358497965072492
mu_3: 6.000666171259803e-5 ± 1.0041264302828912e-5
P_3: 1729.9183198315861 ± 4.62823498008431
t03: 1896.369124258404 ± 17.469369850111057
ecos3: 0.32139132569844125 ± 0.028387969231108603
esin3: 0.02343949834424597 ± 0.02669249405928248
mu_4: 0.0014473800342242253 ± 0.0001665811282097812
P_4: 4294.30918856819 ± 30.41761128965239
t04: 379.25595571802654 ± 80.55006434389979
ecos4: 0.07633543917158175 ± 0.007808743123012485
esin4: -0.035339879755103776 ± 0.005523607965678361
Retrieved Earth masses:
[0.9620087004135995, 1.0619836524845407, 19.97731070493463, 481.85917740772754]
 ± [0.11402947787479767, 0.03431157093443236, 3.3429197879519394, 55.457891854808686]
Retrieved eccentricity:
[0.0062649206261450995, 0.009098958004689708, 0.3222449290785372, 0.08411900126976932]
