Global Fit Results.
chi^2: 348.75571417152884
per 3 range=[1826.25 - 8035.5, length=300]
mu_1: 3.366514517994137e-6 ± 9.297752802788036e-8
P_1: 224.70078980649137 ± 2.94053519594292e-6
t01: 3503.7694703919933 ± 4.528210000368599e-5
ecos1: -0.11602319887345144 ± 0.009065730944652992
esin1: -0.027471832170684163 ± 0.0036786951737824126
mu_2: 2.4765427696893586e-6 ± 4.9357388132336836e-8
P_2: 365.25641192170326 ± 6.550805088563026e-6
t02: 3624.4089926715046 ± 6.362923981005702e-5
ecos2: -0.07720205055133891 ± 0.007026129539266911
esin2: -0.019607659288407468 ± 0.002889936723586741
mu_3: 0.0007368777790508804 ± 7.06933331735018e-5
P_3: 4588.250143437251 ± 36.744315410504804
t03: 1169.5706536608352 ± 52.74236660381366
ecos3: -0.008648028781328341 ± 0.012108562290242758
esin3: 0.1040525932955417 ± 0.01155467756853435
Retrieved Earth masses:
[1.1207740040723275, 0.8244861982341667, 245.32003486824627]
 ± [0.03095391266532955, 0.01643197355364189, 23.53509829189535]
Retrieved eccentricity:
[0.11923122174851142, 0.07965310359365642, 0.1044113527032865]
