Global Fit Results.
chi^2: 62.132486812304165
per 4 range=[547.875 - 1826.25, length=500]
mu_1: 2.280659570479889e-6 ± 4.271911692124849e-7
P_1: 224.7007887280434 ± 5.913396561975496e-6
t01: 3503.769336116672 ± 0.00011878765488571922
ecos1: 0.007693557153643766 ± 0.007452869998008497
esin1: -0.006784292656502219 ± 0.008288919661425661
mu_2: 3.0979264316517197e-6 ± 1.2221810533548532e-7
P_2: 365.2564765128451 ± 1.2609418200470258e-5
t02: 3624.4084933974946 ± 0.00015900205729810609
ecos2: 0.016764869851575895 ± 0.00568593546464227
esin2: -0.002553897500247479 ± 0.006701818012856416
mu_3: 7.803411814423526e-5 ± 1.2903040207667868e-5
P_3: 1738.0104540726775 ± 5.330421333136849
t03: 725.6480973176832 ± 19.754549941076853
ecos3: 0.2930663946801292 ± 0.023007253457477707
esin3: 0.02936618806457498 ± 0.0293195428496052
mu_4: 0.0009338431520302106 ± 0.0001944423213042683
P_4: 4233.363904721648 ± 57.03390296514183
t04: 667.0658736359843 ± 122.98784627685232
ecos4: 0.031176158704871625 ± 0.02095044365367463
esin4: -0.029807678624602464 ± 0.014109519393593147
Retrieved Earth masses:
[0.7592731132065985, 1.0313561377993268, 25.978979320985633, 310.89339525558677]
 ± [0.1422197215141936, 0.040688633467887494, 4.295657113895547, 64.73339052734849]
Retrieved eccentricity:
[0.010257555679861217, 0.016958279794308403, 0.2945340127935197, 0.043132940736505844]
 ± [0.011146813910745262, 0.008788869482790344, 0.03726887849890918, 0.025258654493143073]
