Global Fit Results.
chi^2: 213.8697269250664
per 4 range=[547.875 - 1826.25, length=200]
mu_1: 2.3006765691856127e-6 ± 1.3016333017969325e-7
P_1: 224.70078830368993 ± 1.932764837496752e-6
t01: 3503.7686453117776 ± 3.8992170115113154e-5
ecos1: 0.017353921447917225 ± 0.0032081691248883296
esin1: -0.0016455003439182336 ± 0.003447448503653149
mu_2: 3.2972225422023238e-6 ± 4.4756249731779434e-8
P_2: 365.2564593913141 ± 4.216137799057769e-6
t02: 3624.4074684365796 ± 5.29416799805025e-5
ecos2: 0.025303488237862496 ± 0.002482811543050698
esin2: 0.0006864245202816892 ± 0.002735827532573914
mu_3: 8.40841326131806e-5 ± 3.8013540211734327e-6
P_3: 1737.175617779158 ± 1.6044301462072668
t03: 724.7351251908456 ± 5.972445589755865
ecos3: 0.30312434994729126 ± 0.007890317637879589
esin3: 0.027788096118972108 ± 0.009557587104518586
mu_4: 0.0006534704151441468 ± 4.759554524403267e-5
P_4: 4172.361105452745 ± 18.775667899779744
t04: 676.7096890650147 ± 43.08366694766536
ecos4: -0.0022822208371016555 ± 0.010359219620804692
esin4: -0.056532343372181104 ± 0.00722084036887546
Retrieved Earth masses:
[0.7659371366851878, 1.0977054431785085, 27.993139338657418, 217.55220415930106]
 ± [0.04333374354072436, 0.014900170770401183, 1.2655399952784077, 15.84542396417285]
Retrieved eccentricity:
[0.02454215107200188, 0.03578453624133323, 0.4286825667809875, 0.0032275476601596395]
 ± [0.004537036286803699, 0.0035112257569987686, 0.011158594214920957, 0.014650148883343466]
