Global Fit Results.
chi^2: 2.743562777408162
per 4 range=[547.875 - 1826.25, length=200]
mu_1: 2.6822756154793494e-6 ± 1.351747393296909e-6
P_1: 224.70078182130058 ± 1.787263951944059e-5
t01: 3503.7687048181233 ± 0.00040288621939515095
ecos1: -0.004658266785437915 ± 0.021688133249295007
esin1: -0.006121746485899752 ± 0.027902266284793857
mu_2: 3.0850557835905816e-6 ± 4.0636680831190783e-7
P_2: 365.2564682578792 ± 3.92568165401648e-5
t02: 3624.4074147132 ± 0.0005513520600597747
ecos2: 0.009816168554159581 ± 0.01679946063181855
esin2: -0.002208841515744666 ± 0.022201181536605965
mu_3: 6.95903351393871e-5 ± 4.7963921629306124e-5
P_3: 1732.1767299302353 ± 17.955657532759634
t03: 160.7163554230315 ± 77.31088826724839
ecos3: 0.29796272749119207 ± 0.0967268075506944
esin3: 0.013391736151143445 ± 0.09310761622402028
mu_4: 0.0009094082237995294 ± 0.0005789707770761217
P_4: 4212.8607666994885 ± 176.70050050922862
t04: 547.9882839596361 ± 488.0632217874035
ecos4: 0.03194173092079078 ± 0.07260501177001254
esin4: -0.05389023023321799 ± 0.04942567169823985
Retrieved Earth masses:
[0.8929784100196156, 1.0270712646210336, 23.16789015523916, 302.758562565592]
 ± [0.45002132929531785, 0.13528691245484245, 15.968063172802974, 192.74991763620903]
Retrieved eccentricity:
[0.0065877840651184195, 0.013882158699832775, 0.4213829302997225, 0.04517242907385437]
 ± [0.030671652183707862, 0.02375802506607068, 0.13679236308324433, 0.10267899234140992]
