Global Fit Results.
chi^2: 690.762527614629
per 3 range=[1826.25 - 8035.5, length=300]
mu_1: 3.742263967603335e-6 ± 6.38073033870844e-8
P_1: 224.70078203488237 ± 2.360571675739821e-6
t01: 3503.769528949007 ± 4.266062535000666e-5
ecos1: -0.070916340231676 ± 0.003974149476869059
esin1: -0.0319393579060643 ± 0.002644743638018355
mu_2: 2.6277222195326004e-6 ± 3.835423415511349e-8
P_2: 365.2564075360612 ± 6.061000176371884e-6
t02: 3624.409093896449 ± 6.483879363372663e-5
ecos2: -0.04198985969907074 ± 0.0030630160180648274
esin2: -0.024027482452015726 ± 0.0020945058485155135
mu_3: 0.001034739805918594 ± 7.499985868976201e-5
P_3: 4701.662863923431 ± 39.38501032492302
t03: 907.6569421766384 ± 57.83681319942221
ecos3: 0.03611416143972958 ± 0.006077595458595685
esin3: 0.06510018495037886 ± 0.005932824070293916
Retrieved Earth masses:
[1.2458678401201206, 0.8748165908193196, 344.48372916668507]
 ± [0.021242613547025526, 0.012768823172272159, 24.968819079582445]
Retrieved eccentricity:
[0.07777692392545812, 0.048378385985164585, 0.07444640177381567]
