Global Fit Results.
chi^2: 198.28991615346322
per 3 range=[1826.25 - 8035.5, length=300]
mu_1: 3.2109152104374124e-6 ± 2.626090904457106e-7
P_1: 224.70078461535581 ± 4.169850708631854e-6
t01: 3503.769361677851 ± 0.00010437736247941086
ecos1: -0.14575978497319492 ± 0.03216451526878508
esin1: -0.056606483726783924 ± 0.009991415843666718
mu_2: 2.2330196349145947e-6 ± 1.3755085288560162e-7
P_2: 365.25646628428575 ± 8.446709002333977e-6
t02: 3624.4086036358394 ± 0.00013495708574162734
ecos2: -0.09997476825587155 ± 0.02520189965684665
esin2: -0.04122145382599246 ± 0.007695200692450207
mu_3: 0.00032309257215534803 ± 7.81590694540286e-5
P_3: 4228.4175739490065 ± 39.491377498511625
t03: 1804.3461963961556 ± 141.60430825389213
ecos3: -0.07375415610978177 ± 0.044872095348249014
esin3: 0.2357761201121144 ± 0.0681317289801353
Retrieved Earth masses:
[1.068972160346687, 0.7434129108959082, 107.56340239885084]
 ± [0.08742734963162979, 0.04579318441318181, 26.020577888002837]
Retrieved eccentricity:
[0.15636562574729357, 0.10813955124441589, 0.247042616482639]
