Global Fit Results.
chi^2: 3.530871357819127
per 4 range=[547.875 - 1826.25, length=200]
mu_1: 2.5253237761029374e-6 ± 1.1755311649042822e-6
P_1: 224.70077523267756 ± 1.4298108190828798e-5
t01: 3503.768808473433 ± 0.0003743903446967643
ecos1: 0.004658216537556759 ± 0.025367151726137762
esin1: -0.0011187977128694 ± 0.029775843418018474
mu_2: 3.136061782833457e-6 ± 4.026332803890968e-7
P_2: 365.25645218596276 ± 3.061505565766347e-5
t02: 3624.407553273486 ± 0.0005056119601253234
ecos2: 0.016919083128258336 ± 0.01982180502305427
esin2: 0.001276618404170752 ± 0.023722956989815212
mu_3: 8.177303993224221e-5 ± 3.646058788777919e-5
P_3: 1733.0695357817765 ± 13.16150559607723
t03: 732.0442399515156 ± 58.39406743635111
ecos3: 0.28175251590641187 ± 0.07225562082137597
esin3: 0.00893035242141311 ± 0.07970759062202672
mu_4: 0.0007815833937296922 ± 0.0004959792253547324
P_4: 4215.708629170316 ± 170.84022126540654
t04: 640.0336988616998 ± 413.9246548041964
ecos4: 0.013884887039171559 ± 0.07687828267651695
esin4: -0.037800804451835236 ± 0.05308481575685702
Retrieved Earth masses:
[0.8407262838148463, 1.0440520908428106, 27.22373448864035, 260.2033483071975]
 ± [0.3913557370863755, 0.13404395300316066, 12.138393837126609, 165.12051837778017]
Retrieved eccentricity:
[0.006587713003883409, 0.023927196822900752, 0.3984582292275889, 0.019636195562814825]
 ± [0.03587457000988009, 0.02803226549431849, 0.1021848789232777, 0.10872231001308283]
