Global Fit Results.
per 3 range=[1826.25 - 5478.75, length=200]
mu_1: 3.6267548936948532e-6 ± 5.695920277867937e-7
P_1: 224.70077536203294 ± 1.0381922190940357e-5
t01: 3503.768810286344 ± 0.0002719223517927906
ecos1: -0.08574261363946097 ± 0.051418184013438506
esin1: -0.06564406849218446 ± 0.02386809375552647
mu_2: 2.5836263230862445e-6 ± 3.22957100266971e-7
P_2: 365.25645553764764 ± 2.213142579878341e-5
t02: 3624.40749761707 ± 0.0003623135096688188
ecos2: -0.05242790550851777 ± 0.04065181465790342
esin2: -0.05061672915469426 ± 0.018452673701428373
mu_3: 0.000407287114174948 ± 0.00020298779451693725
P_3: 4227.741782139344 ± 116.34491039715533
t03: 1455.1401052705774 ± 364.2989662653589
ecos3: -0.0841976119513328 ± 0.10317052320661863
esin3: 0.11994856246376294 ± 0.09885459404223856
Retrieved Earth masses:
[1.2074127654192306, 0.8601362636859651, 135.59329904001166]
 ± [0.1896275611639566, 0.1075183013395909, 67.57833421556474]
Retrieved eccentricity:
[0.12125836708224202, 0.07414425501696094, 0.11907340474100184]
 ± [0.07271629318440019, 0.0574903476242844, 0.1459051531559282]
