Global Fit Results.
chi^2: 73.11831539389468
per 3 range=[1826.25 - 8035.5, length=300]
mu_1: 3.908199975424959e-6 ± 1.9105648097223075e-7
P_1: 224.70079182477298 ± 8.93515600182949e-6
t01: 3503.7695674600204 ± 0.00013383915562847527
ecos1: -0.07195042817992216 ± 0.010991647915094228
esin1: -0.03724117797010082 ± 0.00871733716790178
mu_2: 2.6990251005417846e-6 ± 1.2320434128210828e-7
P_2: 365.2564094095214 ± 1.9464743489672994e-5
t02: 3624.409199733193 ± 0.0001851558401707362
ecos2: -0.040832897551025225 ± 0.008706954968907136
esin2: -0.029897882664650783 ± 0.006734072097955538
mu_3: 0.0013363499878137222 ± 0.0002473385997359896
P_3: 4866.612367812464 ± 149.05543031183288
t03: 556.7991757056365 ± 225.1600527824912
ecos3: 0.03114692650676506 ± 0.01502343839069078
esin3: 0.03744321360623303 ± 0.013524720227626906
Retrieved Earth masses:
[1.3011109596468495, 0.898554618688622, 444.8952525463607]
 ± [0.06360618260776156, 0.04101696937879729, 82.34352512251085]
Retrieved eccentricity:
[0.08101709357829902, 0.05060838774592358, 0.0487044687475371]
