Global Fit Results.
chi^2: 0.45241659600499085
per 4 range=[547.875 - 1826.25, length=200]
mu_1: 5.392364081591745e-6 ± 2.789960062241524e-6
P_1: 224.70080531666412 ± 3.075881659208306e-5
t01: 3503.768445492664 ± 0.0005123762490340464
ecos1: 0.0019290482306655629 ± 0.12451147691864105
esin1: -0.00792474983087343 ± 0.038754592952560486
mu_2: 3.0287319824003964e-6 ± 8.948350960848492e-7
P_2: 365.2564937458407 ± 7.42738717056122e-5
t02: 3624.4070910577275 ± 0.0007216328800404098
ecos2: 0.015745512238082154 ± 0.09737681271067673
esin2: -0.0021344917083277555 ± 0.03098677923981703
mu_3: 6.021553273249686e-7 ± 5.862335881986039e-7
P_3: 626.2000649956047 ± 3.4450012610467917
t03: 173.07155574530802 ± 55.544641248873255
ecos3: 0.08938605547868145 ± 0.3184457894969652
esin3: -0.16922413116620913 ± 0.1988712491067463
mu_4: 9.777725146022222e-6 ± 0.0003590910002103623
P_4: 3545.7679098218277 ± 273.0623931592799
t04: 27.33670034841852 ± 56611.18831613851
ecos4: -8.701679914454344 ± 324.6546093012967
esin4: -1.4091366104974965 ± 50.24914734458707
Retrieved Earth masses:
[1.7952162246257994, 1.0083200452672818, 0.20046847672042725, 3.2551828022875893]
 ± [0.928828523817986, 0.29790690289998295, 0.1951678397509235, 119.54793480941275]
Retrieved eccentricity:
[0.0027280861702790615, 0.02226751695360733, 0.1264109719449852, 12.306033750450887]
 ± [0.17608581932944675, 0.13771160919610384, 0.45035035438721593, 459.13095156083216]
