Global Fit Results.
chi^2: 430.62859428101757
per 4 range=[547.875 - 1826.25, length=200]
mu_1: 2.490470323803914e-6 ± 1.0547903786284152e-7
P_1: 224.7007748052886 ± 1.1836590756457179e-6
t01: 3503.7688167050496 ± 3.296371433673979e-5
ecos1: 0.005292500228955674 ± 0.0022511513938621563
esin1: -0.001422969350755366 ± 0.002610928454834124
mu_2: 3.1455529501661233e-6 ± 3.5193423303734556e-8
P_2: 365.25645243361345 ± 2.709276060572572e-6
t02: 3624.407554642171 ± 4.581325603977233e-5
ecos2: 0.017269783250896956 ± 0.001753011730942095
esin2: 0.0010284991601158817 ± 0.0020894091510593126
mu_3: 8.311731679206025e-5 ± 3.236049785159439e-6
P_3: 1733.7830628946624 ± 0.9927161809906202
t03: 729.32047219861 ± 4.730332364253003
ecos3: 0.28314980896274944 ± 0.0064455349334958355
esin3: 0.005787431284916029 ± 0.006817228175586622
mu_4: 0.0007865640784119959 ± 4.426691543673424e-5
P_4: 4225.818172953758 ± 13.703187925369976
t04: 631.690333628285 ± 36.015041480821
ecos4: 0.013972132400298879 ± 0.006773062274560411
esin4: -0.03615564882788942 ± 0.004690433355736671
Retrieved Earth masses:
[0.829122934689177, 1.047211873329384, 27.671268741264846, 261.8615089610637]
 ± [0.03511589300427886, 0.011716531665706494, 1.0773399180977052, 14.737262470360797]
Retrieved eccentricity:
[0.007484725602651825, 0.024423161692662197, 0.4004343000184712, 0.01975957913577522]
 ± [0.0031836088321549583, 0.0024791329648974456, 0.009115362919699376, 0.009578556527480896]
