Global Fit Results.
per 3 range=[1826.25 - 5478.75, length=200]
mu_1: 3.6490272578846075e-6 ± 8.971630465987633e-7
P_1: 224.7007774842162 ± 2.915349770245016e-5
t01: 3503.7688049131184 ± 0.0004910297407682026
ecos1: -0.09305264903016468 ± 0.07202930547482059
esin1: -0.028148105474495685 ± 0.036762052766816176
mu_2: 2.532470460890409e-6 ± 4.820137435606688e-7
P_2: 365.25641680437286 ± 7.314099262543521e-5
t02: 3624.4077855430023 ± 0.0007356804188831783
ecos2: -0.059307143968987154 ± 0.055609650606152264
esin2: -0.020549298068178217 ± 0.028845813910018295
mu_3: 0.0007840624773504062 ± 0.0007919283309314865
P_3: 4469.118538546005 ± 370.45049768354903
t03: 1245.7582083183895 ± 573.0500282826921
ecos3: 0.007984219170227947 ± 0.11459122641489769
esin3: 0.09364924634566182 ± 0.10912327046527898
Retrieved Earth masses:
[1.2148276411489158, 0.8431055453573955, 261.02868040101936]
 ± [0.29868192002966293, 0.16047115510740942, 263.64736633461416]
Retrieved eccentricity:
[0.1315963182732025, 0.08387296734655535, 0.011291391035495622]
 ± [0.1018648206908059, 0.07864392208604974, 0.16205646652491437]
