Global Fit Results.
per 3 range=[1826.25 - 5478.75, length=200]
mu_1: 3.6426537230023275e-6 ± 8.202308662283221e-7
P_1: 224.70077446070465 ± 1.4405431510885102e-5
t01: 3503.7688228690326 ± 0.0003987117450314637
ecos1: -0.08203120921274235 ± 0.07475273688583062
esin1: -0.06537126882509442 ± 0.03521514047352903
mu_2: 2.5888566304003212e-6 ± 4.7313478458791757e-7
P_2: 365.25645864227187 ± 3.148436648467448e-5
t02: 3624.4074688082596 ± 0.0005368888176584082
ecos2: -0.049478919382316515 ± 0.059117182821307214
esin2: -0.05048157640133399 ± 0.027264108016665137
mu_3: 0.00039809588379390037 ± 0.00029560268965168516
P_3: 4225.774991666722 ± 167.94208765025002
t03: 1451.3286147599747 ± 547.0069316628217
ecos3: -0.0867645771074494 ± 0.15751119314106254
esin3: 0.12057481527103543 ± 0.14903299308905812
Retrieved Earth masses:
[1.2127057752927235, 0.8618775282608226, 132.53337102798102]
 ± [0.2730697958653601, 0.1575151879352216, 98.41151978541555]
Retrieved eccentricity:
[0.116009648606525, 0.06997375884203702, 0.12270364167892112]
 ± [0.10571633432844918, 0.08360432171518241, 0.22275446556565867]
