Global Fit Results.
per 3 range=[1826.25 - 5478.75, length=200]
mu_1: 3.62676156012291e-6 ± 6.407828339670908e-7
P_1: 224.70077536207003 ± 1.1679682126389322e-5
t01: 3503.76881028531 ± 0.000305913114542864
ecos1: -0.08574172116225375 ± 0.057844368865872735
esin1: -0.0656441409741556 ± 0.02685148800137889
mu_2: 2.583631350955009e-6 ± 3.633261879000037e-7
P_2: 365.25645553789 ± 2.4897817061170623e-5
t02: 3624.407497613397 ± 0.0004076024370981879
ecos2: -0.05242720429878618 ± 0.04573241436055004
esin2: -0.05061680109603752 ± 0.02075917616451978
mu_3: 0.00040728819400285903 ± 0.00022836123011683399
P_3: 4227.738353226307 ± 130.88720651397935
t03: 1455.1447375733635 ± 409.8329871581237
ecos3: -0.08419665024257822 ± 0.11606620864675458
esin3: 0.11994774933553297 ± 0.11120994699537566
Retrieved Earth masses:
[1.2074149847945594, 0.8601379375550595, 135.5936585343923]
 ± [0.21332827728128054, 0.12095790593520057, 76.0256131036747]
Retrieved eccentricity:
[0.12125710492887146, 0.07414326335664845, 0.11907204467943806]
 ± [0.08180429095702924, 0.06467540062875596, 0.16414240640146574]
