Global Fit Results.
chi^2: 4.306285941901357
per 4 range=[547.875 - 1826.25, length=200]
mu_1: 2.4904802958551817e-6 ± 1.0547570236076533e-6
P_1: 224.70077480527928 ± 1.1836590410692543e-5
t01: 3503.7688167051197 ± 0.00032963720977750036
ecos1: 0.005292481187825623 ± 0.02251160724175134
esin1: -0.0014226762394388473 ± 0.026109073989296627
mu_2: 3.1455527673553433e-6 ± 3.5193471772635364e-7
P_2: 365.2564524334711 ± 2.709286978387569e-5
t02: 3624.4075546444765 ± 0.00045813312200793224
ecos2: 0.017269779628055197 ± 0.017530188248134786
esin2: 0.0010287377135287875 ± 0.02089396039344104
mu_3: 8.311709181150837e-5 ± 3.235977549677792e-5
P_3: 1733.7828985262993 ± 9.927015460093228
t03: 729.3212513355141 ± 47.30300479930814
ecos3: 0.28314975903986844 ± 0.06445578788155414
esin3: 0.005788110453667169 ± 0.06817282980025502
mu_4: 0.0007865648705032284 ± 0.0004426694930554163
P_4: 4225.819318713645 ± 137.0260089873134
t04: 631.6842276830001 ± 360.12535012647356
ecos4: 0.013972332916482408 ± 0.06773071423822735
esin4: -0.03615604444746668 ± 0.04690352358072554
Retrieved Earth masses:
[0.8291262545666847, 1.0472118124683454, 27.67119384114111, 261.86177266266293]
 ± [0.3511478255488155, 0.11716547801886433, 10.773158695900962, 147.37273745903695]
Retrieved eccentricity:
[0.007484698674427464, 0.024423156569190245, 0.4004342294168558, 0.019759862708481443]
 ± [0.031836220272101125, 0.02479142997146566, 0.09115424939553725, 0.09578569466491761]
