Global Fit Results.
per 3 range=[1826.25 - 5478.75, length=200]
mu_1: 3.7089538088939443e-6 ± 3.790809538104351e-7
P_1: 224.70078087741229 ± 1.4239375297233901e-5
t01: 3503.7688141105705 ± 0.00025701808187678896
ecos1: -0.07059584792103717 ± 0.023440681936935406
esin1: -0.03075503028709428 ± 0.01580256674606048
mu_2: 2.6808413359424766e-6 ± 2.3030027105947695e-7
P_2: 365.25640635593544 ± 3.6814905074002334e-5
t02: 3624.407944958356 ± 0.0003931975839476818
ecos2: -0.04183059956546779 ± 0.018059470204760876
esin2: -0.023201600524271546 ± 0.012515575787901186
mu_3: 0.001036289182834892 ± 0.0004523448113069449
P_3: 4684.313771993496 ± 238.19062631117222
t03: 925.3833110821657 ± 346.8154175864217
ecos3: 0.0355728717115453 ± 0.03723610173167302
esin3: 0.0670786581717959 ± 0.03602121495149704
Retrieved Earth masses:
[1.2347782815415191, 0.8925009122364016, 344.9995449640075]
 ± [0.12620295447970448, 0.07667115515309413, 150.59382714080692]
Retrieved eccentricity:
[0.09983760557715923, 0.05915740122768264, 0.05030763762702558]
 ± [0.03315013030648808, 0.025539947692845646, 0.05265980007883628]
