Global Fit Results.
chi^2: 879.2218757278679
per 3 range=[1826.25 - 8035.5, length=300]
mu_1: 3.4640500261329386e-6 ± 8.528720401697347e-8
P_1: 224.7007909499227 ± 1.918324782522944e-6
t01: 3503.769334828197 ± 3.883397498209735e-5
ecos1: -0.09673775757068286 ± 0.008190609237704276
esin1: -0.05508006766165867 ± 0.0035311251642534255
mu_2: 2.587921288591407e-6 ± 4.7663119607825585e-8
P_2: 365.25647766067726 ± 4.056834228177774e-6
t02: 3624.4084292291072 ± 5.1251365517855716e-5
ecos2: -0.06261199376417056 ± 0.006464527544556569
esin2: -0.040875539848723066 ± 0.002722507241780984
mu_3: 0.0004255680079204157 ± 3.467629348221902e-5
P_3: 4209.214806110036 ± 16.500255263541582
t03: 1542.6728465401072 ± 50.302486711963304
ecos3: -0.0858871310021545 ± 0.017053430063888944
esin3: 0.13188504819577174 ± 0.015576361092780442
Retrieved Earth masses:
[1.15324535134015, 0.8615661359353922, 141.67934155419525]
 ± [0.02839366372291501, 0.01586792070074595, 11.54436972860886]
Retrieved eccentricity:
[0.11131939450705391, 0.07477346802876728, 0.1573857211102147]
