Global Fit Results.
per 3 range=[1826.25 - 5478.75, length=200]
mu_1: 3.6490192474133154e-6 ± 2.446835227921752e-7
P_1: 224.70077748436506 ± 7.950913536722635e-6
t01: 3503.7688049104627 ± 0.00013391646787330405
ecos1: -0.09305348076856941 ± 0.019644692659539272
esin1: -0.02814805318307348 ± 0.0100259999305164
mu_2: 2.532467289306091e-6 ± 1.3145928083558524e-7
P_2: 365.2564168050096 ± 1.9947507667286655e-5
t02: 3624.40778553704 ± 0.00020063940784587606
ecos2: -0.05930779740172298 ± 0.015166532603542808
esin2: -0.02054923436724067 ± 0.007867031503827629
mu_3: 0.000784054405911387 ± 0.00021597990550065982
P_3: 4469.113284441074 ± 101.03002043059192
t03: 1245.766984489356 ± 156.28350800863512
ecos3: 0.007983314531749358 ± 0.03125248476160421
esin3: 0.0936500863379295 ± 0.029761468366960784
Retrieved Earth masses:
[1.214824974317112, 0.8431044894792057, 261.02599327194866]
 ± [0.08145960164571206, 0.043765189119800506, 71.90364461323227]
Retrieved eccentricity:
[0.13159749452893482, 0.08387389143999244, 0.011290111683490157]
 ± [0.027781790787771626, 0.021448716102103967, 0.044197687807719155]
