Global Fit Results.
per 3 range=[1826.25 - 5478.75, length=200]
mu_1: 3.6426537230023275e-6 ± 2.0505771655708053e-7
P_1: 224.70077446070465 ± 3.6013578777212756e-6
t01: 3503.7688228690326 ± 9.967793625786593e-5
ecos1: -0.08203120921274235 ± 0.018688184221457654
esin1: -0.06537126882509442 ± 0.008803785118382257
mu_2: 2.5888566304003212e-6 ± 1.1828369614697939e-7
P_2: 365.25645864227187 ± 7.87109162116862e-6
t02: 3624.4074688082596 ± 0.00013422220441460206
ecos2: -0.049478919382316515 ± 0.014779295705326803
esin2: -0.05048157640133399 ± 0.006816027004166284
mu_3: 0.00039809588379390037 ± 7.390067241292129e-5
P_3: 4225.774991666722 ± 41.985521912562504
t03: 1451.3286147599747 ± 136.75173291570542
ecos3: -0.0867645771074494 ± 0.039377798285265636
esin3: 0.12057481527103543 ± 0.03725824827226453
Retrieved Earth masses:
[1.2127057752927235, 0.8618775282608226, 132.53337102798102]
 ± [0.06826744896634003, 0.0393787969838054, 24.602879946353887]
Retrieved eccentricity:
[0.116009648606525, 0.06997375884203702, 0.12270364167892112]
 ± [0.026429083582112295, 0.020901080428795602, 0.05568861639141467]
