Global Fit Results.
chi^2: 6.728571789482311
per 4 range=[547.875 - 1826.25, length=200]
mu_1: 2.490496602067695e-6 ± 8.438215953048137e-7
P_1: 224.7007748052595 ± 9.469263006107145e-6
t01: 3503.7688167051897 ± 0.0002637095541334593
ecos1: 0.005292274551144913 ± 0.01800935376094829
esin1: -0.0014219762014700298 ± 0.020887698944842572
mu_2: 3.14555110365392e-6 ± 2.815475375565512e-7
P_2: 365.25645243320616 ± 2.1674322950026367e-5
t02: 3624.407554648581 ± 0.0003665077083103497
ecos2: 0.017269621840630568 ± 0.014024220636633795
esin2: 0.0010293100184449984 ± 0.016715471337658952
mu_3: 8.311667173795963e-5 ± 2.5888256329844198e-5
P_3: 1733.7827099258386 ± 7.941888083291632
t03: 729.3220349882074 ± 37.84295517448406
ecos3: 0.28314974371319385 ± 0.05156509443871732
esin3: 0.005789227788587349 ± 0.05453842345442915
mu_4: 0.0007865681999372882 ± 0.00035413713583919013
P_4: 4225.822173609264 ± 109.62302654861053
t04: 631.6683002007723 ± 288.11879756396155
ecos4: 0.013973098859442128 ± 0.05418424111292781
esin4: -0.03615730142324807 ± 0.03752389100425028
Retrieved Earth masses:
[0.8291316832018479, 1.0472112585918372, 27.6710539910051, 261.86288109190707]
 ± [0.280923579279845, 0.09373230363847473, 8.618672086564514, 117.89870312565398]
Retrieved eccentricity:
[0.007484406446031121, 0.02442293342407436, 0.40043420774166477, 0.01976094591540308]
 ± [0.025469072338307978, 0.019833243026040153, 0.07292405590028349, 0.07662808864879635]
