Global Fit Results.
per 3 range=[1826.25 - 5478.75, length=200]
mu_1: 3.6490313303157604e-6 ± 8.156035959148704e-8
P_1: 224.70077748379438 ± 2.650303632788522e-6
t01: 3503.7688049196863 ± 4.463899771630939e-5
ecos1: -0.09305229767808677 ± 0.006548097802173769
esin1: -0.02814827035307405 ± 0.0033419945509365286
mu_2: 2.532471072004928e-6 ± 4.3819135130902804e-8
P_2: 365.256416802514 ± 6.649211095841468e-6
t02: 3624.4077855603814 ± 6.68800757034127e-5
ecos2: -0.05930684996023505 ± 0.0050554037217387235
esin2: -0.020549459920648785 ± 0.002622337876514927
mu_3: 0.00078406998589418 ± 7.199435330277944e-5
P_3: 4469.1330171080035 ± 33.6774202765882
t03: 1245.736702764662 ± 52.09603310259094
ecos3: 0.007984389120801731 ± 0.010417325332091817
esin3: 0.09364861090676463 ± 0.009920304016114913
Retrieved Earth masses:
[1.214828996935426, 0.8431057488085502, 261.0311801320097]
 ± [0.027152929329232432, 0.01458818825023521, 23.968231591001985]
Retrieved eccentricity:
[0.13159582138632878, 0.08387255155539067, 0.011291631381902001]
 ± [0.0092604087195796, 0.007149420506554323, 0.014732322768297055]
