Global Fit Results.
chi^2: 148.11885859476067
per 4 range=[547.875 - 1826.25, length=500]
mu_1: 4.26364207985803e-6 ± 6.289557369266427e-8
P_1: 224.70076888579896 ± 2.528898241461795e-6
t01: 3503.7697614340173 ± 4.30913667666184e-5
ecos1: -0.029777959665379376 ± 0.002716429417422159
esin1: -0.02977110296883798 ± 0.002079346683062988
mu_2: 2.7300016644367287e-6 ± 4.006690932360399e-8
P_2: 365.25632254845544 ± 8.74174909794972e-6
t02: 3624.4099136955556 ± 9.374574672409635e-5
ecos2: -0.014405116026843277 ± 0.0020971374863677254
esin2: -0.018702679314676753 ± 0.00148827759295131
mu_3: 2.8178925833016696e-6 ± 3.4386367473188416e-7
P_3: 878.3450328410389 ± 0.6851686971960399
t03: 370.3442223957563 ± 7.57970890078149
ecos3: 0.2192692263112399 ± 0.02157893479409904
esin3: -0.22372816806016516 ± 0.029656286566441308
mu_4: 0.0021479010487833543 ± 0.00019567766123990867
P_4: 5753.773036878784 ± 135.53645341241364
t04: -576.3465296351909 ± 200.35225563752607
ecos4: 0.048248336347003186 ± 0.004196016521703218
esin4: 0.03563594337873431 ± 0.004404109411218897
Retrieved Earth masses:
[1.4194441105873978, 0.9088672810470855, 0.9381277688695316, 715.0753831385272]
 ± [0.02093908212460477, 0.013339003932225644, 0.11447848079202888, 65.14465769362913]
Retrieved eccentricity:
[0.042107546281089744, 0.023607151062643175, 0.31326232903221424, 0.059981850761258663]
