Global Fit Results.
chi^2: 180.3430778113902
per 3 range=[1826.25 - 8035.5, length=300]
mu_1: 4.620014728750538e-6 ± 3.1327431518518897e-7
P_1: 224.70077858667355 ± 4.300802914067076e-6
t01: 3503.7693559606923 ± 0.00010508950527216762
ecos1: -0.009622403121512371 ± 0.01734456378614484
esin1: -0.05243591237263087 ± 0.008492030510286
mu_2: 2.9698575979935328e-6 ± 1.386797784316869e-7
P_2: 365.2564550116794 ± 8.959142516409654e-6
t02: 3624.408578709319 ± 0.00013811493264524342
ecos2: 0.0073017935954009395 ± 0.013604370886086846
esin2: -0.04128135902934294 ± 0.006689917196368991
mu_3: 0.00042007180160767276 ± 0.00010668856686678212
P_3: 4234.990566177925 ± 52.56022285412141
t03: 826.1857368257007 ± 192.4495454204455
ecos3: -0.11287012274224334 ± 0.05881626787877544
esin3: -0.04592770155650579 ± 0.04155741316696161
Retrieved Earth masses:
[1.5380870567283518, 0.9887196903018474, 139.84955435933387]
 ± [0.10429472581402129, 0.04616902429084241, 35.51856724125076]
Retrieved eccentricity:
[0.0533114954600142, 0.041922151579079914, 0.12185654835958773]
