Global Fit Results.
per 3 range=[1826.25 - 5478.75, length=200]
mu_1: 3.829647068738143e-6 ± 2.3005391210406345e-7
P_1: 224.70077942010104 ± 4.870349780167859e-6
t01: 3503.768746814515 ± 0.00011010267001395824
ecos1: -0.06711367645885943 ± 0.019048408399901566
esin1: -0.05579811956487048 ± 0.009166076202669626
mu_2: 2.678666023690918e-6 ± 1.305734001142163e-7
P_2: 365.2564794236166 ± 1.0440070315233365e-5
t02: 3624.4072679048427 ± 0.0001469820171263242
ecos2: -0.03814865006361244 ± 0.01509737158813425
esin2: -0.0422653333614344 ± 0.007089650462070626
mu_3: 0.0004310351328718018 ± 9.517415988795602e-5
P_3: 4211.023300819411 ± 51.73570284585804
t03: 1318.3242634510302 ± 169.91104910031103
ecos3: -0.10962308309893505 ± 0.05369473033223072
esin3: 0.07562995193047294 ± 0.038447134284795154
Retrieved Earth masses:
[1.2749592661703102, 0.8917767111645644, 143.49944703414417]
 ± [0.07658913776941077, 0.0434702632913473, 31.685211423178583]
Retrieved eccentricity:
[0.09491307146883893, 0.05395033830618595, 0.15503045086766676]
 ± [0.02693851750076238, 0.021350907656125687, 0.07593581586380668]
