Global Fit Results.
per 3 range=[1826.25 - 5478.75, length=200]
mu_1: 3.4692781152570176e-6 ± 9.348294164622645e-7
P_1: 224.70078827897115 ± 2.1122313260431906e-5
t01: 3503.768652957654 ± 0.0004277605401860561
ecos1: -0.09909570811823476 ± 0.08961618508235451
esin1: -0.052308865330071286 ± 0.03839206039670817
mu_2: 2.594534832494812e-6 ± 5.220415829989882e-7
P_2: 365.2564726272759 ± 4.463003161820158e-5
t02: 3624.4073299013767 ± 0.0005640883551982015
ecos2: -0.06421894134608214 ± 0.07056417251408004
esin2: -0.038947151319533635 ± 0.02967103305693179
mu_3: 0.00044989341405212867 ± 0.0004055417761813434
P_3: 4218.971446180679 ± 181.05067147494813
t03: 1542.975481131972 ± 527.5948036372793
ecos3: -0.06700673420593607 ± 0.17144545008092116
esin3: 0.12707491816804387 ± 0.16102343818550915
Retrieved Earth masses:
[1.1549858774391528, 0.8637679051664794, 149.77771234249934]
 ± [0.31122174064981534, 0.1737971519631662, 135.01224423062462]
Retrieved eccentricity:
[0.14014249439377321, 0.09081929781287167, 0.09476183228436398]
 ± [0.1267364243516032, 0.09979280978704677, 0.24246048071159815]
