Global Fit Results.
per 3 range=[1826.25 - 5478.75, length=200]
mu_1: 3.829647068738143e-6 ± 9.202156484162538e-7
P_1: 224.70077942010104 ± 1.9481399120671438e-5
t01: 3503.768746814515 ± 0.00044041068005583296
ecos1: -0.06711367645885943 ± 0.07619363359960626
esin1: -0.05579811956487048 ± 0.036664304810678505
mu_2: 2.678666023690918e-6 ± 5.222936004568651e-7
P_2: 365.2564794236166 ± 4.176028126093346e-5
t02: 3624.4072679048427 ± 0.0005879280685052969
ecos2: -0.03814865006361244 ± 0.060389486352537
esin2: -0.0422653333614344 ± 0.028358601848282504
mu_3: 0.0004310351328718018 ± 0.00038069663955182407
P_3: 4211.023300819411 ± 206.94281138343217
t03: 1318.3242634510302 ± 679.6441964012441
ecos3: -0.10962308309893505 ± 0.21477892132892287
esin3: 0.07562995193047294 ± 0.15378853713918061
Retrieved Earth masses:
[1.2749592661703102, 0.8917767111645644, 143.49944703414417]
 ± [0.3063565510776431, 0.1738810531653892, 126.74084569271433]
Retrieved eccentricity:
[0.09491307146883893, 0.05395033830618595, 0.15503045086766676]
 ± [0.10775407000304953, 0.08540363062450275, 0.30374326345522673]
