Global Fit Results.
chi^2: 7.2386655360798535
per 4 range=[547.875 - 1826.25, length=200]
mu_1: 5.392364081591745e-6 ± 6.97490015560381e-7
P_1: 224.70080531666412 ± 7.689704148020765e-6
t01: 3503.768445492664 ± 0.0001280940622585116
ecos1: 0.0019290482306655629 ± 0.031127869229660262
esin1: -0.00792474983087343 ± 0.009688648238140122
mu_2: 3.0287319824003964e-6 ± 2.237087740212123e-7
P_2: 365.2564937458407 ± 1.856846792640305e-5
t02: 3624.4070910577275 ± 0.00018040822001010246
ecos2: 0.015745512238082154 ± 0.024344203177669183
esin2: -0.0021344917083277555 ± 0.0077466948099542575
mu_3: 6.021553273249686e-7 ± 1.4655839704965097e-7
P_3: 626.2000649956047 ± 0.8612503152616979
t03: 173.07155574530802 ± 13.886160312218314
ecos3: 0.08938605547868145 ± 0.0796114473742413
esin3: -0.16922413116620913 ± 0.04971781227668658
mu_4: 9.777725146022222e-6 ± 8.977275005259057e-5
P_4: 3545.7679098218277 ± 68.26559828981998
t04: 27.33670034841852 ± 14152.797079034628
ecos4: -8.701679914454344 ± 81.16365232532418
esin4: -1.4091366104974965 ± 12.562286836146768
Retrieved Earth masses:
[1.7952162246257994, 1.0083200452672818, 0.20046847672042725, 3.2551828022875893]
 ± [0.2322071309544965, 0.07447672572499574, 0.048791959937730875, 29.886983702353188]
Retrieved eccentricity:
[0.0027280861702790615, 0.02226751695360733, 0.1264109719449852, 12.306033750450887]
 ± [0.04402145483236169, 0.03442790229902596, 0.11258758859680398, 114.78273789020804]
