Global Fit Results.
chi^2: 331.9710958919565
per 4 range=[547.875 - 1826.25, length=200]
mu_1: 2.682261367575413e-6 ± 1.228875471986101e-7
P_1: 224.7007818212931 ± 1.624791298256789e-6
t01: 3503.7687048181124 ± 3.662610109664284e-5
ecos1: -0.004658471101845417 ± 0.0019716352243451868
esin1: -0.00612187657133688 ± 0.0025364874895301595
mu_2: 3.0850547114902013e-6 ± 3.6942628583916286e-8
P_2: 365.256468258126 ± 3.568815625179029e-6
t02: 3624.407414708405 ± 5.0123018494167536e-5
ecos2: 0.009815990194949999 ± 0.0015272112804648544
esin2: -0.0022089302227012654 ± 0.0020182300162051438
mu_3: 6.959064318643355e-5 ± 4.360421532023985e-6
P_3: 1732.1770916460423 ± 1.6323506479378096
t03: 160.7143675334987 ± 7.028501079140604
ecos3: 0.2979629610970618 ± 0.008793364948826711
esin3: 0.013390362258333472 ± 0.008464486849950487
mu_4: 0.0009094096087141499 ± 5.2633836560231816e-5
P_4: 4212.857219776351 ± 16.063492326588705
t04: 547.9975395474048 ± 44.36822806880776
ecos4: 0.03194193459733474 ± 0.006600465248233236
esin4: -0.053889892452830004 ± 0.004493041057712868
Retrieved Earth masses:
[0.8929736666328697, 1.0270709076992888, 23.167992709711996, 302.7590236288954]
 ± [0.04091150285799933, 0.012298873965237652, 1.451663753050307, 17.522762915767174]
Retrieved eccentricity:
[0.006588073012152924, 0.01388190646181961, 0.42138326066831167, 0.04517271711598518]
 ± [0.0027883132743214832, 0.0021598029054425774, 0.012435695969526931, 0.00933446747202374]
