Global Fit Results.
chi^2: 6.675553655399191
per 4 range=[547.875 - 1826.25, length=200]
mu_1: 2.5253192049314457e-6 ± 8.549251815841377e-7
P_1: 224.70077523267037 ± 1.0398618447129485e-5
t01: 3503.7688084736924 ± 0.0002722837360343325
ecos1: 0.004658480115724396 ± 0.018448889970420664
esin1: -0.0011190356803756304 ± 0.021655737694858936
mu_2: 3.136063932936696e-6 ± 2.928244580462764e-7
P_2: 365.2564521859669 ± 2.2265440266814655e-5
t02: 3624.407553273496 ± 0.00036771693135670186
ecos2: 0.0169192893293608 ± 0.014415900410202413
esin2: 0.0012764153015976585 ± 0.017253468791546593
mu_3: 8.177308320628278e-5 ± 2.6516308990570257e-5
P_3: 1733.0695766706142 ± 9.571996291831002
t03: 732.0441255815402 ± 42.4682051783882
ecos3: 0.28175302779667494 ± 0.05254915630741703
esin3: 0.00892988754729421 ± 0.05796917437970052
mu_4: 0.0007815806851542941 ± 0.0003607128803755092
P_4: 4215.707960566892 ± 124.250590923797
t04: 640.040106905688 ± 301.04072040397983
ecos4: 0.01388441476137283 ± 0.055912123459649785
esin4: -0.03780029581671145 ± 0.038606668290302855
Retrieved Earth masses:
[0.8407247619885928, 1.044052806651343, 27.223748895356692, 260.20244657311076]
 ± [0.2846201654039575, 0.09748659587851093, 8.827762257293863, 120.08788825892299]
Retrieved eccentricity:
[0.006588085759702826, 0.02392748843529643, 0.39845895314974134, 0.019635527661146658]
 ± [0.02609067040689787, 0.020387161873928115, 0.07431572954121284, 0.07907168329771562]
