Global Fit Results.
per 3 range=[1826.25 - 5478.75, length=200]
mu_1: 3.642589938539675e-6 ± 7.518792517189633e-7
P_1: 224.70077446092284 ± 1.3205009877395971e-5
t01: 3503.7688228637257 ± 0.0003654864984743231
ecos1: -0.08203806028465889 ± 0.06852614796961694
esin1: -0.06537185083185112 ± 0.03228108176520641
mu_2: 2.588823882029613e-6 ± 4.337075048483347e-7
P_2: 365.25645864327305 ± 2.8860316698827012e-5
t02: 3624.407468793282 ± 0.0004921463309177018
ecos2: -0.04948436624706026 ± 0.05419279320526477
esin2: -0.05048191130936448 ± 0.02499260309428049
mu_3: 0.0003980762353786741 ± 0.0002709580531145694
P_3: 4225.76604412439 ± 153.94683530279164
t03: 1451.3829560357478 ± 501.4250401344185
ecos3: -0.08677029107389801 ± 0.14438993861262903
esin3: 0.12058772653398625 ± 0.13662359671621802
Retrieved Earth masses:
[1.212684540283273, 0.8618666257317026, 132.5268297126565]
 ± [0.25031429837114266, 0.14438912834236378, 90.20687138037383]
Retrieved eccentricity:
[0.11601933748534618, 0.06998146187203004, 0.12271172244776768]
 ± [0.0969106078358178, 0.07664018313376596, 0.2041982094561986]
