Global Fit Results.
chi^2: 181.32454198044127
per 4 range=[547.875 - 1826.25, length=500]
mu_1: 2.17321333533148e-6 ± 1.3690156570799704e-7
P_1: 224.70077407962475 ± 1.9369070672841905e-6
t01: 3503.7695548316383 ± 4.068766667821036e-5
ecos1: 0.002130305840892633 ± 0.002328143769584872
esin1: -0.004729994781518839 ± 0.0029190843047512127
mu_2: 3.0608171444789467e-6 ± 3.710536976375589e-8
P_2: 365.25645356871667 ± 3.6853611396860527e-6
t02: 3624.408673658636 ± 5.39549389207595e-5
ecos2: 0.014284378319738696 ± 0.0018176065284237633
esin2: -0.0011605255601872112 ± 0.002342130206051758
mu_3: 1.79368486810879e-7 ± 5.519971742202725e-8
P_3: 688.5727043435294 ± 1.305845057332595
t03: 348.8821605593592 ± 20.98674564512782
ecos3: -0.0072677564060602586 ± 0.07128015551353252
esin3: -0.22169980223455904 ± 0.06240572009054505
mu_4: 0.001039685146972642 ± 6.452538264710643e-5
P_4: 4346.074160294541 ± 19.651545431680017
t04: 381.42711124122553 ± 47.85398997230805
ecos4: 0.02434902494771963 ± 0.005884856344541285
esin4: -0.03277955782135235 ± 0.004417324081602954
tsin: 7.057219489121494e-5 ± 6.47714213988627e-5
tcos: -0.00184714876526204 ± 7.676376907791347e-5
dphi: 2.313444859463312 ± 0.002744159848872136
Retrieved Earth masses:
[0.7235023043934731, 1.019001780154174, 0.059715036454737615, 346.13012328292103]
 ± [0.04557702488499707, 0.012353053468335404, 0.018376991392156008, 21.48167521249421]
Retrieved eccentricity:
[0.005187586491706593, 0.014331443875523105, 0.22181889593544643, 0.040833496383092825]
