Global Fit Results.
chi^2: 5.316402398268806
per 4 range=[547.875 - 1826.25, length=200]
mu_1: 2.4904903236884513e-6 ± 9.493029386462303e-7
P_1: 224.70077480525813 ± 1.0652932230456686e-5
t01: 3503.768816705339 ± 0.00029667323106878185
ecos1: 0.0052924611751335475 ± 0.020260575458819922
esin1: -0.001422389284048187 ± 0.02349828210469761
mu_2: 3.145552457220333e-6 ± 3.1674159107822144e-7
P_2: 365.2564524332496 ± 2.4384004015509204e-5
t02: 3624.4075546477343 ± 0.0004123266858791983
ecos2: 0.01726976501437977 ± 0.015777270027781072
esin2: 0.0010289690653977174 ± 0.0188046370172176
mu_3: 8.311676027547954e-5 ± 2.9124410618424822e-5
P_3: 1733.7828997720417 ± 8.934456405236675
t03: 729.3209571223458 ± 42.57314179234802
ecos3: 0.28315005214989303 ± 0.05801053705525998
esin3: 0.005787890389813883 ± 0.061355535114141664
mu_4: 0.0007865648391295952 ± 0.0003984012525326086
P_4: 4225.82215884551 ± 123.32966402733294
t04: 631.6727220427016 ± 324.13973863790216
ecos4: 0.01397241589818532 ± 0.06095750711923687
esin4: -0.036156955125869576 ± 0.04221376577289806
Retrieved Earth masses:
[0.8291295930150371, 1.0472117092187512, 27.671083466758187, 261.861762217809]
 ± [0.31604023981993573, 0.10544904511521143, 9.69604679575466, 132.63503384338586]
Retrieved eccentricity:
[0.007484670372206911, 0.02442313590233226, 0.4004346439370279, 0.01975998006233113]
 ± [0.02865278059534663, 0.02231242925051053, 0.08203928826409565, 0.08620693329647927]
