Global Fit Results.
chi^2: 10.10093505728249
per 4 range=[547.875 - 1826.25, length=200]
mu_1: 2.352684842824355e-6 ± 7.063123509307304e-7
P_1: 224.70077656479629 ± 8.627528541947295e-6
t01: 3503.7687942145744 ± 0.00021092893125888228
ecos1: 0.005416264018950083 ± 0.012975842846672907
esin1: -0.0024929603074935417 ± 0.015086316252068051
mu_2: 3.1599820589887964e-6 ± 2.24497961991143e-7
P_2: 365.2564611815196 ± 1.839737541091959e-5
t02: 3624.407481730954 ± 0.0002822912338561542
ecos2: 0.017135805214494232 ± 0.010168683097338083
esin2: 0.00023638928090325472 ± 0.012071701207535987
mu_3: 8.431068745117992e-5 ± 2.0701080164621723e-5
P_3: 1732.948823681945 ± 7.183383605206145
t03: 735.7527279602951 ± 31.709412786216806
ecos3: 0.28409099127404625 ± 0.03851565456763978
esin3: 0.014879609130340633 ± 0.04199426101900678
mu_4: 0.0008889512109992251 ± 0.00029464320661120593
P_4: 4233.890630660466 ± 89.1595437632833
t04: 610.0794433991662 ± 210.27037034265985
ecos4: 0.030480282793362574 ± 0.03492219811130116
esin4: -0.03747029856196404 ± 0.024878930342479445
Retrieved Earth masses:
[0.7832516383097681, 1.052015586482541, 28.06856357092176, 295.94805038006405]
 ± [0.23514424709804632, 0.07473946077523753, 6.891766656794121, 98.09209040426495]
Retrieved eccentricity:
[0.007659754032992614, 0.024233688136521346, 0.4017653328077728, 0.04310562931134064]
 ± [0.018350612936986734, 0.014380689547729569, 0.05446936105323342, 0.04938744619688218]
