Global Fit Results.
chi^2: 21.847764049010475
per 4 range=[547.875 - 1826.25, length=500]
mu_1: 4.442253722912362e-6 ± 4.936525291063866e-7
P_1: 224.7007916696236 ± 8.392134381198045e-6
t01: 3503.7693802974945 ± 0.00013136771149659048
ecos1: 0.10170368932021623 ± 0.02432033328508986
esin1: 0.026680974365115757 ± 0.019785768707563933
mu_2: 3.89470005609987e-6 ± 2.674388544828061e-7
P_2: 365.25646122352003 ± 2.1578721597904394e-5
t02: 3624.408411080963 ± 0.00019995517797155699
ecos2: 0.09410792890121199 ± 0.01894369423858061
esin2: 0.022159837395847266 ± 0.015737013082929973
mu_3: 3.9952160523654956e-5 ± 9.367628985593947e-6
P_3: 1737.91062516693 ± 11.161099376058633
t03: 719.5403383408573 ± 36.451500680635206
ecos3: 0.6010489397104692 ± 0.09723844479381728
esin3: 0.07029777892206526 ± 0.11515161765362682
mu_4: 0.0003107600606962838 ± 5.0507052904742784e-5
P_4: 3883.4260012670566 ± 90.38741369139824
t04: 4691.773857319705 ± 111.01391818869911
ecos4: -0.11381925105006249 ± 0.051606728500217254
esin4: -0.20606036196363578 ± 0.048598006536839766
Retrieved Earth masses:
[1.478907179969679, 1.2966165906026166, 13.30080196657424, 103.45768469754155]
 ± [0.16434591881595434, 0.08903526605368797, 3.1186543205830928, 16.81471789750946]
Retrieved eccentricity:
[0.10514520823325725, 0.09668174944365643, 0.605145937479923, 0.23540538371537248]
