Global Fit Results.
chi^2: 1394.6539269876082
per 3 range=[1826.25 - 8035.5, length=300]
mu_1: 3.5317937757938407e-6 ± 6.842974021188849e-8
P_1: 224.70077496848864 ± 1.1993105368750515e-6
t01: 3503.769535143511 ± 3.3219546550767435e-5
ecos1: -0.09142515268264334 ± 0.006567180169383897
esin1: -0.0661212767838304 ± 0.0030108782923594247
mu_2: 2.536994134884364e-6 ± 3.943180451837158e-8
P_2: 365.25645927317584 ± 2.6141258222241223e-6
t02: 3624.4086563267574 ± 4.464529211953134e-5
ecos2: -0.05701151896025583 ± 0.005181249911747142
esin2: -0.05107049062324745 ± 0.002329180207216722
mu_3: 0.00041604383371906747 ± 2.5796282685475883e-5
P_3: 4247.409248109619 ± 13.147384361375213
t03: 1464.3065093585715 ± 42.819129994233606
ecos3: -0.07597245521412668 ± 0.012066498352655494
esin3: 0.1285080624952615 ± 0.012450257076175053
Retrieved Earth masses:
[1.1757984795540632, 0.8446115588286647, 138.50857047981782]
 ± [0.022781506963648564, 0.01312756597413538, 8.588052385055185]
Retrieved eccentricity:
[0.11282987984824124, 0.07654089303538872, 0.14928541816784557]
