Global Fit Results.
chi^2: 363.633662020194
per 4 range=[547.875 - 1826.25, length=200]
mu_1: 2.352672448102832e-6 ± 1.177206817710496e-7
P_1: 224.70077656478082 ± 1.4379243173726147e-6
t01: 3503.768794215223 ± 3.515487434670595e-5
ecos1: 0.005416475969188535 ± 0.002162646707318503
esin1: -0.0024932223846450296 ± 0.002514303482203218
mu_2: 3.1599840020651047e-6 ± 3.74163979277844e-8
P_2: 365.256461181476 ± 3.066218174255816e-6
t02: 3624.407481732144 ± 4.704838536175137e-5
ecos2: 0.017135948405027076 ± 0.001694784303645127
esin2: 0.00023616282040098377 ± 0.002011885333047239
mu_3: 8.431092032952571e-5 ± 3.4502719100394427e-6
P_3: 1732.9489593814176 ± 1.1972350280504356
t03: 735.7522353827262 ± 5.284907354039847
ecos3: 0.2840914836690847 ± 0.006419264907672364
esin3: 0.014878690752246196 ± 0.006998997630587689
mu_4: 0.0008889520197029972 ± 4.910747826227958e-5
P_4: 4233.8925112134875 ± 14.859988712881856
t04: 610.0793884469651 ± 35.0446894099356
ecos4: 0.030480269203402296 ± 0.005820384866038204
esin4: -0.037470016497663315 ± 0.0041465115391406526
Retrieved Earth masses:
[0.7832475118812032, 1.0520162333680372, 28.068641100364946, 295.94831961228033]
 ± [0.03919135924275651, 0.012456600409515742, 1.1486583655243627, 16.348774005793764]
Retrieved eccentricity:
[0.00766005377589438, 0.024233890638514898, 0.40176602915951426, 0.0431056100922345]
 ± [0.0030584443041113446, 0.0023967869475119805, 0.009078211492895932, 0.008231267215782339]
