Global Fit Results.
chi^2: 5.18704837715469
per 4 range=[547.875 - 1826.25, length=200]
mu_1: 2.682288832674556e-6 ± 9.830674731102835e-7
P_1: 224.70078182134904 ± 1.2998328031537028e-5
t01: 3503.768704817195 ± 0.00029300904552897366
ecos1: -0.004658499203837295 ± 0.015773192124656492
esin1: -0.006121386838801457 ± 0.02029298931055483
mu_2: 3.085053690271656e-6 ± 2.9554041535088e-7
P_2: 365.2564682579222 ± 2.8550725190802343e-5
t02: 3624.407414713285 ± 0.0004009859060987502
ecos2: 0.00981599307876641 ± 0.012217784593970365
esin2: -0.0022085444814789836 ± 0.016146766502513222
mu_3: 6.958973956464703e-5 ± 3.488218724618904e-5
P_3: 1732.1766703890464 ± 13.058784227600933
t03: 160.71642808002485 ± 56.226458525912236
ecos3: 0.29796367872631035 ± 0.07034811317056842
esin3: 0.013392622737102384 ± 0.06771576496991517
mu_4: 0.0009094134062525621 ± 0.000421072750434681
P_4: 4212.8620710653695 ± 128.50527428633114
t04: 547.9811139998028 ± 354.9609907429265
ecos4: 0.03194249533038717 ± 0.052804120420315334
esin4: -0.053890471573350765 ± 0.03594560493993915
Retrieved Earth masses:
[0.892982810264651, 1.0270705677170335, 23.1676918775598, 302.76028789860493]
 ± [0.3272810683637148, 0.09839078753635168, 11.612915512987563, 140.18278845611894]
Retrieved eccentricity:
[0.006588112754370969, 0.01388191054015189, 0.4213842755493277, 0.045173510112272795]
 ± [0.022306662224605707, 0.01727855667494595, 0.09948725573317523, 0.07467630324759204]
