Global Fit Results.
chi^2: 5.274511531508647
per 4 range=[547.875 - 1826.25, length=200]
mu_1: 2.5253154257126704e-6 ± 9.617881767141419e-7
P_1: 224.70077523265556 ± 1.1698444724537595e-5
t01: 3503.7688084743027 ± 0.00030631926212797806
ecos1: 0.004658380107355233 ± 0.02075497734948983
esin1: -0.0011188855211388927 ± 0.02436239348040746
mu_2: 3.1360631765707543e-6 ± 3.294263188023892e-7
P_2: 365.2564521857196 ± 2.5048444010881754e-5
t02: 3624.4075532777483 ± 0.0004136805721002575
ecos2: 0.016919211399020667 ± 0.016217892740288006
esin2: 0.0012765555634754394 ± 0.01940995084352599
mu_3: 8.177314143411852e-5 ± 2.983100492440847e-5
P_3: 1733.0695999138038 ± 10.768357045807416
t03: 732.0439062794582 ± 47.77643842550283
ecos3: 0.2817531218988029 ± 0.05911806269770224
esin3: 0.008929097554325187 ± 0.06521518570263064
mu_4: 0.0007815881923857375 ± 0.000405803109446287
P_4: 4215.712688723335 ± 139.7773858729401
t04: 640.0281616892189 ± 338.6707151990193
ecos4: 0.013885513378207025 ± 0.06290012705398217
esin4: -0.03780035085509709 ± 0.04343302189776627
Retrieved Earth masses:
[0.840723503817824, 1.0440525548433437, 27.223768280463826, 260.20494586720247]
 ± [0.32019680299124414, 0.10967202202678984, 9.931284910825632, 135.09924683470743]
Retrieved eccentricity:
[0.0065879443265108055, 0.023927378225152493, 0.39845908623024695, 0.019637081339973425]
 ± [0.029351970454394912, 0.022935563866427457, 0.08360556604831347, 0.0889542127547324]
