Global Fit Results.
chi^2: 63.85945199267051
per 3 range=[1826.25 - 8035.5, length=300]
mu_1: 5.602850084609723e-6 ± 4.211229624153777e-7
P_1: 224.7007860629244 ± 8.278388235149523e-6
t01: 3503.7694849765467 ± 0.0001313969658895363
ecos1: 0.03197609629407081 ± 0.01599711107164331
esin1: -0.008431961657126246 ± 0.008606250498751496
mu_2: 3.312765829639519e-6 ± 1.697143045242456e-7
P_2: 365.2563906384733 ± 2.4034845345281138e-5
t02: 3624.409072392356 ± 0.00024215778705712223
ecos2: 0.04261967242392034 ± 0.012526310611360062
esin2: -0.00562330090119219 ± 0.006798121204588017
mu_3: 0.0007127548553698865 ± 0.00016147961021763452
P_3: 4525.130582346161 ± 130.81002001839278
t03: 4590.452854014077 ± 102.56690840112766
ecos3: -0.03356008031820487 ± 0.0377865869188774
esin3: -0.08544631152742907 ± 0.025598117832404118
Retrieved Earth masses:
[1.8652908490311622, 1.1028800866871935, 237.28907417600254]
 ± [0.14019950493910363, 0.05650098332067265, 53.75950359111808]
Retrieved eccentricity:
[0.033069150451666224, 0.04298904500622949, 0.09180060536078626]
