Global Fit Results.
per 3 range=[1826.25 - 5478.75, length=200]
mu_1: 3.642610560707722e-6 ± 6.83524188805519e-8
P_1: 224.70077446086015 ± 1.200452997798307e-6
t01: 3503.768822865223 ± 3.3226018105300974e-5
ecos1: -0.08203582105074447 ± 0.006229485414561693
esin1: -0.06537176046698223 ± 0.0029346186936907155
mu_2: 2.5888347947298285e-6 ± 3.942801472293369e-8
P_2: 365.25645864296445 ± 2.6236742428340343e-6
t02: 3624.4074687978596 ± 4.474051999482694e-5
ecos2: -0.0494825869282884 ± 0.004926496140005236
esin2: -0.050481878349754546 ± 0.0022720302478348785
mu_3: 0.00039808140091387144 ± 2.4632703722617106e-5
P_3: 4225.768866863858 ± 13.994978741108428
t03: 1451.3665537732704 ± 45.582920233674706
ecos3: -0.0867690703312062 ± 0.013126212193156492
esin3: 0.12058421509432381 ± 0.012419972076142588
Retrieved Earth masses:
[1.2126914057786484, 0.861870258768379, 132.52854941341386]
 ± [0.02275576528403925, 0.013126304282203018, 8.200675753739013]
Retrieved eccentricity:
[0.11601617073037508, 0.06997894553529109, 0.12270999605689675]
 ± [0.008809822759878528, 0.006967117656174107, 0.018563267306149]
