Global Fit Results.
chi^2: 178.89199785455082
per 3 range=[1826.25 - 8035.5, length=300]
mu_1: 3.7577601522614678e-6 ± 2.57951273813303e-7
P_1: 224.70078375925058 ± 4.8105981206088355e-6
t01: 3503.7694579252598 ± 0.00010870281533773555
ecos1: -0.07527146678188452 ± 0.0221094892563497
esin1: -0.06392540996648538 ± 0.009877739435620914
mu_2: 2.5290387361690366e-6 ± 1.3375282543920571e-7
P_2: 365.25649273924114 ± 1.0146085731401071e-5
t02: 3624.4080896408773 ± 0.0001410835328428865
ecos2: -0.04595513825872563 ± 0.01750508048251047
esin2: -0.04855594757599678 ± 0.007662875409108457
mu_3: 0.00022745274870216562 ± 6.67845569411955e-5
P_3: 4079.592012753689 ± 45.99740186370241
t03: 1375.8735861404932 ± 219.93168794935826
ecos3: -0.3718949545187933 ± 0.14701843000779427
esin3: 0.043058346952830735 ± 0.07916926959484583
Retrieved Earth masses:
[1.2510268022556792, 0.8419630616888153, 75.7231630927507]
 ± [0.08587667763261266, 0.04452875189524037, 22.233795485836186]
Retrieved eccentricity:
[0.09875348981620637, 0.06685472890814483, 0.37437932426730736]
