Global Fit Results. Per=[4017.75 - 4383.0, length=50]
mu_1: 2.5422135357590187e-6 ± 1.4588669599234094e-7
P_1: 224.700780146263 ± 3.537021880320164e-6
t01: 3503.7653473546297 ± 9.839409420232389e-5
ecos1: -0.00263436336068544 ± 0.007551359099603765
esin1: 0.007069471508864153 ± 0.007516869634984296
mu_2: 3.025604930187904e-6 ± 1.0473426090071637e-7
P_2: 365.25645401432104 ± 7.892919753203092e-6
t02: 3624.4021707527036 ± 0.00013408369671843355
ecos2: 0.012059220191321472 ± 0.0059901896134242644
esin2: 0.008296770612447822 ± 0.005980922343466887
mu_3: 0.0007712343997522875 ± 0.00014259035708062494
P_3: 4210.121018107714 ± 39.72018349354295
t03: 604.0057490374056 ± 113.36669868296934
ecos3: 0.016165000393743047 ± 0.022693869253826805
esin3: -0.04249085879444217 ± 0.012858002044656855
Retrieved Earth masses: [0.8463491924511778, 1.0072789926265149, 256.757979705286] ± [0.04856833842072357, 0.03486794318748163, 47.47092715422928]
Retrieved eccentricities:[0.003725552392900115, 0.017054312746210297, 0.022860762792597838] ± [0.010679234453009128, 0.008471407392491042, 0.03209397768148366]
