Global Fit Results. Per=[584.4 - 1095.75, length=10]
mu_1: 2.7904589823599054e-6 ± 2.5259582560495175e-7
P_1: 224.7008078911799 ± 1.0225937796591769e-5
t01: 3503.7596168770624 ± 0.0017305921299865235
ecos1: 0.04508995361844588 ± 0.017121003971718503
esin1: -0.04546489356848166 ± 0.01130196346097122
mu_2: 3.3112768699201508e-6 ± 1.5592929526704564e-7
P_2: 365.25645204745325 ± 7.675698352675938e-6
t02: 3624.402218618444 ± 0.00013139330296058443
ecos2: 0.05027293897938576 ± 0.013550434629221942
esin2: -0.03431918486828897 ± 0.008880062112786219
mu_3: -8.165680667906135e-7 ± 2.2067725059371066e-7
P_3: 672.5155499008779 ± 0.459858884709565
t03: 534.6051783446624 ± 9.427866133761032
ecos3: 0.234789081417476 ± 0.05175130843414658
esin3: -0.013095420184981705 ± 0.0928275015544997
Retrieved Earth masses: [0.9289946234132206, 1.1023843848752277, -0.27185038321468763] ± [0.08409375137461092, 0.051911702645129454, 0.0734674763568081]
Retrieved eccentricities:[0.06376682393397998, 0.07109667212500237, 0.33204190323771543] ± [0.024212756018247933, 0.019163208428695712, 0.07318740225812323]
