mu_1: 2.236281696274554e-6
P_1: 224.70077361265334
t01: 2.4335037654539524e6
e1 cos(om1): -0.00687170207485131
e1 sin(om1): 0.001481680727799394
mu_2: 2.996695758169993e-6
P_2: 365.2564512246292
t02: 2.4336244023064803e6
e2 cos(om2): 0.007671375497769181
e2 sin(om2): 0.004531071228067964
mu_3: 0.001240420704968141
P_3: 4343.3467204059425
t03: 2.4434141059010765e6
e3 cos(om3): 0.03287750920847318
e3 sin(om3): -0.023954078946145204
