mu_1: 2.236353792724217e-6
P_1: 224.7007736098815
t01: 2.4335037654541167e6
e1 cos(om1): -0.006847428685691671
e1 sin(om1): 0.001473221665754211
mu_2: 2.9968927737385297e-6
P_2: 365.25645119618514
t02: 2.433624402307452e6
e2 cos(om2): 0.007691333622177397
e2 sin(om2): 0.00452160730275483
mu_3: 0.0012402284457243271
P_3: 4343.988766769564
t03: 2.4390704413283374e6
e3 cos(om3): 0.032821489415250135
e3 sin(om3): -0.023910394955834864
