mu_1: 2.517547898140458e-6
P_1: 224.70076783859423
t01: 2.4335037652929407e6
e1 cos(om1): -0.02330628845977316
e1 sin(om1): 0.018815193749175688
mu_2: 2.5222933140246466e-6
P_2: 365.25649185421946
t02: 2.4336244021070246e6
e2 cos(om2): 0.0006683876702132798
e2 sin(om2): 0.01234488847907821
mu_3: 0.001538455820787179
P_3: 4172.913076649465
t03: 2.4388225038181767e6
e3 cos(om3): 0.09161716595025932
e3 sin(om3): -0.0366259277468811
