mu_1: 2.334128612755526e-6
P_1: 224.70077145037496
t01: 2.433503765504397e6
e1 cos(om1): 0.002511337314208427
e1 sin(om1): 0.0006895176773859432
mu_2: 3.0294676840730613e-6
P_2: 365.256466350598
t02: 2.4336244020006373e6
e2 cos(om2): 0.01437097291812438
e2 sin(om2): 0.003370390618424967
mu_3: 0.0010100775373213535
P_3: 4289.633349874849
t03: 2.4434180022722348e6
e3 cos(om3): 0.03514134955650859
e3 sin(om3): -0.03262667138916715
