mu_1: 2.02221486852916e-6
P_1: 224.7008570068715
t01: 2.433503764679388e6
e1 cos(om1): -0.016605082523401486
e1 sin(om1): -0.0036964625888533335
mu_2: 2.728661337405813e-6
P_2: 365.2569241973109
t02: 2.433624399872246e6
e2 cos(om2): -0.005439537578853804
e2 sin(om2): -0.0022290323093763988
mu_3: 0.0031355159687684628
P_3: 4838.297010104658
t03: 2.439736385135983e6
e3 cos(om3): 0.0447814773804817
e3 sin(om3): -0.028202718381843947
