mu_1: 2.236293467781324e-6
P_1: 224.70077361174722
t01: 2.4335037654539985e6
e1 cos(om1): -0.006862130019070872
e1 sin(om1): 0.0014725146152230325
mu_2: 2.996777118923702e-6
P_2: 365.25645121776586
t02: 2.4336244023066927e6
e2 cos(om2): 0.007679556372531956
e2 sin(om2): 0.004522807260345528
mu_3: 0.0012402519786224064
P_3: 4343.361366795386
t03: 2.443414235792582e6
e3 cos(om3): 0.03286410069219122
e3 sin(om3): -0.023945660323045785
