mu_1: 2.9396402950384565e-6
P_1: 224.70076122738286
t01: 2.4335037653394737e6
e1 cos(om1): -0.03930963705210617
e1 sin(om1): 0.009733089206460698
mu_2: 2.111357234576621e-6
P_2: 365.25642348219276
t02: 2.4336244029917154e6
e2 cos(om2): -0.021443238856075318
e2 sin(om2): 0.0042900898994998726
mu_3: -0.002963980758483416
P_3: 3945.0323398401165
t03: 2.437704173088647e6
e3 cos(om3): 0.11733293400223874
e3 sin(om3): 0.009368207015745708
