mu_1: 2.3869278004129023e-6
P_1: 224.70078678773024
t01: 2.433503765292443e6
e1 cos(om1): 0.00995272860669696
e1 sin(om1): 0.03434142498584773
mu_2: 3.0052380759239154e-6
P_2: 365.25641375383344
t02: 2.4336244026863487e6
e2 cos(om2): 0.020830100444884946
e2 sin(om2): 0.02916266187330766
mu_3: -0.0008735217272908771
P_3: 4481.75880499633
t03: 2.4381772331630103e6
e3 cos(om3): 0.07092340779365194
e3 sin(om3): 0.10364496324761617
