mu_1: 7.289710283720468e-6
P_1: 224.70121662944578
t01: 2.43350376194957e6
e1 cos(om1): 0.17773499232634205
e1 sin(om1): -0.07284261726193994
mu_2: 2.367628564019784e-6
P_2: 365.25787654652044
t02: 2.433624394072102e6
e2 cos(om2): 0.13789763934642732
e2 sin(om2): -0.06265875240006179
mu_3: -0.00033147922667044384
P_3: 4600.820066680217
t03: 2.4407865561901615e6
e3 cos(om3): 1.211467509785263
e3 sin(om3): 0.9882757430449723
