mu_1: 2.4844128946587768e-6
P_1: 224.70078620967718
t01: 2.4335037652676497e6
e1 cos(om1): 0.0003960501578125244
e1 sin(om1): 0.023574736248352147
mu_2: 2.900845290869312e-6
P_2: 365.2564552111353
t02: 2.4336244022541298e6
e2 cos(om2): 0.013916597285104354
e2 sin(om2): 0.02083847541610946
mu_3: -0.0011527590983098717
P_3: 4247.176412201281
t03: 2.4380618510025768e6
e3 cos(om3): 0.08230518976648737
e3 sin(om3): 0.07542431043837321
