mu_1: 2.909470819790273e-6
P_1: 224.70079111370737
t01: 2.4335037650754997e6
e1 cos(om1): 0.0173313842262665
e1 sin(om1): 0.038622492066699786
mu_2: 3.0499372119939226e-6
P_2: 365.2564238740301
t02: 2.433624402595045e6
e2 cos(om2): 0.027607774891937206
e2 sin(om2): 0.033189691186537223
mu_3: 0.0007726106315504364
P_3: 4179.048786903498
t03: 2.4388047122241436e6
e3 cos(om3): 0.04455082676333283
e3 sin(om3): -0.059965002617173704
