mu_1: 2.2363455630863985e-6
P_1: 224.7007736077734
t01: 2.4335037654542485e6
e1 cos(om1): -0.006840071632139517
e1 sin(om1): 0.0014645523640566102
mu_2: 2.9969790512874904e-6
P_2: 365.2564511703264
t02: 2.4336244023083323e6
e2 cos(om2): 0.0076982662879573885
e2 sin(om2): 0.004513078746689688
mu_3: 0.0012405201806024164
P_3: 4344.6620072413425
t03: 1714.66111343667
e3 cos(om3): 0.0327988957799943
e3 sin(om3): -0.02387220939600195
