mu_1: 2.425723337403408e-6
P_1: 224.70078091738873
t01: 2.4335037653781795e6
e1 cos(om1): 0.0038516566877874214
e1 sin(om1): -0.0015574060790646905
mu_2: 3.0665553939126643e-6
P_2: 365.2564639158994
t02: 2.4336244021768537e6
e2 cos(om2): 0.016519469554329907
e2 sin(om2): 0.001387212180804036
mu_3: 0.0009413137863123032
P_3: 4220.815262809864
t03: 2.4390054496543068e6
e3 cos(om3): 0.04085077003891106
e3 sin(om3): -0.0469935912141971
