mu_1: 2.5215205811826664e-6
P_1: 224.70078346908252
t01: 2.433503765302735e6
e1 cos(om1): 0.006161867999272646
e1 sin(om1): 0.005314524354452827
mu_2: 3.051481058678173e-6
P_2: 365.25645491366447
t02: 2.4336244022645648e6
e2 cos(om2): 0.01845649348989097
e2 sin(om2): 0.0069263903471189344
mu_3: 0.0009470362507146334
P_3: 4199.149921733206
t03: 2.4389602119879485e6
e3 cos(om3): 0.0465025684009707
e3 sin(om3): -0.04756984748579583
