mu_1: 2.7895916855163802e-6
P_1: 224.7008003788273
t01: 2.4335037648147657e6
e1 cos(om1): -0.06811132705674976
e1 sin(om1): 0.017953651031321145
mu_2: 2.6054350210654388e-6
P_2: 365.2564680889638
t02: 2.433624401561689e6
e2 cos(om2): -0.03503389323372502
e2 sin(om2): 0.019438770356606423
mu_3: 0.0012349134956321523
P_3: 3906.8568642275523
t03: 2.4388448925224054e6
e3 cos(om3): 0.07343000780859633
e3 sin(om3): -0.03570031325539798
