mu_1: 2.256798871533447e-6
P_1: 224.70077227593467
t01: 2.4335037654576804e6
e1 cos(om1): 0.0027659249285806628
e1 sin(om1): -0.0005856376790350659
mu_2: 3.008674274435608e-6
P_2: 365.2564738429371
t02: 2.4336244017787725e6
e2 cos(om2): 0.01382188784148542
e2 sin(om2): 0.0026274542484899617
mu_3: 0.0011416884117956129
P_3: 4264.765914462391
t03: 2.4434711585813668e6
e3 cos(om3): 0.05088276312554127
e3 sin(om3): -0.028333986227237744
