mu_1: 2.0217756082369023e-6
P_1: 224.70085685219803
t01: 2.433503764680577e6
e1 cos(om1): -0.01659775700451237
e1 sin(om1): -0.003694197826619041
mu_2: 2.7288648173331757e-6
P_2: 365.2569233224644
t02: 2.433624399875462e6
e2 cos(om2): -0.005423512788853636
e2 sin(om2): -0.002230120970015288
mu_3: 0.0031299249560756406
P_3: 4835.64024443165
t03: 2.439733778929717e6
e3 cos(om3): 0.04483281193457354
e3 sin(om3): -0.028236980626010013
