mu_1: 2.0433656476567108e-6
P_1: 224.70099948755495
t01: 2.4335037633253084e6
e1 cos(om1): -0.015081210119849352
e1 sin(om1): 0.00863334767138794
mu_2: 2.3637907219024347e-6
P_2: 365.2577560086651
t02: 2.43362439476839e6
e2 cos(om2): -0.013393917245410737
e2 sin(om2): 0.0012454469191025693
mu_3: 0.006757279408178351
P_3: 4917.258650270842
t03: 2.434976608040876e6
e3 cos(om3): 0.05182400069095496
e3 sin(om3): -0.030214279554539522
