mu_1: 2.3285061637197402e-6
P_1: 224.70079192988698
t01: 2.433503765260011e6
e1 cos(om1): 0.01198869679460756
e1 sin(om1): 0.022695450634964316
mu_2: 3.070734390617417e-6
P_2: 365.2564347489759
t02: 2.433624402418507e6
e2 cos(om2): 0.022084729036973175
e2 sin(om2): 0.021012031979841157
mu_3: -0.0008544747591131799
P_3: 4345.628688368918
t03: 2.438183658428662e6
e3 cos(om3): 0.07531599474719604
e3 sin(om3): 0.1053329227816786
