mu_1: 2.2362762868943984e-6
P_1: 224.70077361197554
t01: 2.4335037654539766e6
e1 cos(om1): -0.006859616929806469
e1 sin(om1): 0.0014719055704217909
mu_2: 2.9967977993999118e-6
P_2: 365.25645122357065
t02: 2.433624402306502e6
e2 cos(om2): 0.0076818176057519135
e2 sin(om2): 0.0045216507135054556
mu_3: 0.0012397897705647798
P_3: 4343.327226328525
t03: 2.443414327155171e6
e3 cos(om3): 0.03281803340470817
e3 sin(om3): -0.023937069044124876
