mu_1: 2.6867552870323782e-6
P_1: 224.7007729758997
t01: 2.4335037652943176e6
e1 cos(om1): -0.03621950407583411
e1 sin(om1): 0.014406757726108513
mu_2: 2.3557148562754173e-6
P_2: 365.2564385376129
t02: 2.433624402673021e6
e2 cos(om2): -0.01900359204132651
e2 sin(om2): 0.010455478378961163
mu_3: -0.0021836328208822142
P_3: 3967.7189036029545
t03: 2.4377313663803213e6
e3 cos(om3): 0.10720811901033035
e3 sin(om3): 0.019342660220353747
