mu_1: 2.236345563086399e-6
P_1: 224.7007736077734
t01: 2.4335037654542485e6
e1 cos(om1): -0.006840071632139212
e1 sin(om1): 0.0014645523640563277
mu_2: 2.9969790512874933e-6
P_2: 365.2564511703264
t02: 2.4336244023083323e6
e2 cos(om2): 0.007698266287957652
e2 sin(om2): 0.004513078746689486
mu_3: 0.0012405201806024188
P_3: 4344.6620072413425
t03: 1714.6611134366738
e3 cos(om3): 0.032798895779994654
e3 sin(om3): -0.023872209396001636
