mu_1: 2.5422313984480438e-6
P_1: 224.70078014584388
t01: 2.4335037653473667e6
e1 cos(om1): -0.002624863774226022
e1 sin(om1): 0.007072028256193394
mu_2: 3.0256782430824024e-6
P_2: 365.2564540070658
t02: 2.433624402170869e6
e2 cos(om2): 0.012067109122877576
e2 sin(om2): 0.0082981607508544
mu_3: 0.0007711930769993921
P_3: 4210.196147459622
t03: 2.4390243473498696e6
e3 cos(om3): 0.016148612871042585
e3 sin(om3): -0.04246994605519169
