mu_1: 2.3793069742121368e-6
P_1: 224.7007778053008
t01: 2.43350376533696e6
e1 cos(om1): -0.004018328620184934
e1 sin(om1): 0.01604197388232783
mu_2: 2.8383937495886675e-6
P_2: 365.2563791706899
t02: 2.4336244031518768e6
e2 cos(om2): 0.011696072315349528
e2 sin(om2): 0.013387832041377586
mu_3: 0.0013586379587657797
P_3: 4742.003549083844
t03: 2.4392882945494596e6
e3 cos(om3): 0.05703605680745738
e3 sin(om3): -0.022209413457278282
