mu_1: 2.0154165607255643e-6
P_1: 224.70096124379194
t01: 2.4335037637072173e6
e1 cos(om1): -0.016431330342434426
e1 sin(om1): 0.005006077373170722
mu_2: 2.4807486291951195e-6
P_2: 365.2575432805299
t02: 2.4336243962438293e6
e2 cos(om2): -0.011665865783164895
e2 sin(om2): 0.00101356188971846
mu_3: 0.005686622260913828
P_3: 4962.060265043318
t03: 2.4349453651208566e6
e3 cos(om3): 0.047530246128422236
e3 sin(om3): -0.03070278097126894
