mu_1: 2.0314663623969464e-6
P_1: 224.7009889334561
t01: 2.4335037634347947e6
e1 cos(om1): -0.015772155971479143
e1 sin(om1): 0.007077228574228292
mu_2: 2.416991134021425e-6
P_2: 365.25770322986114
t02: 2.4336243952361704e6
e2 cos(om2): -0.012719208028898433
e2 sin(om2): 0.0013856052972419457
mu_3: 0.006416644932909643
P_3: 4965.883637757088
t03: 2.4349599651338984e6
e3 cos(om3): 0.048963508913432034
e3 sin(om3): -0.03084477006823404
