mu_1: 2.1930998426160355e-6
P_1: 224.70077371399412
t01: 2.4335037653697417e6
e1 cos(om1): 0.007340593583636321
e1 sin(om1): 0.0019934336342508152
mu_2: 2.9718698466364965e-6
P_2: 365.2564876535679
t02: 2.433624401355437e6
e2 cos(om2): 0.015240651039131964
e2 sin(om2): 0.004735402857720211
mu_3: 0.0013795186654595216
P_3: 4197.605906642587
t03: 2.443493926559801e6
e3 cos(om3): 0.07520300895847884
e3 sin(om3): -0.029805216507583308
