mu_1: 2.5724934138624435e-6
P_1: 224.7007788378354
t01: 2.4335037652711067e6
e1 cos(om1): -0.03290339792521682
e1 sin(om1): 0.01904394932356823
mu_2: 2.4839947325677444e-6
P_2: 365.25644442306054
t02: 2.4336244025321086e6
e2 cos(om2): -0.01627724888400912
e2 sin(om2): 0.015315639613717583
mu_3: -0.00179923871003082
P_3: 4000.534811495257
t03: 2.4377587538844887e6
e3 cos(om3): 0.09898069415231497
e3 sin(om3): 0.028062204519044957
