mu_1: 2.547478632795474e-6
P_1: 224.7007901478246
t01: 2.433503765088664e6
e1 cos(om1): -0.04313769742853949
e1 sin(om1): 0.022533671347194164
mu_2: 2.7766894055600193e-6
P_2: 365.25646784405717
t02: 2.433624401801272e6
e2 cos(om2): -0.018596284728241437
e2 sin(om2): 0.02154160167280005
mu_3: 0.0008488271343182844
P_3: 4003.4257015037742
t03: 2.4388756385593065e6
e3 cos(om3): 0.0419357102436851
e3 sin(om3): -0.05146264480473209
