mu_1: 2.333893876751641e-6
P_1: 224.70077144935593
t01: 2.4335037655044543e6
e1 cos(om1): 0.0025062595177952523
e1 sin(om1): 0.0006770068904725206
mu_2: 3.0294759771877516e-6
P_2: 365.2564663390844
t02: 2.4336244020009455e6
e2 cos(om2): 0.014368301649789791
e2 sin(om2): 0.0033621694134351567
mu_3: 0.0010106492814830506
P_3: 4289.894478267039
t03: 2.4434182907985253e6
e3 cos(om3): 0.03518077542934741
e3 sin(om3): -0.03258591480568665
