mu_1: 2.0100468664979505e-6
P_1: 224.70088851797746
t01: 2.4335037643943136e6
e1 cos(om1): -0.017072047820289527
e1 sin(om1): -0.0005675599465584295
mu_2: 2.6383844683468532e-6
P_2: 365.2571110189846
t02: 2.433624398773326e6
e2 cos(om2): -0.008091616903532616
e2 sin(om2): -0.0009487442935159864
mu_3: 0.0038643842453883015
P_3: 4873.091961842951
t03: 2.4397897963909865e6
e3 cos(om3): 0.04593433034641943
e3 sin(om3): -0.029293146802236374
