mu_1: 2.571070963671875e-6
P_1: 224.7007858057038
t01: 2.433503765201385e6
e1 cos(om1): -0.01957718526398113
e1 sin(om1): 0.01853945219839455
mu_2: 2.91541780710936e-6
P_2: 365.2564621161515
t02: 2.4336244019656098e6
e2 cos(om2): -0.0006481117833831147
e2 sin(om2): 0.01783137441684062
mu_3: 0.000739489435177736
P_3: 4108.950434608145
t03: 2.4389673813768937e6
e3 cos(om3): 0.018328918226371414
e3 sin(om3): -0.0486841624221297
