mu_1: 2.3874283110649603e-6
P_1: 224.70078674762746
t01: 2.43350376529311e6
e1 cos(om1): 0.010167730595771524
e1 sin(om1): 0.034355002246053395
mu_2: 3.0069766880788836e-6
P_2: 365.25641348415087
t02: 2.433624402689239e6
e2 cos(om2): 0.021012617089335824
e2 sin(om2): 0.02916297405553262
mu_3: -0.0008714855173209802
P_3: 4484.204208578527
t03: 2.438179335417772e6
e3 cos(om3): 0.07090326859531136
e3 sin(om3): 0.10402113529810439
