mu_1: 8.692157684462763e-6
P_1: 224.70143845085002
t01: 2.4335037601451543e6
e1 cos(om1): 0.19532680601805374
e1 sin(om1): -0.10584413186038408
mu_2: 1.8419720689777437e-6
P_2: 365.25876909443804
t02: 2.4336243892915e6
e2 cos(om2): 0.14792358802487415
e2 sin(om2): -0.09008662663291378
mu_3: -0.0005767153974142624
P_3: 4614.317365880801
t03: 2.440538218062408e6
e3 cos(om3): 1.0727663254715858
e3 sin(om3): 0.7759589549034424
