mu_1: 2.3343426287032532e-6
P_1: 224.7007714497039
t01: 2.4335037655044314e6
e1 cos(om1): 0.002535714100712245
e1 sin(om1): 0.0006978538559469871
mu_2: 3.029597743282406e-6
P_2: 365.25646634007063
t02: 2.43362440200093e6
e2 cos(om2): 0.014389986833252613
e2 sin(om2): 0.0033780421835085893
mu_3: 0.0010099641610294627
P_3: 4289.861927975055
t03: 2.4434180486817877e6
e3 cos(om3): 0.03513806002641128
e3 sin(om3): -0.0326317028563955
