mu_1: 2.598140386250379e-6
P_1: 224.70079366008835
t01: 2.4335037649954036e6
e1 cos(om1): -0.05561653326417255
e1 sin(om1): 0.02082900091889013
mu_2: 2.699361752986811e-6
P_2: 365.25646895197525
t02: 2.433624401706956e6
e2 cos(om2): -0.027416380413735994
e2 sin(om2): 0.020712243342754764
mu_3: 0.000976680931707995
P_3: 3952.339492866422
t03: 2.442800965151172e6
e3 cos(om3): 0.05682258181520843
e3 sin(om3): -0.04657493349372931
