mu_1: 2.462805128393423e-6
P_1: 224.70078442963342
t01: 2.433503765251252e6
e1 cos(om1): -0.0253626580244176
e1 sin(om1): 0.027787516103739827
mu_2: 2.641310484074077e-6
P_2: 365.2564441134918
t02: 2.433624402455395e6
e2 cos(om2): -0.009812137867667802
e2 sin(om2): 0.023320892503406153
mu_3: -0.001374764884221251
P_3: 4100.085172887502
t03: 2.4378240237270533e6
e3 cos(om3): 0.0847909299248814
e3 sin(om3): 0.04494031753969408
