mu_1: 2.3669580018306276e-6
P_1: 224.70077104374727
t01: 2.433503765527489e6
e1 cos(om1): 0.0022315381512994018
e1 sin(om1): 0.001705101341767788
mu_2: 3.0392577817024503e-6
P_2: 365.2564627363832
t02: 2.433624402106588e6
e2 cos(om2): 0.0144876745350835
e2 sin(om2): 0.003953939869780342
mu_3: 0.0009613493111367567
P_3: 4295.676773594519
t03: 2.443381669287772e6
e3 cos(om3): 0.028066243188624326
e3 sin(om3): -0.035905433509699276
