mu_1: 2.474560432204617e-6
P_1: 224.70079240810702
t01: 2.433503765208107e6
e1 cos(om1): 0.0036407899966228808
e1 sin(om1): 0.010369904616680064
mu_2: 2.9157048929436102e-6
P_2: 365.25644575263277
t02: 2.4336244023538604e6
e2 cos(om2): 0.01796070901327006
e2 sin(om2): 0.0089468558240744
mu_3: 0.00096381930480674
P_3: 4291.082112666769
t03: 2.438946962034171e6
e3 cos(om3): 0.04982293689990464
e3 sin(om3): -0.0581376568864273
