mu_1: 2.0415849294748945e-6
P_1: 224.70082749330174
t01: 2.433503764937009e6
e1 cos(om1): -0.014886340920249335
e1 sin(om1): -0.006876194872770907
mu_2: 2.8307323689481174e-6
P_2: 365.25674766170664
t02: 2.4336244008944766e6
e2 cos(om2): -0.0016123950151506533
e2 sin(om2): -0.0036855338137494545
mu_3: 0.002446863071091188
P_3: 4775.053056610337
t03: 2.4396509360954133e6
e3 cos(om3): 0.04372816189993494
e3 sin(om3): -0.027294674344658057
