mu_1: 2.334458983570928e-6
P_1: 224.70077144986305
t01: 2.433503765504429e6
e1 cos(om1): 0.0025496797774909753
e1 sin(om1): 0.0007019278779658066
mu_2: 3.029688312259462e-6
P_2: 365.2564663399168
t02: 2.4336244020009497e6
e2 cos(om2): 0.014401150466989972
e2 sin(om2): 0.003381241413271258
mu_3: 0.001009783239354823
P_3: 4289.870149986628
t03: 2.443418059320937e6
e3 cos(om3): 0.03512805893909153
e3 sin(om3): -0.03263055255374769
