mu_1: 2.0080186556078818e-6
P_1: 224.70092533716448
t01: 2.4335037640520292e6
e1 cos(om1): -0.016921221116864626
e1 sin(om1): 0.002432413695344936
mu_2: 2.554971050344235e-6
P_2: 365.2573296151816
t02: 2.433624397506765e6
e2 cos(om2): -0.010146576458874398
e2 sin(om2): 0.00020999106414318718
mu_3: 0.00476073759498237
P_3: 4923.4779870939
t03: 2.4398549484360702e6
e3 cos(om3): 0.04661805744481418
e3 sin(om3): -0.030147091674910323
