mu_1: 2.2362762868944514e-6
P_1: 224.70077361197554
t01: 2.4335037654539766e6
e1 cos(om1): -0.006859616929799898
e1 sin(om1): 0.001471905570421684
mu_2: 2.996797799399951e-6
P_2: 365.25645122357065
t02: 2.433624402306502e6
e2 cos(om2): 0.007681817605757081
e2 sin(om2): 0.004521650713505458
mu_3: 0.001239789770564779
P_3: 4343.327226328526
t03: 2.443414327155171e6
e3 cos(om3): 0.03281803340470229
e3 sin(om3): -0.023937069044128623
