mu_1: 2.538808479958904e-6
P_1: 224.70080062609455
t01: 2.433503765178256e6
e1 cos(om1): 0.016238742261715393
e1 sin(om1): 0.004603217572122241
mu_2: 3.0636044874647285e-6
P_2: 365.256429063204
t02: 2.43362440243691e6
e2 cos(om2): 0.026616475639138857
e2 sin(om2): 0.005299829599704189
mu_3: 0.00077391162958019
P_3: 4322.687180591957
t03: 2.4389810847975235e6
e3 cos(om3): 0.021457457710039034
e3 sin(om3): -0.07026798925169536
