mu_1: 2.0758969747870695e-6
P_1: 224.70227678804477
t01: 2.433503752808701e6
e1 cos(om1): 0.0058146143410808745
e1 sin(om1): -0.021505895974620708
mu_2: 2.243026639797326e-6
P_2: 365.26329287018007
t02: 2.433624366793828e6
e2 cos(om2): -0.006441375217765873
e2 sin(om2): -0.02024034720198998
mu_3: 0.009755510962113786
P_3: 5581.544147817503
t03: 2.441565461821836e6
e3 cos(om3): -0.13145350584387003
e3 sin(om3): 0.09690309066622348
