mu_1: 2.2012065263845953e-6
P_1: 224.7007730459146
t01: 2.433503765412501e6
e1 cos(om1): 0.004203203810789178
e1 sin(om1): 3.596825766389019e-5
mu_2: 2.990459439314238e-6
P_2: 365.25648105926234
t02: 2.4336244015603415e6
e2 cos(om2): 0.013980045523047203
e2 sin(om2): 0.00318443796124998
mu_3: 0.0012756070881123028
P_3: 4231.6547372616915
t03: 2.443493530191978e6
e3 cos(om3): 0.06459185273163427
e3 sin(om3): -0.027779628840447528
