mu_1: 3.964171467379105e-6
P_1: 224.70077276944707
t01: 2.433503768808897e6
e1 cos(om1): -0.010795630177801097
e1 sin(om1): -0.08860865447568717
mu_2: 2.932843416370477e-6
P_2: 365.2564488749989
t02: 2.433624407615266e6
e2 cos(om2): 0.005540340214064233
e2 sin(om2): -0.06891175889987482
mu_3: 0.0003311690820773912
P_3: 4362.304126092185
t03: 1205.7083941229096
e3 cos(om3): -0.22161163155765187
e3 sin(om3): 0.12653369248268384
