mu_1: 2.542060938894428e-6
P_1: 224.70078014751826
t01: 2.4335037653473243e6
e1 cos(om1): -0.002658390717242162
e1 sin(om1): 0.007085553141872685
mu_2: 3.0254602933672823e-6
P_2: 365.2564540213358
t02: 2.433624402170656e6
e2 cos(om2): 0.012039815941107994
e2 sin(om2): 0.008310511609352067
mu_3: 0.000771633701052382
P_3: 4210.047744735873
t03: 2.4390240513944956e6
e3 cos(om3): 0.016250528671481097
e3 sin(om3): -0.0424903497339783
