mu_1: 2.077402176201834e-6
P_1: 224.70078195384423
t01: 2.4335037653786717e6
e1 cos(om1): 0.007768747511844044
e1 sin(om1): 0.016366067569299897
mu_2: 3.0085876523804164e-6
P_2: 365.2564110689722
t02: 2.433624402709317e6
e2 cos(om2): 0.019238831074353938
e2 sin(om2): 0.014273212387822096
mu_3: -7.4933325630399075e-6
P_3: 1193.1754643305446
t03: 2.4380213035780205e6
e3 cos(om3): 0.08643417903667355
e3 sin(om3): -0.04275677714547753
mu_4: 0.0008706009287252054
P_4: 4552.996451313202
t04: 2.4392263295820327e6
e4 cos(om4): 0.029609247884595524
e4 sin(om4): 0.0013857832752096851
