mu_1: 2.4793990977083202e-6
P_1: 224.7007754026541
t01: 2.4335037654452813e6
e1 cos(om1): -0.005937379581466367
e1 sin(om1): 0.005916702731951085
mu_2: 2.978007845908744e-6
P_2: 365.25645480608574
t02: 2.433624402153979e6
e2 cos(om2): 0.008831394556988406
e2 sin(om2): 0.008152906422579813
mu_3: 3.990430715831121e-7
P_3: 687.2093949555316
t03: 2.4393524679692043e6
e3 cos(om3): -0.1026064073398701
e3 sin(om3): -0.0786189992360039
mu_4: 0.0010019970358555684
P_4: 4355.54544032635
t04: 2.4389782569167116e6
e4 cos(om4): 0.02640200314054838
e4 sin(om4): -0.045511204821507584
