mu_1: 2.3472016210133785e-6
P_1: 224.70078276273975
t01: 2.4335037653074455e6
e1 cos(om1): -0.005801830667642803
e1 sin(om1): 0.016983175966997655
mu_2: 2.9945258845516312e-6
P_2: 365.25645829683134
t02: 2.4336244022147255e6
e2 cos(om2): 0.008716710165170052
e2 sin(om2): 0.015333207151452316
mu_3: 2.4964296396670744e-6
P_3: 933.9953833377591
t03: 2.437965896628655e6
e3 cos(om3): 0.2973689218697671
e3 sin(om3): -0.07125243849326747
mu_4: 0.0007921764934101639
P_4: 4139.590242081278
t04: 2.4392606653365325e6
e4 cos(om4): 0.014743461082950413
e4 sin(om4): -0.012889011260433703
