Global Fit Results.
mu_1: 2.9380153697129415e-6 ± 2.4061017403274823e-7
P_1: 224.70077831626037 ± 3.5113966459931444e-6
t01: 3503.765429099878 ± 9.774426385899636e-5
ecos1: 0.03081019305418431 ± 0.018450419877057457
esin1: 0.01145750085890808 ± 0.010871916213170883
mu_2: 3.2595689949612596e-6 ± 1.578620786818413e-7
P_2: 365.25643295059126 ± 6.9814770802620574e-6
t02: 3624.402560434307 ± 0.00012197776972732114
ecos2: 0.038440262285722365 ± 0.014657453257259753
esin2: 0.010409974573520215 ± 0.008620978437966966
Retrieved Earth masses: [0.9781188325013329, 1.085169891442929] ± [0.08010350964768731, 0.05255516144954769]
Retrieved eccentricity:[0.043572192876560785, 0.05436274026564756] ± [0.02609283402161279, 0.02072876918626644]
