mu_1: 2.539319476017356e-6
P_1: 224.70080062907383
t01: 2.433503765178214e6
e1 cos(om1): 0.016265830155668508
e1 sin(om1): 0.004618135287497955
mu_2: 3.0636942669717346e-6
P_2: 365.2564290614916
t02: 2.4336244024369074e6
e2 cos(om2): 0.026636103281393982
e2 sin(om2): 0.005311374605791709
mu_3: 0.0007735974617407559
P_3: 4322.687180591957
t03: 2.438980815776737e6
e3 cos(om3): 0.021443312296503318
e3 sin(om3): -0.07034648008431582
