mu_1: 2.6930829550911786e-6
P_1: 224.70078734457758
t01: 2.433503765188208e6
e1 cos(om1): 0.01025157118172886
e1 sin(om1): 0.017992571324869984
mu_2: 3.0366346167645807e-6
P_2: 365.25644059029577
t02: 2.4336244024108853e6
e2 cos(om2): 0.021870723012289327
e2 sin(om2): 0.017020774379056653
mu_3: 0.0009057932409423018
P_3: 4179.048786903498
t03: 2.443069825277007e6
e3 cos(om3): 0.05010910172539325
e3 sin(om3): -0.05046173817601582
