mu_1: 2.0296852145516003e-6
P_1: 224.7009878066053
t01: 2.4335037634441005e6
e1 cos(om1): -0.015792588884435656
e1 sin(om1): 0.007053678316433586
mu_2: 2.417262372829148e-6
P_2: 365.2576984265742
t02: 2.4336243952589277e6
e2 cos(om2): -0.012725627203392428
e2 sin(om2): 0.0013604363781169332
mu_3: 0.006413305520637866
P_3: 4964.882964710494
t03: 2.4349602198422845e6
e3 cos(om3): 0.04916117560522551
e3 sin(om3): -0.03076909690312365
