mu_1: 2.5699095981084685e-6
P_1: 224.70078581182997
t01: 2.433503765201274e6
e1 cos(om1): -0.01973795544211729
e1 sin(om1): 0.018573405425980433
mu_2: 2.9145444722135503e-6
P_2: 365.25646220626044
t02: 2.4336244019642957e6
e2 cos(om2): -0.000778707457670634
e2 sin(om2): 0.01785823858337507
mu_3: 0.000740140015248764
P_3: 4107.817932524149
t03: 2.438966742751118e6
e3 cos(om3): 0.018488514756069628
e3 sin(om3): -0.0487144561124827
