mu_1: 2.0217980748431847e-6
P_1: 224.70085714605312
t01: 2.4335037646779665e6
e1 cos(om1): -0.016617611984271044
e1 sin(om1): -0.0036746158482948844
mu_2: 2.7285631963680306e-6
P_2: 365.25692530089816
t02: 2.4336243998667574e6
e2 cos(om2): -0.005448542458377754
e2 sin(om2): -0.0022103899593849405
mu_3: 0.0031395907273391722
P_3: 4838.42218758651
t03: 2.434898023703792e6
e3 cos(om3): 0.044797430339822614
e3 sin(om3): -0.02822032681669907
