mu_1: 2.4572961467091453e-6
P_1: 224.70077447944655
t01: 2.4335037652629856e6
e1 cos(om1): -0.016493321990798844
e1 sin(om1): 0.013586057461665671
mu_2: 2.5693997420322025e-6
P_2: 365.2563437515194
t02: 2.433624403716101e6
e2 cos(om2): 0.004844600473315511
e2 sin(om2): 0.011325901670717174
mu_3: 0.002716787494769472
P_3: 4917.139842419321
t03: 2.439443770975462e6
e3 cos(om3): 0.08786036815264059
e3 sin(om3): -0.003778817268140867
