mu_1: 2.542394959374104e-6
P_1: 224.7007801373338
t01: 2.4335037653475553e6
e1 cos(om1): -0.002612857534828995
e1 sin(om1): 0.007085911548211635
mu_2: 3.02577717380333e-6
P_2: 365.25645392393363
t02: 2.4336244021721375e6
e2 cos(om2): 0.012077345359394994
e2 sin(om2): 0.008310887157321119
mu_3: 0.0007718950105822851
P_3: 4210.971476429747
t03: 2.439024018393619e6
e3 cos(om3): 0.01622992787624371
e3 sin(om3): -0.04247773860020623
