mu_1: 3.1055298920771276e-6
P_1: 224.70079471966164
t01: 2.4335037649675338e6
e1 cos(om1): 0.02353336010448391
e1 sin(om1): 0.06276981150921401
mu_2: 3.0663315036187552e-6
P_2: 365.2564064735308
t02: 2.4336244027880384e6
e2 cos(om2): 0.03270034372728582
e2 sin(om2): 0.052215562504199585
mu_3: 0.0006629943625198159
P_3: 4183.861685605902
t03: 2.4387302017942923e6
e3 cos(om3): 0.037601356066646226
e3 sin(om3): -0.06954371869516215
