mu_1: 2.334148811920909e-6
P_1: 224.70077144768482
t01: 2.433503765504531e6
e1 cos(om1): 0.0025329381581703195
e1 sin(om1): 0.0006752626737449485
mu_2: 3.029644387539339e-6
P_2: 365.2564663162475
t02: 2.4336244020015425e6
e2 cos(om2): 0.01439075008892955
e2 sin(om2): 0.0033628880082405676
mu_3: 0.0010106235588589654
P_3: 4290.357369760001
t03: 2.4434184877512055e6
e3 cos(om3): 0.0351714868223327
e3 sin(om3): -0.03259507631618512
