mu_1: 2.5474702109459904e-6
P_1: 224.70079014742805
t01: 2.4335037650886807e6
e1 cos(om1): -0.04314700259170077
e1 sin(om1): 0.022491970033040574
mu_2: 2.7766112565353494e-6
P_2: 365.25646784344644
t02: 2.4336244018013068e6
e2 cos(om2): -0.018604158133659097
e2 sin(om2): 0.021510563662121965
mu_3: 0.0008491955321193431
P_3: 4003.395295006739
t03: 2.438875487766748e6
e3 cos(om3): 0.042005608451118386
e3 sin(om3): -0.051461649135729766
