mu_1: 2.067832919537785e-6
P_1: 224.70221179013106
t01: 2.433503753375252e6
e1 cos(om1): 0.005224578555428501
e1 sin(om1): -0.02194008975189141
mu_2: 2.233662612367246e-6
P_2: 365.26297672979814
t02: 2.4336243684067335e6
e2 cos(om2): -0.007213081494462825
e2 sin(om2): -0.02064876534611276
mu_3: 0.00920411577147904
P_3: 5548.112822147601
t03: 2.4359916756575224e6
e3 cos(om3): -0.13081338859913194
e3 sin(om3): 0.09943699439839941
