mu_1: 2.462339909357129e-6
P_1: 224.70078029269516
t01: 2.4335037652485287e6
e1 cos(om1): -0.012086661475639521
e1 sin(om1): 0.016283420556582388
mu_2: 2.7086689379955465e-6
P_2: 365.256469491961
t02: 2.4336244022295433e6
e2 cos(om2): 0.007448844132728437
e2 sin(om2): 0.012110142236846236
mu_3: 0.0012678783324556575
P_3: 4234.677753462309
t03: 2.4388773594622156e6
e3 cos(om3): 0.07724850305639364
e3 sin(om3): -0.04524969862177527
