mu_1: 2.3634609840132127e-6
P_1: 224.70078883563357
t01: 2.4335037652859357e6
e1 cos(om1): 0.010690359173357967
e1 sin(om1): 0.005130471689833529
mu_2: 3.0813984468254136e-6
P_2: 365.25644038865124
t02: 2.4336244023991176e6
e2 cos(om2): 0.021017176431405955
e2 sin(om2): 0.005999351831957981
mu_3: 0.0007399852821384377
P_3: 4322.687180591957
t03: 2.439010923512456e6
e3 cos(om3): 0.017259336722494956
e3 sin(om3): -0.06158427441650608
