mu_1: 1.794790364587963e-6
P_1: 224.7007767733935
t01: 2.4335037652020687e6
e1 cos(om1): -0.06981082157255371
e1 sin(om1): 0.0006567825900507946
mu_2: 2.4559243196141957e-6
P_2: 365.2564977664695
t02: 2.433624401025954e6
e2 cos(om2): -0.05097007664801718
e2 sin(om2): 0.0067531107345433295
mu_3: 0.0015489204647406735
P_3: 4122.414787374246
t03: 2.4406068348740246e6
e3 cos(om3): 0.08803096959785113
e3 sin(om3): 0.053765721384813225
