mu_1: 2.5982586740674797e-6
P_1: 224.7007936619529
t01: 2.4335037649953295e6
e1 cos(om1): -0.055595686709400516
e1 sin(om1): 0.020888141995268596
mu_2: 2.6994861395132333e-6
P_2: 365.2564689500618
t02: 2.433624401706937e6
e2 cos(om2): -0.0273990959266956
e2 sin(om2): 0.020758183564722442
mu_3: 0.0009758045172592084
P_3: 3952.4415650937126
t03: 2.4388487804190745e6
e3 cos(om3): 0.05672443277594084
e3 sin(om3): -0.0466303893896331
