mu_1: 2.3785594711271752e-6
P_1: 224.70078376151974
t01: 2.433503765311656e6
e1 cos(om1): 0.00601901410524697
e1 sin(om1): 0.01502278187589552
mu_2: 2.9937456370907186e-6
P_2: 365.25641496374135
t02: 2.4336244027063358e6
e2 cos(om2): 0.017922946536455348
e2 sin(om2): 0.013077850417342345
mu_3: 0.0008496106286596368
P_3: 4497.628438598749
t03: 2.439091239755678e6
e3 cos(om3): 0.028357488794318066
e3 sin(om3): -0.04970254629706098
