mu_1: 2.4003098708764006e-6
P_1: 224.70077553224286
t01: 2.433503765309635e6
e1 cos(om1): -0.011748489987679587
e1 sin(om1): 0.014198009430571276
mu_2: 2.695073292633086e-6
P_2: 365.256358506611
t02: 2.433624403461321e6
e2 cos(om2): 0.007222638694283044
e2 sin(om2): 0.011767581384309679
mu_3: 0.002042675259049415
P_3: 4858.360080553245
t03: 2.439395378536309e6
e3 cos(om3): 0.07686403722104843
e3 sin(om3): -0.009421027745896036
